Phases:
0,Not indexed,0
2,Iron,60696
1,Iron,310619
Map Size:
X,256
Y,192
Data:
X,Y,Phase,Euler1,Euler2,Euler3,Index Quality,Pattern Quality
0,0,1,131.219,33.2252,81.0377,91.52,54.4
1,0,1,131.288,33.2142,81.0663,92.09,54.65
2,0,1,131.359,33.2213,80.9823,93.46,55.73
3,0,1,131.122,33.2333,81.0989,93.43,56.14
4,0,1,131.244,33.1988,81.0996,91.95,56.41
5,0,1,131.3,33.2551,80.9934,93.38,55.94
6,0,1,131.213,33.2124,81.0693,93.77,55.74
7,0,1,131.253,33.2679,81.0567,91.62,56.87
8,0,1,131.334,33.2328,81.0205,93.32,56.11
9,0,1,131.231,33.2407,81.062,93.5,56.45
10,0,1,131.163,33.2246,81.0901,91.3,56.43
11,0,1,131.276,33.2515,81.0459,91.55,56.67
12,0,1,131.255,33.2012,81.0363,93.21,56.41
13,0,1,131.324,33.2372,81.0501,92.56,56.72
14,0,1,131.287,33.2475,81.0306,92.76,56.98
15,0,1,131.267,33.2405,81.0315,91.92,57.37
16,0,1,131.238,33.2153,81.0615,92.53,56.35
17,0,1,131.228,33.2237,81.0496,91.68,57.1
18,0,1,131.276,33.2074,81.0579,92.63,56.8
19,0,1,131.126,33.2518,81.0767,94.15,57.25
20,0,1,131.516,33.0639,80.8523,86.41,57.2
21,0,1,131.243,33.2652,81.0689,91.3,57.01
22,0,1,131.353,33.2004,80.9846,92.98,56.8
23,0,1,131.298,33.2272,81.0355,93.27,56.53
24,0,1,131.281,33.2171,81.0315,94.35,56.79
25,0,1,131.294,33.2002,81.0283,92.39,57.01
26,0,1,131.351,33.2134,81.0101,92.94,56.85
27,0,1,131.215,33.2205,81.0667,91.71,57.97
28,0,1,131.185,33.243,81.0693,92.45,56.59
29,0,1,131.27,33.228,81.0246,93.08,57.02
30,0,1,131.235,33.2434,81.0508,91.45,57.71
31,0,1,131.161,33.2265,81.0911,91.91,57.8
32,0,1,131.286,33.2028,81.0402,93.55,56.52
33,0,1,131.239,33.2314,81.0418,92.73,57.17
34,0,1,131.337,33.1762,80.9758,94.75,55.67
35,0,1,131.258,33.1737,81.0479,93.7,56.51
36,0,1,131.27,33.2119,81.0453,93.21,57.39
37,0,1,131.103,32.9654,81.0313,82.78,57.12
38,0,1,131.121,33.2257,81.12,91.87,58.23
39,0,1,131.228,33.2017,81.0451,92.44,55.91
40,0,1,131.204,33.1842,81.044,92.55,56.35
41,0,1,131.252,33.2194,81.0214,91.5,56.54
42,0,1,131.312,33.2197,81.0147,91.97,56.87
43,0,1,131.223,33.1971,81.0312,92.8,56.74
44,0,1,131.302,33.1924,80.998,92.27,56.65
45,0,1,131.302,33.1863,80.9957,90.39,56.65
46,0,1,131.29,33.1902,80.989,91.74,57.95
47,0,1,131.314,33.1843,80.9799,92.91,56.07
48,0,1,131.368,33.0938,80.9868,93.92,55.16
49,0,2,130.697,33.2657,81.2146,55.65,53.55
50,0,1,355.99,12.0315,24.2636,92.66,56.48
51,0,1,356.054,12.0367,24.1058,96.8,58.51
52,0,1,355.958,12.0506,24.1851,96.76,58.16
53,0,1,356.226,12.0312,23.8385,94.88,57.98
54,0,1,355.986,12.0608,24.1812,95.82,58.74
55,0,1,355.778,12.0314,24.3561,96.38,57.93
56,0,1,355.884,12.0373,24.2551,96.44,58.12
57,0,1,356.02,12.0396,24.1357,95.06,58.53
58,0,1,355.892,11.9979,24.1959,95.83,58.18
59,0,1,355.916,12.0455,24.2664,96.19,59.53
60,0,1,355.932,12.0274,24.2655,92.88,58.84
61,0,1,355.908,12.0419,24.1559,96.35,58.62
62,0,1,355.701,12.0943,24.4538,94.02,58.86
63,0,1,355.727,12.0193,24.4438,96.22,58.6
64,0,1,355.702,12.1047,24.3737,94.69,59.35
65,0,1,355.976,11.9969,24.2229,93.42,59.21
66,0,1,355.938,12.023,24.2383,96.33,58.87
67,0,1,355.737,12.0158,24.4858,95.97,58.31
68,0,1,355.582,12.0301,24.5483,95.72,58.6
69,0,1,355.746,12.0345,24.4176,97.2,59.21
70,0,1,355.83,12.0297,24.2327,96.38,58.2
71,0,1,355.665,12.0297,24.4407,95.07,59.02
72,0,1,355.752,12.0337,24.3352,96.84,59.93
73,0,1,355.532,12.0618,24.5769,97.36,58.65
74,0,1,355.592,12.0526,24.5002,95.18,58.61
75,0,1,355.592,12.0317,24.5638,96.25,58.59
76,0,1,355.583,12.0671,24.5389,95.35,59.19
77,0,1,355.553,12.0418,24.4951,95.39,59.13
78,0,1,355.608,12.0464,24.5143,96.56,58.77
79,0,1,355.423,12.0749,24.7361,98,58.49
80,0,1,355.623,12.1241,24.4945,95.57,58.99
81,0,1,355.382,12.0244,24.8322,94.09,58.63
82,0,1,355.787,12.0603,24.2923,97.01,59.31
83,0,1,355.496,12.042,24.6503,95.73,59.41
84,0,1,355.662,12.0344,24.4039,94.04,58.71
85,0,1,355.543,12.0347,24.5213,96.17,58.57
86,0,1,355.503,12.039,24.6364,97.09,58.98
87,0,1,355.637,12.0198,24.4349,96.99,59.18
88,0,1,355.41,12.015,24.7681,95.88,58.53
89,0,1,355.689,12.0187,24.3772,96.11,59.24
90,0,1,355.517,12.0206,24.5628,96.47,59.58
91,0,1,355.565,12.0235,24.4625,97.35,58.79
92,0,1,355.591,12.0319,24.5365,95.79,59.57
93,0,1,355.633,12.0261,24.4787,96.36,59.66
94,0,1,355.319,12.0423,24.8154,96.41,59.02
95,0,1,355.482,12.076,24.5928,94.99,59.78
96,0,1,355.38,12.0243,24.8857,95.12,58.73
97,0,1,355.307,12.0617,24.7751,95.93,58.16
98,0,1,355.64,12.0383,24.5238,97.15,59.07
99,0,1,355.276,12.2089,24.8459,96.39,58.67
100,0,1,355.435,12.0152,24.6348,94.3,59.32
101,0,1,355.265,12.0929,24.8606,97.28,59.58
102,0,1,355.224,12.0624,24.9288,94.37,59.12
103,0,1,355.246,12.0339,24.8771,94.34,58.47
104,0,1,355.306,12.0206,24.8513,97.05,59.04
105,0,1,355.156,12.056,24.9915,97.81,58.35
106,0,1,355.187,12.0902,24.9392,95.55,59.59
107,0,1,355.304,12.0748,24.9029,95.36,58.62
108,0,1,355.22,12.0274,24.937,97.13,58.36
109,0,1,355.132,12.0908,24.9774,96.03,59.36
110,0,1,355.266,12.1155,24.8905,96.33,59.44
111,0,1,354.895,12.0876,25.1997,95.93,58.9
112,0,1,355.073,12.061,25.0358,94.48,58.16
113,0,1,354.995,12.0249,25.0528,86.51,55.78
114,0,1,128.045,39.3002,38.4563,90.03,54.54
115,0,1,128.057,39.2894,38.4084,96.81,55.99
116,0,1,128.016,39.2922,38.4146,94.08,55.57
117,0,1,128.094,39.2823,38.3785,96.78,57.14
118,0,1,128.125,39.2622,38.3795,94.58,57.43
119,0,1,128.058,39.2576,38.4867,96.72,56.16
120,0,1,128.241,39.2792,38.2819,96.21,57.08
121,0,1,128.065,39.2561,38.3838,97.08,56.42
122,0,1,128.044,39.2771,38.4034,94.12,55.89
123,0,1,128.121,39.2837,38.331,95.64,57.28
124,0,1,128.067,39.2639,38.3805,94.86,56.37
125,0,1,128.098,39.2655,38.374,94.51,55.92
126,0,1,128.146,39.2746,38.3224,96.03,56.28
127,0,0,0,0,0,0,54.01
128,0,1,354.941,12.0095,25.1429,95.34,56.73
129,0,1,355.063,12.0114,25.0671,95.02,58.04
130,0,1,355.148,12.0209,24.916,94.89,58.9
131,0,1,355.074,12.0351,24.9879,95.41,58.74
132,0,1,355.04,12.0524,25.0673,94.53,58.57
133,0,1,355.001,12.0733,25.0633,95.84,58.62
134,0,1,354.923,12.0562,25.1437,95.23,58.63
135,0,1,355.004,12.0231,25.1432,95.09,58.61
136,0,1,355.069,12.1232,25.0439,94.07,59.06
137,0,1,355,12.0117,25.038,97.14,59.65
138,0,1,354.912,12.022,25.2307,95.28,59.33
139,0,1,354.901,12.0287,25.1523,95.97,58.53
140,0,1,354.921,12.0407,25.1049,95.51,59.82
141,0,1,355.011,12.0973,25.0376,96.83,59.21
142,0,1,354.944,12.0448,25.0928,94.71,58.97
143,0,1,354.807,12.0672,25.2915,95.92,58.33
144,0,1,355.006,12.0315,25.0523,95.48,58.14
145,0,1,355.072,12.0176,24.9523,95.45,59.28
146,0,1,354.933,12.0273,25.2123,95.17,59.66
147,0,1,355.101,12.0431,24.9993,95.54,59.32
148,0,1,354.882,12.0354,25.1536,95.09,59.01
149,0,1,354.981,12.0248,25.1187,96.27,59.7
150,0,1,354.839,12.0711,25.2785,96.03,58.53
151,0,1,354.971,12.0372,25.1948,95.94,59.29
152,0,1,355.102,12.0257,24.9412,95.73,60.06
153,0,1,355.115,12.0354,25.0727,94.66,59.24
154,0,1,354.86,12.0353,25.1891,95.64,58.98
155,0,1,354.756,12.124,25.3555,96.96,59.54
156,0,1,354.855,12.0153,25.2242,95.59,59.85
157,0,1,354.872,12.0362,25.1451,97.32,58.97
158,0,1,354.98,12.0398,25.06,97.19,59.88
159,0,1,354.617,12.0419,25.4365,95.66,58.57
160,0,1,354.797,12.0407,25.289,96.97,58.71
161,0,1,354.767,12.1192,25.2911,95,59.32
162,0,1,354.734,12.0383,25.3814,94.91,59.32
163,0,1,354.786,12.0429,25.2817,96.52,58.7
164,0,1,354.822,12.112,25.2633,94.25,59.25
165,0,1,354.678,12.02,25.3877,95.3,59.25
166,0,1,354.742,12.0344,25.3361,95.15,59.93
167,0,1,354.845,12.0451,25.2271,95.33,59.33
168,0,1,354.707,12.039,25.2309,94.73,59.59
169,0,1,354.764,12.0194,25.2251,96.67,59.84
170,0,1,354.628,12.0719,25.4278,95.08,59.02
171,0,1,354.863,12.0825,25.1358,95.81,59.38
172,0,1,354.709,12.023,25.425,94.23,59.49
173,0,1,354.673,12.0302,25.3699,95.62,58.67
174,0,1,354.388,12.1175,25.7097,93.96,58.49
175,0,1,354.66,12.0329,25.3471,95.44,59.87
176,0,1,354.557,12.0859,25.5694,96.23,58.74
177,0,1,354.714,12.0434,25.4117,95.22,59.13
178,0,1,354.623,12.0344,25.4188,95.28,60.13
179,0,1,354.572,12.0042,25.4919,97.23,60.15
180,0,1,354.691,12.1614,25.3661,94.6,59.4
181,0,1,354.554,12.0367,25.4375,95.93,59.58
182,0,1,354.453,12.0314,25.6384,94.77,58.17
183,0,1,354.732,12.022,25.3018,96.11,59.37
184,0,1,354.541,12.0823,25.497,96.44,59.66
185,0,1,354.582,12.0303,25.4024,95.47,59.81
186,0,1,354.586,12.0319,25.4949,94.65,59.8
187,0,1,354.708,12.0301,25.3832,93.86,57.88
188,0,0,0,0,0,0,54.03
189,0,1,124.623,40.7165,32.5416,78.82,54.33
190,0,1,124.208,40.7259,33.2367,95.98,56.54
191,0,1,124.336,40.8184,33.2063,92.31,56.17
192,0,1,124.391,40.7859,33.1397,93.72,57.52
193,0,1,124.395,40.8104,33.1323,94.34,56.54
194,0,1,124.311,40.8119,33.1781,93.88,56.98
195,0,1,124.325,40.8401,33.2096,92.6,57.59
196,0,1,124.244,40.7077,33.2632,94.51,56.42
197,0,1,124.379,40.8381,33.2067,94.3,57.56
198,0,1,124.204,40.7548,33.255,95.15,57.41
199,0,1,124.293,40.8101,33.0703,94.59,57.87
200,0,1,124.354,40.8327,33.19,94,57.04
201,0,1,124.302,40.793,33.078,92.31,56.03
202,0,1,282.483,30.9674,59.8626,88.92,57.95
203,0,1,282.575,31.272,59.7318,90.77,58.63
204,0,1,282.438,31.0441,59.8823,87.28,58.6
205,0,1,282.48,31.1791,59.8396,90.78,58.78
206,0,1,282.252,31.0933,60.0771,91.63,59.47
207,0,1,282.559,31.1975,59.8671,90.65,59.29
208,0,1,282.458,31.1796,59.8615,89.62,59.59
209,0,1,282.302,31.1515,60.0364,90.75,59.26
210,0,1,282.491,31.2265,59.8528,89.67,58.61
211,0,1,282.648,31.3055,59.7467,89.92,59.66
212,0,1,282.642,31.2806,59.7292,90.79,59.47
213,0,1,282.542,31.2372,59.8343,90.02,59.08
214,0,1,282.341,31.0714,59.8935,88.68,60.17
215,0,1,282.575,31.2816,59.7704,92.45,59.56
216,0,1,282.575,31.2407,59.7969,90.58,58.93
217,0,1,282.59,31.2877,59.7328,92.11,60.56
218,0,1,282.739,31.3374,59.6664,89.56,58.96
219,0,1,282.612,31.2872,59.7493,91.89,59.93
220,0,1,282.708,31.3011,59.7031,91.3,60.38
221,0,1,282.563,31.2577,59.8052,90.91,59.55
222,0,1,282.668,31.2069,59.6227,81.44,58.16
223,0,0,0,0,0,0,55.44
224,0,0,0,0,0,0,56.2
225,0,1,342.637,21.5345,66.6216,89.48,56.82
226,0,1,342.613,21.4715,66.7738,92.65,57.41
227,0,1,342.747,21.6525,66.773,94.38,56.9
228,0,1,342.544,21.4895,66.8276,91.85,58.08
229,0,1,342.58,21.4941,66.7468,91.84,58.09
230,0,1,342.596,21.453,66.7743,93.16,58.09
231,0,1,342.701,21.5599,66.8004,95.36,57.12
232,0,1,342.594,21.552,66.8873,94.41,57.69
233,0,1,342.554,21.5225,66.889,90.51,56.87
234,0,1,342.344,21.5261,67.0691,92.02,56.02
235,0,1,342.487,21.5095,66.8823,92.29,55.78
236,0,1,167.991,26.7222,23.9351,88.6,55.26
237,0,1,168.204,26.7633,23.8898,94.25,57.9
238,0,1,168.17,26.8623,23.7491,93.08,59.04
239,0,1,168.204,26.8102,23.7763,92.86,59.16
240,0,1,168.136,26.7667,23.877,93.48,58.61
241,0,1,168.22,26.8617,23.7101,92.75,58.53
242,0,1,168.268,26.8388,23.709,93.38,59.29
243,0,1,168.258,26.8453,23.7041,90.74,58.66
244,0,1,168.21,26.7537,23.8555,94.44,58.18
245,0,1,168.152,26.7394,23.8273,95.43,58.19
246,0,1,168.195,26.7221,23.8195,93.76,58.22
247,0,1,168.222,26.7572,23.8397,95.11,58.24
248,0,1,168.138,26.7487,23.8756,93.9,58.16
249,0,1,168.214,26.8426,23.7418,94.38,59.06
250,0,1,168.324,26.8587,23.634,92.25,59.46
251,0,1,168.215,26.7759,23.8269,93.99,58.68
252,0,1,168.228,26.759,23.8078,93.54,58.31
253,0,1,168.239,26.7657,23.7939,93.63,57.52
254,0,1,168.501,26.8373,23.5475,91.28,43.19
255,0,0,0,0,0,0,35.47
0,1,1,131.35,33.2203,80.9682,93.29,53.63
1,1,1,131.288,33.2632,80.9634,93.03,52.4
2,1,1,131.376,33.2793,80.922,93.24,49.95
3,1,1,131.362,33.2768,80.9673,93.86,52.32
4,1,1,131.175,33.2462,81.0793,94.11,56.05
5,1,1,131.273,33.2287,81.0265,92.55,56.33
6,1,1,131.239,33.2245,81.0612,91.22,56.08
7,1,1,131.161,33.2452,81.0989,92.07,56.92
8,1,1,131.356,33.233,80.9892,94.26,56.63
9,1,1,131.335,33.2167,81.0148,94.75,56.46
10,1,1,131.322,33.1814,81.0637,94.4,56.08
11,1,1,131.222,33.218,81.0571,92.98,56.61
12,1,1,131.275,33.2496,81.0474,94.52,57.52
13,1,1,131.255,33.2136,81.0357,94.7,56.3
14,1,1,131.329,33.2172,80.9972,92.99,56.9
15,1,1,131.169,33.2143,81.0789,93.18,55.86
16,1,1,131.252,33.2382,81.0508,91.84,56.78
17,1,1,131.234,33.2435,81.0515,92.68,57.36
18,1,1,131.201,33.2005,81.057,92.74,55.82
19,1,1,131.24,33.2369,81.0416,92.37,56.9
20,1,1,131.125,33.2234,81.0888,91.48,57.2
21,1,1,131.261,33.2226,81.0562,92.1,56.55
22,1,1,131.273,33.2639,81.0273,93.68,56.99
23,1,1,131.388,33.1918,80.985,91.75,56.75
24,1,1,131.307,33.2376,81.0257,93.35,56.72
25,1,1,131.292,33.2375,81.0463,91.96,57.27
26,1,1,131.353,33.2189,81.0086,91.63,57.05
27,1,1,131.254,33.2363,81.0484,91.59,56.9
28,1,1,131.301,33.2131,81.0283,94.04,56.7
29,1,1,131.296,33.2253,81.0124,92.71,57.32
30,1,1,131.191,33.2359,81.0789,91.43,56.61
31,1,1,131.288,33.214,81.0411,92.06,57.08
32,1,1,131.276,33.1847,81.0249,92.66,56.45
33,1,1,131.335,33.2175,81.0079,91.54,57.09
34,1,1,131.167,33.2011,81.078,92.07,56.45
35,1,1,131.322,33.2032,80.998,91.56,57.84
36,1,1,131.245,33.2187,81.0317,93.1,57.53
37,1,1,131.3,33.2116,81.004,92.58,57
38,1,1,131.169,33.209,81.0745,91.68,57.1
39,1,1,131.243,33.1992,81.0217,92.18,57.69
40,1,1,131.218,33.2251,81.02,93.17,56.92
41,1,1,131.362,33.1881,80.9643,92.37,56.95
42,1,1,131.33,33.2068,80.988,91.9,56.87
43,1,1,131.26,33.2047,81.0078,90.83,57.51
44,1,1,131.156,33.2009,81.0645,92.95,56.96
45,1,1,131.362,33.1866,80.99,91.08,57.04
46,1,1,131.349,33.1936,80.9829,91.1,56.57
47,1,1,131.207,33.1921,81.0176,91.36,56.36
48,1,1,131.424,33.1333,80.8696,93.82,54.13
49,1,1,356.398,12.0452,23.6226,83.67,53.68
50,1,1,356.046,12.0545,24.1057,95.45,58.11
51,1,1,355.954,12.0346,24.147,95.32,58.26
52,1,1,355.859,12.0783,24.2752,95.14,57.49
53,1,1,355.955,12.0183,24.1978,96.65,58.16
54,1,1,355.879,12.0451,24.2962,97.31,57.89
55,1,1,356.084,12.0093,24.0116,96.96,58.52
56,1,1,356.055,12.0312,24.0934,96.12,58.57
57,1,1,355.875,12.0169,24.3179,97.38,59.51
58,1,1,355.826,12.0229,24.29,94.08,58.61
59,1,1,355.777,12.0291,24.316,95.97,59.49
60,1,1,355.825,12.027,24.4577,95.41,59.32
61,1,1,355.877,12.0241,24.2733,95.58,59.03
62,1,1,355.923,12.0182,24.1658,95.43,59.28
63,1,1,355.742,12.0619,24.3961,97.08,59.52
64,1,1,355.701,12.0199,24.4764,95.99,58.8
65,1,1,355.653,12.0319,24.4876,96.27,59.41
66,1,1,355.696,12.025,24.3615,94.4,57.98
67,1,1,355.62,12.0271,24.5648,96.8,58.86
68,1,1,355.694,12.0354,24.4594,93.45,58.59
69,1,1,355.734,12.0277,24.4463,96.92,59.78
70,1,1,355.651,12.0364,24.5263,96.18,59.21
71,1,1,355.587,12.0319,24.5151,95.28,59.1
72,1,1,355.716,12.0965,24.4177,96.87,58.86
73,1,1,355.72,12.0223,24.3196,96.13,59.41
74,1,1,355.505,12.0094,24.6814,94.66,58.3
75,1,1,355.714,12.0343,24.4154,94.33,59.17
76,1,1,355.54,12.0615,24.6583,95.82,57.89
77,1,1,355.811,12.0252,24.3012,95.1,60
78,1,1,355.676,12.0319,24.4659,96.72,59.17
79,1,1,355.667,12.0378,24.5013,96.59,58.77
80,1,1,355.536,12.0515,24.709,95.74,59.21
81,1,1,355.615,12.0343,24.5347,96.29,59.9
82,1,1,355.43,12.0417,24.7018,96.85,58.83
83,1,1,355.49,12.0241,24.6787,96.1,59.48
84,1,1,355.451,12.0532,24.6893,96.26,58.07
85,1,1,355.259,12.0587,24.8923,96.21,58.4
86,1,1,355.502,12.0545,24.5722,96.06,59.47
87,1,1,355.488,12.0463,24.7112,93.98,58.68
88,1,1,355.51,12.065,24.6758,95.08,58.97
89,1,1,355.51,12.0333,24.5644,96.25,59.27
90,1,1,355.48,12.0589,24.6297,96.39,58.78
91,1,1,355.319,12.0441,24.834,95.99,58.63
92,1,1,355.382,12.1517,24.7964,96.83,59.42
93,1,1,355.195,12.0799,24.9287,97.05,58.86
94,1,1,355.537,12.0463,24.5863,97.31,59.06
95,1,1,355.513,12.015,24.5947,94.97,58.87
96,1,1,356.303,11.9913,24.0131,88.31,59.23
97,1,1,355.285,12.028,24.8081,97.15,59.84
98,1,1,355.348,12.0995,24.8031,96.07,58.72
99,1,1,355.446,12.0336,24.637,95.82,58.73
100,1,1,355.32,12.0247,24.8238,95.07,59.1
101,1,1,355.354,12.0255,24.8742,93.38,58.97
102,1,1,355.341,12.0233,24.764,96.05,58.56
103,1,1,355.443,12.0158,24.7187,95.86,59.43
104,1,1,355.376,12.0083,24.7796,96,58.88
105,1,1,355.251,12.01,24.868,95.97,59.71
106,1,1,355.12,12.0068,25.0142,95.04,58.6
107,1,1,355.135,12.0722,24.9322,95.05,59.05
108,1,1,355.256,12.019,24.7652,96.68,58.51
109,1,1,355.131,12.0497,24.9647,94.77,59.22
110,1,1,355.204,12.0775,24.8869,94.48,59.18
111,1,1,355.405,12.0048,24.8172,94.45,59.15
112,1,1,355.145,12.0346,24.9675,95.68,57.25
113,1,0,0,0,0,0,55.38
114,1,1,127.883,39.3041,38.4685,93.67,55.68
115,1,1,128.023,39.2898,38.4117,94.27,55.81
116,1,1,128.13,39.2765,38.3395,96.86,56.29
117,1,1,128.108,39.3008,38.3526,95.72,56.99
118,1,1,128.12,39.2672,38.3582,95.13,56.35
119,1,1,128.052,39.2793,38.3817,94.22,56.6
120,1,1,128.086,39.2587,38.3521,97.87,57.6
121,1,1,128.098,39.2908,38.3484,96.41,56.54
122,1,1,128.057,39.2696,38.3706,96.07,55.52
123,1,1,128.121,39.2729,38.3703,94.87,56.03
124,1,1,128.039,39.2681,38.3967,96.73,56.53
125,1,1,128.086,39.2956,38.3356,93.35,56.85
126,1,1,128.083,39.2786,38.3712,89.39,55.27
127,1,0,0,0,0,0,55.31
128,1,1,355.077,12.035,24.9608,95.92,57.17
129,1,1,355.13,12.066,24.8944,96.96,58.71
130,1,1,355.223,12.0286,24.877,94.19,59.22
131,1,1,355.218,12.0049,24.8587,95.53,58.78
132,1,1,354.967,12.0425,25.0433,93.7,58.75
133,1,1,355.018,12.027,25.0942,96.88,58.59
134,1,1,354.95,12.0214,25.1048,96.07,58.58
135,1,1,354.994,12.0013,25.1134,96.5,58.2
136,1,1,355.07,12.0976,25.0607,96.09,58.69
137,1,1,355.147,12.0737,24.9724,95.61,59.45
138,1,1,355.097,12.0297,24.9466,97.21,58.94
139,1,1,354.952,12.07,25.0925,94.96,58.82
140,1,1,354.958,12.0245,25.0258,94.95,58.94
141,1,1,355.031,12.0752,25.0254,95.29,58.83
142,1,1,354.951,12.0232,25.0328,95.83,59.23
143,1,1,354.975,12.0377,25.0645,95.53,59.79
144,1,1,354.931,12.0813,25.1541,96.3,58.43
145,1,1,355.21,12.0603,24.9103,95.85,58.96
146,1,1,354.925,12.0341,25.0942,96.03,59.42
147,1,1,354.863,12.0264,25.3373,93.68,59.45
148,1,1,354.799,12.0406,25.2215,95.95,59.16
149,1,1,354.919,12.04,25.1715,94.86,58.75
150,1,1,354.869,12.0623,25.2172,95.3,59.77
151,1,1,354.799,12.0487,25.2973,95.96,59.24
152,1,1,354.776,12.0551,25.2669,94.68,59.01
153,1,1,354.904,12.1004,25.2114,95.17,58.71
154,1,1,354.84,12.178,25.3944,95.29,58.89
155,1,1,354.847,12.1031,25.2036,94.49,58.74
156,1,1,355.012,12.0868,24.9989,94.59,60.7
157,1,1,354.833,12.0462,25.2909,94.47,59.05
158,1,1,354.76,12.0445,25.4333,94,59.66
159,1,1,354.881,12.1253,25.2634,95.67,59.78
160,1,1,354.928,12.0241,25.0929,97.93,59.19
161,1,1,354.912,12.0524,25.222,94.42,58.76
162,1,1,354.731,12.0375,25.3364,94.04,58.85
163,1,1,354.869,12.0766,25.223,95.58,59.57
164,1,1,354.765,12.0342,25.2828,97.28,58.81
165,1,1,354.777,12.0246,25.382,94.29,59.82
166,1,1,354.457,12.1933,25.6185,94.15,58.3
167,1,1,354.715,12.0344,25.3665,96.54,59.88
168,1,1,354.691,12.0554,25.3894,94.84,59.94
169,1,1,354.78,12.0469,25.3278,94.8,59.9
170,1,1,354.811,12.0455,25.3341,95.13,59.41
171,1,1,354.899,12.1009,25.053,95.52,58.97
172,1,1,354.831,12.1783,25.2896,96.38,59.41
173,1,1,354.702,12.0451,25.4137,94.35,58.72
174,1,1,354.594,12.061,25.4974,96.45,59.05
175,1,1,354.649,12.0401,25.3585,94.46,58.81
176,1,1,354.864,12.0141,25.1534,97.88,59.26
177,1,1,354.677,12.0494,25.3339,94.93,59.29
178,1,1,354.524,12.0653,25.5096,94.48,58.78
179,1,1,354.653,12.0785,25.4819,96.27,59.09
180,1,1,354.548,12.1359,25.3234,94.2,59.3
181,1,1,354.61,12.0389,25.3592,95.35,59.27
182,1,1,354.556,12.0963,25.4827,93.41,60.51
183,1,1,354.599,12.0952,25.5454,96.38,59.18
184,1,1,354.706,12.0096,25.4441,92.09,59.63
185,1,1,354.426,12.043,25.5717,95.12,58.15
186,1,1,354.699,12.0929,25.3176,94.99,59.31
187,1,1,354.579,12.0357,25.4961,96.5,59.5
188,1,1,354.503,12.0467,25.6594,94.6,57.64
189,1,0,0,0,0,0,53.99
190,1,1,124.35,40.8636,33.2086,90.16,55.41
191,1,1,124.427,40.781,33.1947,94.09,56.84
192,1,1,124.317,40.7978,33.226,92.49,56.38
193,1,1,124.334,40.8162,33.2078,91.72,56.73
194,1,1,124.375,40.7431,33.2011,97.42,57.39
195,1,1,124.407,40.7838,33.077,92.63,57.57
196,1,1,124.295,40.7642,33.2182,95.52,56.55
197,1,1,124.396,40.8378,33.1124,90.81,57.47
198,1,1,124.445,40.8269,33.1192,94.47,56.99
199,1,1,124.501,40.8098,32.9932,95.53,58.24
200,1,1,124.4,40.8648,33.1161,94.4,57.25
201,1,1,124.341,40.7987,33.1875,92.47,56.14
202,1,0,0,0,0,0,56.69
203,1,1,282.616,31.2562,59.8349,88.15,58.41
204,1,1,282.395,31.1255,59.9479,90.33,59.2
205,1,1,282.383,31.1704,59.8995,91.81,59.03
206,1,1,282.514,31.1838,59.8728,91.35,59.7
207,1,1,282.308,31.109,60.0432,90.65,59.68
208,1,1,282.132,31.0389,60.1691,91.75,60.12
209,1,1,282.488,31.2322,59.9133,90.03,59.76
210,1,1,282.569,31.269,59.8177,89.43,59.7
211,1,1,282.707,31.2914,59.6527,92.74,59.11
212,1,1,282.466,31.0806,59.8935,90.41,59.9
213,1,1,282.62,31.04,59.8437,92.6,59.52
214,1,1,282.687,31.2939,59.6335,87.97,58.51
215,1,1,282.507,31.2288,59.7709,90.3,58.62
216,1,1,282.552,31.2183,59.9534,94.32,59.84
217,1,1,282.608,31.2537,59.797,90.19,59.43
218,1,1,282.676,31.305,59.7467,89.98,59.49
219,1,1,282.49,31.2172,59.859,89.6,59.68
220,1,1,282.497,31.2452,59.7703,91.17,59.92
221,1,1,282.736,31.3285,59.6046,87.49,59.02
222,1,0,0,0,0,0,57.47
223,1,0,0,0,0,0,55.5
224,1,1,342.613,21.5009,66.6493,90.52,57.52
225,1,1,342.61,21.461,66.8078,89.72,57.47
226,1,1,342.643,21.5709,66.8193,92.54,57.42
227,1,1,342.718,21.6145,66.7698,93.26,57.9
228,1,1,342.679,21.4119,66.7364,93.51,58.82
229,1,1,342.688,21.5081,66.7765,90.99,57.36
230,1,1,342.752,21.6234,66.7721,95.61,57.09
231,1,1,342.651,21.5476,66.8176,95.14,58.36
232,1,1,342.603,21.519,66.729,91.97,57.28
233,1,1,342.653,21.5899,66.8165,93.62,57.15
234,1,1,342.488,21.5877,66.9685,94.23,57.99
235,1,1,342.498,21.4828,66.9238,92.09,56.27
236,1,1,168.068,26.7206,23.9375,94.52,57.24
237,1,1,168.13,26.8443,23.8007,91.86,58.39
238,1,1,168.18,26.7587,23.8953,95.02,57.62
239,1,1,168.076,26.7395,23.9304,94.29,58.98
240,1,1,167.991,26.809,23.8934,92.24,58.87
241,1,1,168.279,26.8373,23.6676,94.18,58.79
242,1,1,168.136,26.7649,23.881,95.52,58.02
243,1,1,168.131,26.8331,23.7986,91.04,58.15
244,1,1,168.163,26.7453,23.841,95.36,58.52
245,1,1,168.238,26.7361,23.7534,93.23,58.84
246,1,1,168.306,26.853,23.691,92.3,58.18
247,1,1,168.284,26.8313,23.7189,90.05,58.51
248,1,1,168.087,26.7686,23.8967,95.2,58.9
249,1,1,168.186,26.7445,23.8328,94.02,59.18
250,1,1,168.03,26.8075,23.84,90.96,58.26
251,1,1,168.224,26.7719,23.7901,93.78,58.01
252,1,1,168.257,26.7617,23.7942,93.77,58.2
253,1,1,168.287,26.776,23.7819,94.53,57.82
254,1,1,168.419,26.825,23.6869,91,40.5
255,1,0,0,0,0,0,36.13
0,2,1,131.393,33.2736,80.9229,94.73,49.29
1,2,1,131.385,33.2985,80.8282,90.1,41.63
2,2,1,131.323,33.3857,80.8941,79.42,40.14
3,2,1,131.309,33.3106,80.9299,90.21,43.15
4,2,1,131.403,33.2679,80.9587,93.36,52.66
5,2,1,131.252,33.2201,81.0918,95.41,54.6
6,2,1,131.345,33.2362,80.9793,93.95,56.19
7,2,1,131.294,33.2602,81.0233,93.73,56.98
8,2,1,131.277,33.2398,81.0238,94.39,56.06
9,2,1,131.306,33.2445,81.0365,95.1,56.65
10,2,1,131.256,33.228,81.0239,93.72,56.04
11,2,1,131.293,33.2551,81.0487,93.91,56.61
12,2,1,131.26,33.2575,81.045,92,56.42
13,2,1,131.317,33.2175,81.0282,94.05,56.71
14,2,1,131.302,33.2298,81.0122,94.02,56.6
15,2,1,131.263,33.191,81.0453,93.1,57.24
16,2,1,131.285,33.2296,81.0106,93.71,57.31
17,2,1,131.391,33.2239,80.9824,94.02,56.73
18,2,1,131.204,33.2213,81.0562,94.21,57.01
19,2,1,131.282,33.2319,81.0335,92.18,57.07
20,2,1,131.213,33.2606,81.0598,91.96,56.94
21,2,1,131.25,33.2217,81.0453,94.51,56.41
22,2,1,131.211,33.2025,81.0701,93.72,56.19
23,2,1,131.261,33.2257,81.0174,93.94,56.66
24,2,1,131.267,33.1636,81.0613,93.99,55.63
25,2,1,131.146,33.2672,81.078,92,56.91
26,2,1,131.19,33.1977,81.0721,91.99,56.17
27,2,1,131.313,33.1941,81.0132,93.56,56.26
28,2,1,131.303,33.2214,81.0089,92.52,57.32
29,2,1,131.275,33.2029,81.0164,92.28,55.57
30,2,1,131.21,33.2069,81.0452,93.4,56.22
31,2,1,131.243,33.2419,81.0396,92.12,57.25
32,2,1,131.257,33.2338,81.0429,91.93,56.98
33,2,1,131.254,33.1981,81.0311,93.11,57.17
34,2,1,131.161,33.2223,81.0645,93.14,56.66
35,2,1,131.245,33.173,81.039,93.7,56.6
36,2,1,131.241,33.2023,81.0331,92.58,57.38
37,2,1,131.224,33.2078,81.0332,94.22,57.06
38,2,1,131.229,33.1944,81.0141,93.65,57.15
39,2,1,131.305,33.2148,81.0229,92.56,57.47
40,2,1,131.265,33.2189,81.0287,91.78,56.77
41,2,1,131.366,33.1922,80.985,92.48,57.18
42,2,1,131.271,33.2318,81.024,91.09,57.04
43,2,1,131.241,33.2051,81.0091,91.1,56.76
44,2,1,131.297,33.1946,81.0043,92.87,56.76
45,2,1,131.295,33.1984,80.9836,90.47,57.08
46,2,1,131.3,33.1675,80.9945,91.24,56.47
47,2,1,131.298,33.085,81.015,93.03,54.87
48,2,0,0,0,0,0,50.15
49,2,1,355.845,12.0349,24.2253,92.99,54.99
50,2,1,355.981,12.0369,24.108,95.31,58.28
51,2,1,355.948,12.0328,24.1708,95.38,58.63
52,2,1,356.034,12.0461,24.0793,94.97,58.74
53,2,1,356.136,12.0249,23.9967,96.6,58.93
54,2,1,355.863,12.033,24.2333,96.85,58.55
55,2,1,355.991,12.0186,24.2318,96.14,59.31
56,2,1,355.83,12.0929,24.2575,96.79,58.55
57,2,1,356.021,12.023,24.0733,95.97,58.33
58,2,1,356.01,11.9878,24.2577,93.42,58.68
59,2,1,355.881,12.0092,24.1883,94.61,58.59
60,2,1,355.966,12.0208,24.1044,96.79,59.59
61,2,1,355.905,12.0207,24.1996,95.53,58.57
62,2,1,355.986,12.0208,24.1056,97.22,58.54
63,2,1,355.671,12.0297,24.4352,95.23,59.07
64,2,1,355.931,11.9992,24.2115,96.31,59.36
65,2,1,355.783,12.0137,24.4159,96.02,58.91
66,2,1,355.68,12.0335,24.4803,96.84,58.44
67,2,1,355.654,12.0122,24.4669,95.34,58.82
68,2,1,355.76,12.0058,24.4104,94.6,59.03
69,2,1,355.702,12.0156,24.3729,97.15,58.42
70,2,1,355.555,12.0662,24.5548,96.19,58.81
71,2,1,355.842,12.0061,24.2608,96.86,58.9
72,2,1,355.677,12.0405,24.43,95.16,59.41
73,2,1,355.616,12.0188,24.5221,97.11,58.69
74,2,1,355.715,12.014,24.4626,96.39,59.21
75,2,1,355.616,12.0005,24.4258,96.54,59.68
76,2,1,355.594,12.021,24.651,96.28,58.74
77,2,1,355.609,12.0211,24.5648,97.35,58.89
78,2,1,355.776,12.0283,24.326,95.33,59.2
79,2,1,355.695,12.0655,24.4727,97.18,58.9
80,2,1,355.518,12.0116,24.6562,96.13,58.43
81,2,1,355.675,12.0211,24.4215,95.54,59.54
82,2,1,355.416,12.0296,24.7145,96.68,59.26
83,2,1,355.652,12.0172,24.5068,95.49,59.27
84,2,1,355.665,12.0123,24.4483,96.88,59.04
85,2,1,355.511,12.0286,24.6361,96.81,59.1
86,2,1,355.586,12.0437,24.5168,96.31,59.04
87,2,1,355.452,12.0254,24.6616,95.58,58.91
88,2,1,355.507,12.0446,24.6245,94.23,59.2
89,2,1,355.438,12.0382,24.7104,96.32,58.92
90,2,1,355.491,12.0178,24.6773,96.81,59.41
91,2,1,355.365,12.0329,24.7712,96.7,58.3
92,2,1,355.514,12.0073,24.6109,94.82,59.37
93,2,1,355.535,12.019,24.5406,95.96,59.69
94,2,1,355.495,12.1199,24.5556,96.51,59.68
95,2,1,355.638,12.0173,24.4025,96.35,59.25
96,2,1,355.576,12.0278,24.5341,94.21,58.99
97,2,1,355.375,12.0288,24.7047,94.8,58.65
98,2,1,355.569,12.0148,24.6126,95.04,59.25
99,2,1,355.61,12.02,24.5547,93.71,59.4
100,2,1,355.417,12.0256,24.6594,94.79,58.92
101,2,1,355.478,12.037,24.6042,96.82,58.99
102,2,1,355.372,12.0281,24.7839,97.36,59.85
103,2,1,355.332,12.0915,24.7724,97.19,58.99
104,2,1,355.056,12.0218,25.0098,94.97,58.04
105,2,1,355.226,12.0174,24.9121,95.72,58.53
106,2,1,355.201,12.0239,24.9187,94.92,59.27
107,2,1,355.163,12.0174,24.9709,97.35,59.33
108,2,1,355.322,12.0155,24.8694,93.28,58.94
109,2,1,355.103,12.0211,25.0181,95.3,58.89
110,2,1,355.373,12.0304,24.7139,96.18,59.18
111,2,1,355.208,12.0761,24.9266,97.66,58.3
112,2,0,0,0,0,0,55.51
113,2,1,128.001,39.3161,38.4183,94.32,55.64
114,2,1,128.153,39.3032,38.3516,95.22,56.7
115,2,1,128.008,39.2893,38.4711,96.7,56.37
116,2,1,128.069,39.2701,38.3806,93.65,56.6
117,2,1,128.124,39.2893,38.3535,94.88,56.75
118,2,1,128.037,39.3028,38.3967,94.44,56.41
119,2,1,128.028,39.2839,38.3905,96.34,56.26
120,2,1,127.973,39.3082,38.4002,94.46,57.07
121,2,1,128.12,39.3136,38.3197,95.92,56.88
122,2,1,128.038,39.2899,38.3822,93.61,57.2
123,2,1,128.107,39.2782,38.3652,96.95,55.84
124,2,1,128.018,39.2842,38.3892,95.1,56.32
125,2,1,128.084,39.2979,38.3402,96.71,55.47
126,2,0,0,0,0,0,54.88
127,2,1,355.198,12.0858,24.9012,93.57,57.96
128,2,1,355.074,12.0255,25.0583,95.12,58.86
129,2,1,354.829,12.1694,25.259,93.91,58.39
130,2,1,355.059,12.0774,25.0776,98.12,58.61
131,2,1,355.021,12.0107,25.1256,95.56,58.56
132,2,1,355.046,12.059,24.9927,95.43,59.58
133,2,1,354.953,12.057,25.1435,94.05,58.97
134,2,1,355.008,12.0323,25.114,94.5,59.27
135,2,1,354.892,12.0544,25.2088,97.08,58.67
136,2,1,355.116,12.0262,25.0033,96.09,59.02
137,2,1,355.007,12.0791,25.0584,95.76,59.75
138,2,1,354.933,12.0167,25.2469,94.38,58.62
139,2,1,354.883,12.0445,25.0879,96.19,59.2
140,2,1,354.79,12.0551,25.2888,95.97,58
141,2,1,355.055,12.0646,25.1094,95.72,59.76
142,2,1,354.997,12.0392,25.0747,95.51,59.71
143,2,1,354.967,12.0588,25.1225,95.57,58.84
144,2,1,355.051,12.0251,24.9801,96.51,59.71
145,2,1,355.057,12.105,24.9838,96.24,58.9
146,2,1,354.977,12.0243,25.1511,96.01,59.4
147,2,1,354.925,12.0283,25.1845,93.79,59.88
148,2,1,354.99,12.0384,25.0321,95.08,59.38
149,2,1,355.011,12.0462,24.9435,96.12,59.59
150,2,1,354.901,12.0077,25.2041,95.79,59.45
151,2,1,354.928,12.0462,25.1657,94.93,60.31
152,2,1,354.988,12.0334,24.9982,95.71,58.74
153,2,1,354.936,12.0425,25.1235,96.02,59.35
154,2,1,355.071,12.0696,24.9348,93.92,58.94
155,2,1,354.8,12.1,25.2992,96.26,59.17
156,2,1,354.832,12.0499,25.2749,95.49,59.41
157,2,1,354.859,12.0361,25.1934,96.5,59.74
158,2,1,354.808,12.056,25.3462,95.68,59.44
159,2,1,354.855,12.0379,25.1753,95.25,59.34
160,2,1,354.862,12.0274,25.1684,95.9,58.83
161,2,1,354.689,12.0345,25.3071,91.75,59.14
162,2,1,354.772,12.0333,25.3121,96.03,59.13
163,2,1,354.813,12.0281,25.2215,94.48,59.42
164,2,1,354.96,12.1164,25.0786,94.86,59.21
165,2,1,354.72,12.1594,25.3379,95.35,59.34
166,2,1,354.777,12.0701,25.2337,95.05,59.12
167,2,1,354.784,12.1053,25.2154,95.01,59.02
168,2,1,354.741,12.0829,25.3043,95.07,59.76
169,2,1,354.844,12.0805,25.1403,95.15,59.18
170,2,1,354.682,12.0405,25.3266,95.35,58.35
171,2,1,354.754,12.0382,25.3268,95.39,58.77
172,2,1,354.803,11.9994,25.1903,88.4,59.8
173,2,1,354.852,12.0301,25.2045,96.83,59.5
174,2,1,354.821,11.9963,25.1873,95.93,59.03
175,2,1,354.657,12.0303,25.3492,95.81,59.23
176,2,1,354.864,12.1518,25.2269,96.12,59.24
177,2,1,354.666,12.0215,25.4029,95.48,59.22
178,2,1,354.547,12.0242,25.5322,95.09,59.72
179,2,1,354.44,12.0911,25.7197,95.58,58.72
180,2,1,354.504,12.0354,25.5921,93.32,58.87
181,2,1,354.651,12.0311,25.4855,93.83,58.78
182,2,1,354.451,12.0554,25.6324,95.74,58.85
183,2,1,354.577,12.039,25.5749,94.56,59.32
184,2,1,354.566,12.0341,25.5625,94.98,59.2
185,2,1,354.415,12.0616,25.6312,95.26,58.52
186,2,1,354.502,12.0348,25.623,94.54,59.59
187,2,1,354.561,12.0395,25.4756,96.52,59.89
188,2,1,354.525,12.1012,25.4941,96.07,58.97
189,2,0,0,0,0,0,54.43
190,2,1,124.329,40.8493,33.2064,91.44,55.01
191,2,1,124.388,40.6958,33.2463,94.42,56.55
192,2,1,124.365,40.7894,33.076,94.28,56.95
193,2,1,124.173,40.8241,33.1985,92.06,57.58
194,2,1,124.322,40.8251,33.0781,95.26,56.85
195,2,1,124.334,40.8119,33.2054,94.07,56.75
196,2,1,124.452,40.7994,33.0614,92.02,57.61
197,2,1,124.424,40.8087,33.145,92.6,57.69
198,2,1,124.298,40.8332,33.1468,92.65,57.44
199,2,1,124.3,40.872,33.1603,92.14,56.86
200,2,1,124.333,40.8345,33.187,92.12,57.34
201,2,1,124.552,40.7873,32.9137,94.3,57.67
202,2,1,124.405,40.857,33.1908,84.98,55.3
203,2,1,282.565,30.9506,59.8847,89.68,58.54
204,2,1,282.336,30.9981,59.8771,88.46,59.12
205,2,1,282.399,31.0243,59.9106,91.14,59.05
206,2,1,282.492,31.1956,59.8835,90.98,59.06
207,2,1,282.634,31.2236,59.8565,91.36,59.39
208,2,1,282.502,31.0549,59.7875,88.07,60.5
209,2,1,282.498,31.2204,59.8469,89.72,59.14
210,2,1,282.49,31.2135,59.8797,88.75,59.4
211,2,1,282.708,31.2885,59.608,89.24,59.27
212,2,1,282.721,31.2786,59.6849,87.73,59.46
213,2,1,282.573,31.2322,59.8165,91.94,58.16
214,2,1,282.541,31.2377,59.7929,92.11,59.35
215,2,1,282.761,31.2887,59.6775,91.35,59.77
216,2,1,282.56,31.2419,59.7928,90.81,58.98
217,2,1,282.525,31.2138,59.9448,92.75,60.17
218,2,1,282.497,31.2257,59.8892,89.13,59.43
219,2,1,282.535,31.2469,59.8175,92.09,59.26
220,2,1,282.489,31.2774,59.9117,91.47,57.77
221,2,0,0,0,0,0,56.03
222,2,0,0,0,0,0,56.33
223,2,1,342.62,21.4754,66.827,94.75,56.99
224,2,1,342.524,21.4665,66.8396,91.86,57.81
225,2,1,342.621,21.4876,66.7277,93.2,58.17
226,2,1,342.691,21.6123,66.7776,95.85,57.53
227,2,1,342.753,21.5641,66.7237,96.03,57.73
228,2,1,342.566,21.4919,66.7841,91.02,57.3
229,2,1,342.661,21.5396,66.723,93.43,57.15
230,2,1,342.632,21.4836,66.8143,92.28,58.11
231,2,1,342.571,21.4088,66.8657,93.7,58.37
232,2,1,342.519,21.4949,66.7558,91.06,58
233,2,1,342.586,21.4487,66.8375,91.97,58.04
234,2,1,342.456,21.4927,66.846,92.51,57.67
235,2,0,0,0,0,0,55.16
236,2,1,168.139,26.7489,23.8574,96.21,57.49
237,2,1,168.113,26.7575,23.9094,94.5,58.19
238,2,1,168.077,26.8195,23.8502,92.21,58.98
239,2,1,168.082,26.7568,23.923,92.6,58.49
240,2,1,168.038,26.7271,23.9552,94.96,58.48
241,2,1,168.057,26.7393,23.9059,96.07,59.44
242,2,1,168.137,26.838,23.7906,92.53,58.27
243,2,1,168.25,26.8613,23.7354,93.29,58.36
244,2,1,168.248,26.8418,23.7474,92.59,58.84
245,2,1,168.222,26.7374,23.8108,95,58.57
246,2,1,167.862,26.747,23.972,90.98,58.37
247,2,1,168.189,26.7681,23.8612,94.93,59.17
248,2,1,168.419,26.8641,23.5952,94.24,58.85
249,2,1,168.252,26.7422,23.7981,94.39,58.58
250,2,1,168.27,26.8427,23.7181,92.18,58.97
251,2,1,168.167,26.8875,23.798,91.32,59.18
252,2,1,168.352,26.8452,23.5937,92.62,59.44
253,2,1,168.365,26.8801,23.6473,91.01,57.6
254,2,1,168.38,26.9275,23.6867,92.12,67.72
255,2,0,0,0,0,0,36.44
0,3,1,131.421,33.2728,80.8584,91.96,43.4
1,3,1,131.409,33.2742,80.6042,72.92,36.5
2,3,0,0,0,0,0,35.74
3,3,0,0,0,0,0,36.24
4,3,1,131.37,33.3065,80.9384,92.03,47.64
5,3,1,131.372,33.2526,80.9724,90.19,54.38
6,3,1,131.17,33.2499,81.0597,92.19,55.5
7,3,1,131.308,33.2523,81.0364,94.97,57.05
8,3,1,131.113,33.2504,81.1157,92.5,57
9,3,1,131.255,33.2525,81.0733,92.26,56.3
10,3,1,131.172,33.2515,81.0852,91.41,56.66
11,3,1,131.323,33.2236,81.0066,93.03,56.45
12,3,1,131.271,33.2142,81.0392,90.69,55.88
13,3,1,131.222,33.2279,81.0602,91.84,56.34
14,3,1,131.15,33.0528,81.0101,83.01,56.98
15,3,1,131.349,33.2347,80.993,91.74,57.18
16,3,1,131.187,33.2518,81.0681,93.71,57.91
17,3,1,131.291,33.2313,81.021,92.36,57.34
18,3,1,131.193,33.2202,81.0733,92.37,56.46
19,3,1,131.198,33.2363,81.0562,92.09,56.1
20,3,1,131.321,33.1944,81.0166,93.27,56.29
21,3,1,131.25,33.2544,81.0575,90.11,56.91
22,3,1,131.282,33.2235,81.0318,93.81,57.41
23,3,1,131.367,33.2244,81.0163,92.89,57.03
24,3,1,131.182,33.2481,81.0695,91.16,56.62
25,3,1,131.182,33.2645,81.0777,91.85,57.16
26,3,1,131.268,33.2247,81.052,93.34,56.55
27,3,1,131.222,33.2172,81.0554,91.26,56.89
28,3,1,131.251,33.2248,81.0304,92.24,57.06
29,3,1,131.336,33.2435,80.9851,92.31,57.36
30,3,1,131.169,33.2572,81.0694,93.84,56.72
31,3,1,131.193,33.2474,81.0587,93.18,56.94
32,3,1,131.25,33.2326,81.0525,92.01,56.92
33,3,1,131.238,33.2325,81.0443,92.82,56.6
34,3,1,131.167,33.2025,81.0493,91.41,57.29
35,3,1,131.276,33.1914,81.011,93.43,56.92
36,3,1,131.399,33.1925,80.9908,92.44,57.22
37,3,1,131.091,33.2234,81.1093,93.55,56.93
38,3,1,131.282,33.2126,81.0293,91.85,56.75
39,3,1,131.299,33.2119,81.0066,93.68,56.87
40,3,1,131.204,33.1675,81.0428,93.52,56.31
41,3,1,131.296,33.2106,81.01,92.14,57.13
42,3,1,131.326,33.2026,81.0177,93.4,57.22
43,3,1,131.326,33.208,80.9932,92.3,57.38
44,3,1,131.32,33.2162,80.9774,91.63,56.68
45,3,1,131.296,33.1997,80.9827,91.05,57.22
46,3,1,131.448,33.1266,80.9084,95.59,56.22
47,3,0,0,0,0,0,52.83
48,3,0,0,0,0,0,51.73
49,3,1,356.118,12.0494,23.9593,95.46,56.57
50,3,1,355.919,12.0445,24.2572,97.03,58.68
51,3,1,356.016,12.0307,24.0696,96.3,57.98
52,3,1,356.004,12.0307,24.1171,96.45,59
53,3,1,355.925,12.0319,24.1579,96.91,58.29
54,3,1,356.055,12.0142,24.219,92.58,58.87
55,3,1,355.972,12.0154,24.2271,95.06,59.09
56,3,1,355.973,11.9983,24.2259,92.9,58.74
57,3,1,355.808,12.0049,24.3877,95.05,57.93
58,3,1,355.964,12.084,24.2191,96.05,58.59
59,3,1,355.95,12.0045,24.2095,95.79,59.54
60,3,1,355.941,12.0484,24.1702,96.03,59.33
61,3,1,355.73,12.0773,24.4058,96.04,59.38
62,3,1,355.837,12.0281,24.3014,97.57,58.47
63,3,1,355.788,12.0598,24.3875,94.89,58.8
64,3,1,355.697,12.0249,24.4455,95.65,58.01
65,3,1,355.887,12.0132,24.1953,95.9,59.18
66,3,1,355.859,12.0665,24.3742,96.18,59.33
67,3,1,355.776,12.0375,24.3843,96.97,58.45
68,3,1,355.795,12.0043,24.3579,94.67,58.51
69,3,1,355.583,12.0278,24.501,96.04,58.99
70,3,1,355.662,12.0155,24.4781,97.03,58.81
71,3,1,355.715,12.022,24.4774,95.26,59.48
72,3,1,355.752,12.0477,24.2634,95.17,59.46
73,3,1,355.428,12.0418,24.7286,95.71,57.76
74,3,1,355.868,12.0168,24.3002,95.5,59.66
75,3,1,355.708,12.0281,24.3964,95.4,59.63
76,3,1,355.696,12.0096,24.3736,95.64,59.04
77,3,1,355.518,12.0523,24.6251,96.69,58.76
78,3,1,355.536,12.0411,24.6608,94.16,58.26
79,3,1,355.607,12.0351,24.5134,96.45,58.93
80,3,1,355.68,12.0633,24.4937,95.19,59.36
81,3,1,355.578,11.9913,24.6346,94.85,60.1
82,3,1,355.565,12.0213,24.4635,96.93,58.79
83,3,1,355.534,12.0382,24.5673,95.35,58.75
84,3,1,355.448,12.0179,24.749,95.48,59.89
85,3,1,355.437,12.0392,24.7026,97.82,58.51
86,3,1,355.441,12.0248,24.7739,93.79,59.25
87,3,1,355.295,12.0653,24.8164,95,59.32
88,3,1,355.529,12.0107,24.5863,97.42,59.69
89,3,1,355.336,11.9969,24.7739,94.35,58.79
90,3,1,355.299,12.0392,24.8349,95.78,58.72
91,3,1,355.387,12.0232,24.7366,93.74,59.24
92,3,1,355.553,12.0228,24.5646,96.39,59.1
93,3,1,355.204,12.1036,24.8717,96.7,59.22
94,3,1,355.494,12.0178,24.6506,95.54,59.51
95,3,1,355.641,12.0358,24.5491,95.86,59.9
96,3,1,355.387,12.0243,24.7589,96.98,58.87
97,3,1,355.497,12.0199,24.6253,96.62,59.92
98,3,1,355.327,12.1376,24.8496,97.34,59.09
99,3,1,355.418,12.0119,24.7118,95.72,58.42
100,3,1,355.506,12.0324,24.6622,94.93,59.09
101,3,1,355.181,12.0046,24.9557,95.81,58.52
102,3,1,355.197,11.997,24.9656,95.37,58.46
103,3,1,355.434,12.0684,24.6914,95.94,59.14
104,3,1,355.292,12.0086,24.8302,96.07,58.89
105,3,1,355.464,12.0178,24.6204,96.41,59.85
106,3,1,355.228,12.0087,24.8374,94.78,59.13
107,3,1,355.256,12.0541,24.8444,96.5,58.87
108,3,1,355.441,12.002,24.7417,94.98,58.88
109,3,1,355.049,12.0831,25.1105,95.91,58.77
110,3,1,355.262,12.0677,24.934,96.84,59.31
111,3,1,354.957,12.0191,25.157,95.51,57.36
112,3,0,0,0,0,0,55.5
113,3,1,128.164,39.3105,38.3382,96.2,55.33
114,3,1,128.06,39.2938,38.4025,95.16,57.21
115,3,1,128.101,39.3274,38.3541,95.89,56.86
116,3,1,128.107,39.3306,38.3353,95.55,56.98
117,3,1,128.107,39.2754,38.3529,95.2,56.96
118,3,1,128.086,39.2948,38.3749,96.83,56.29
119,3,1,128.039,39.2985,38.3917,95.97,57.1
120,3,1,128.154,39.4305,38.4734,88.88,56.8
121,3,1,128.053,39.279,38.3899,95.05,56.44
122,3,1,128.102,39.2491,38.418,96.28,57.41
123,3,1,128.085,39.2564,38.3801,97.68,56.11
124,3,1,128.122,39.2714,38.3675,96.19,56.28
125,3,0,0,0,0,0,55.5
126,3,1,355.098,12.0485,25.0321,95.19,56.62
127,3,1,355.202,12.0649,24.7721,92.53,59.2
128,3,1,355.027,12.0232,25.1031,96.6,59.13
129,3,1,355.056,12.0113,25.0029,95.3,58.88
130,3,1,355.175,11.9979,24.8916,97.33,59.1
131,3,1,354.967,12.0264,25.1602,93.75,58.56
132,3,1,354.967,12.0299,25.207,96.7,59.5
133,3,1,355.062,12.0146,24.9612,96.99,59.22
134,3,1,355.082,12.0292,25.0321,95.99,59.53
135,3,1,355.143,12.0236,24.9907,95.45,59.47
136,3,1,354.931,12.052,25.1892,96.75,58.59
137,3,1,355.026,12.0289,25.105,95.93,59.48
138,3,1,355.075,12.0399,25.0229,95.34,58.75
139,3,1,355.121,12.0662,24.9313,95.49,59.71
140,3,1,354.917,12.1315,25.2365,94.93,58.63
141,3,1,355.042,12.0281,25.1253,94.51,59.08
142,3,1,354.968,12.0234,25.1415,94.72,58.98
143,3,1,354.95,12.058,25.1904,95.68,59.1
144,3,1,354.893,12.0213,25.1053,95.3,59.47
145,3,1,355.082,12.1249,25.0142,96.35,58.75
146,3,1,355.091,12.0555,24.8777,94.62,59.37
147,3,1,355.019,12.0154,25.0734,95.77,59.02
148,3,1,354.959,12.098,25.1132,96,58.68
149,3,1,354.871,12.0117,25.1794,95.47,59.62
150,3,1,354.897,12.0527,25.1221,94.52,58.7
151,3,1,355.108,12.0313,24.9644,96.34,59.32
152,3,1,354.973,12.0301,25.0774,95.7,59.14
153,3,1,354.827,12.0318,25.2236,94.1,59.46
154,3,1,354.823,12.0119,25.3263,95.02,59.35
155,3,1,354.898,12.0319,25.1375,96.51,59.7
156,3,1,354.559,12.1047,25.4705,95.76,59.24
157,3,1,354.775,12.0348,25.3472,95.46,59.57
158,3,1,354.791,12.0233,25.2393,95.6,58.75
159,3,1,354.851,12.0738,25.2247,95.96,59.24
160,3,1,354.813,12.0342,25.2548,96.02,59.46
161,3,1,354.896,12.0327,25.1749,96.35,58.71
162,3,1,354.987,12.1107,25.1059,94.56,58.82
163,3,1,354.755,12.0315,25.3097,94.99,59.41
164,3,1,354.857,12.046,25.2047,94.39,58.87
165,3,1,354.659,12.0502,25.4027,92.44,58.67
166,3,1,354.7,12.0252,25.3615,94.04,59.65
167,3,1,354.774,12.0482,25.2422,94.91,59.43
168,3,1,354.724,12.1381,25.2486,95.07,59.43
169,3,1,354.855,12.0356,25.218,95.53,58.96
170,3,1,354.7,12.0286,25.4376,92.41,58.95
171,3,1,354.795,12.0096,25.3764,94.37,59.52
172,3,1,354.713,12.0312,25.3677,96.18,59.01
173,3,1,354.66,12.0338,25.3647,96.25,58.49
174,3,1,354.873,12.0221,25.185,95.49,59.57
175,3,1,354.821,12.0219,25.1586,96.89,59.92
176,3,1,354.704,12.0213,25.3303,96.64,59.3
177,3,1,354.689,12.134,25.3721,96.01,59.28
178,3,1,354.636,12.045,25.4218,95.11,59.38
179,3,1,354.586,12.0384,25.4768,93.87,59.04
180,3,1,354.852,12.0699,25.1821,96.44,58.65
181,3,1,354.707,12.02,25.3634,96.18,59.05
182,3,1,354.602,12.0384,25.5629,95.8,58.32
183,3,1,354.563,12.0262,25.5109,95.23,59.4
184,3,1,354.562,12.0408,25.5756,96.9,59.71
185,3,1,354.571,12.0463,25.5407,96.02,59.28
186,3,1,354.496,12.0185,25.5742,97.56,59.33
187,3,1,354.495,12.0392,25.6012,96.11,59.35
188,3,1,354.531,12.0571,25.5489,96.81,59.64
189,3,1,354.201,12.0278,25.6993,89.63,56.91
190,3,1,124.712,40.5654,32.4407,71.92,52.7
191,3,1,124.354,40.8231,33.1004,93.47,56.16
192,3,1,124.276,40.8381,33.1863,91.02,56.26
193,3,1,124.337,40.8085,33.1645,94.74,56.96
194,3,1,124.333,40.699,33.2464,95.12,57.25
195,3,1,124.25,40.8105,33.1666,92.47,58.63
196,3,1,124.301,40.8323,33.1439,91.71,57.93
197,3,1,124.374,40.7849,33.0934,92.46,57.68
198,3,1,124.438,40.8231,33.0781,91.42,58.01
199,3,1,124.403,40.887,33.16,93.56,57.12
200,3,1,124.258,40.7786,33.2058,92.31,57.35
201,3,1,124.329,40.7395,33.2121,93.69,57.55
202,3,1,124.017,40.7717,33.3087,83.75,56.72
203,3,1,282.411,31.0127,59.9344,88.84,57.69
204,3,1,282.433,31.1542,59.773,85.26,58.83
205,3,1,282.362,31.1082,59.9655,91.78,59.19
206,3,1,282.299,31.1233,60.0285,94.43,60.53
207,3,1,282.441,31.1821,59.8497,91.73,59.33
208,3,1,282.449,31.1895,59.9909,90.99,59
209,3,1,282.535,31.2501,59.8808,91.91,59.59
210,3,1,282.33,31.1385,60.0304,90.48,59.83
211,3,1,282.708,31.2876,59.7125,89.74,59.44
212,3,1,282.602,31.2659,59.6943,89.83,59.27
213,3,1,282.58,31.2311,59.7305,92.8,59.4
214,3,1,282.357,31.0782,59.8889,87,60.12
215,3,1,282.505,31.0983,59.799,87.59,59.44
216,3,1,282.575,31.2473,59.7927,90.67,59.37
217,3,1,282.541,31.2518,59.7879,92.13,59.31
218,3,1,282.361,31.191,59.9597,89.71,59.55
219,3,1,282.653,31.2916,59.7633,90.41,58.24
220,3,1,282.48,31.1957,59.7211,76.21,56.43
221,3,0,0,0,0,0,55.06
222,3,1,342.764,21.5281,66.7864,91.98,57.02
223,3,1,342.732,21.5903,66.7413,93.98,57.88
224,3,1,342.502,21.4323,66.9565,93.3,58.15
225,3,1,342.6,21.4624,66.7804,92.27,56.76
226,3,1,342.566,21.4945,66.8492,90.23,58.28
227,3,1,342.656,21.5498,66.7919,92.63,57.1
228,3,1,342.538,21.4919,66.8289,91.44,57.09
229,3,1,342.579,21.4638,66.8373,89.38,57.69
230,3,1,342.606,21.5385,66.6503,89.97,57.01
231,3,1,342.597,21.5391,66.7308,91.36,57.41
232,3,1,342.495,21.4966,66.8753,91.04,57.33
233,3,1,342.582,21.4566,66.8766,92.78,58.7
234,3,1,342.5,21.522,66.8615,91.79,56.49
235,3,1,168.157,26.7387,23.8365,87.69,55.71
236,3,1,168.027,26.8067,23.8854,90.5,57.66
237,3,1,168.181,26.844,23.7838,92.32,58.67
238,3,1,168.056,26.744,23.9327,95.6,58.15
239,3,1,168.183,26.8531,23.7559,91.07,59.05
240,3,1,167.982,26.7568,23.957,94.88,58.05
241,3,1,168.099,26.8469,23.7916,90.83,58.21
242,3,1,168.29,26.858,23.7059,92.56,59.4
243,3,1,168.192,26.7669,23.8319,94.33,58.95
244,3,1,168.197,26.7472,23.8463,95.94,58.59
245,3,1,168.043,26.7196,23.9507,95.98,58.39
246,3,1,168.131,26.825,23.7965,92.12,58.36
247,3,1,168.237,26.7547,23.8201,95.01,57.72
248,3,1,168.192,26.8145,23.7648,92.18,58.88
249,3,1,168.295,26.8019,23.6441,93.27,59.05
250,3,1,168.206,26.8355,23.7378,92.43,59.69
251,3,1,168.226,26.7729,23.7874,95.65,59.29
252,3,1,168.21,26.847,23.6918,93.56,58.92
253,3,1,168.277,26.7667,23.769,93.64,57.84
254,3,1,168.282,26.8174,23.6606,92.51,67.19
255,3,0,0,0,0,0,36.39
0,4,1,131.437,33.1269,80.7638,82.63,37.88
1,4,0,0,0,0,0,35.33
2,4,0,0,0,0,0,34.69
3,4,0,0,0,0,0,34.66
4,4,1,131.255,33.3446,81.0048,91.57,41.6
5,4,1,131.199,33.2642,81.076,92.88,54.79
6,4,1,131.181,33.2476,81.0702,92.13,55.26
7,4,1,131.302,33.2377,81.014,92.32,55.38
8,4,1,131.242,33.2121,81.1044,93.64,56.45
9,4,1,131.138,33.2375,81.0764,92.02,55.78
10,4,1,131.296,33.2104,81.016,94.13,55.68
11,4,1,131.257,33.243,81.0264,91.04,56.11
12,4,1,131.213,33.2844,81.0257,93.22,56.65
13,4,1,131.261,33.275,81.0468,93.05,56.9
14,4,1,131.257,33.2292,81.0378,92.12,56.41
15,4,1,131.2,33.2604,81.0516,92.75,56.78
16,4,1,131.248,33.206,81.0443,93.18,56.38
17,4,1,131.3,33.2552,81.0399,90.94,56.51
18,4,1,131.175,33.2164,81.0984,91.22,56.4
19,4,1,131.165,33.3265,81.1698,91.25,57.18
20,4,1,131.206,33.2244,81.054,92.05,56.52
21,4,1,131.158,33.2342,81.0736,91.83,56.78
22,4,1,131.295,33.223,81.0198,92.25,56.52
23,4,1,131.259,33.2503,81.0186,92.69,57.13
24,4,1,131.319,33.2303,80.991,94.25,57.16
25,4,1,131.229,33.2296,81.0501,92.71,57.3
26,4,1,131.278,33.2375,81.0159,94.03,57.16
27,4,1,131.133,33.2275,81.0785,91.17,57.58
28,4,1,131.285,33.2232,81.0275,92.45,57.64
29,4,1,131.274,33.236,81.0207,93.41,56.91
30,4,1,131.286,33.2468,81.0319,90.85,57.48
31,4,1,131.25,33.2432,81.0045,91.97,57.21
32,4,1,131.151,33.2286,81.0687,92.58,57.14
33,4,1,131.279,33.1959,81.0093,93.46,56.17
34,4,1,131.266,33.2332,81.031,92.94,57.38
35,4,1,131.255,33.191,81.059,92.31,56.41
36,4,1,131.263,33.2444,81.0371,90.79,57.27
37,4,1,131.305,33.2065,80.9964,91.97,57.14
38,4,1,131.412,33.0082,80.9173,85.68,57.44
39,4,1,131.339,33.2114,81.0017,91.37,57.14
40,4,1,131.347,33.212,80.9907,91.54,57.04
41,4,1,131.372,33.1721,80.9518,93.08,56.99
42,4,1,131.327,33.2122,80.9672,92.55,57.62
43,4,1,131.332,33.1994,80.9825,94.01,57.04
44,4,1,131.258,33.2072,81.0108,92.76,57.06
45,4,1,131.151,33.1779,81.0413,91.45,55.85
46,4,0,0,0,0,0,52.9
47,4,1,355.338,18.6442,85.8467,92.3,50.56
48,4,0,0,0,0,0,54.81
49,4,1,356.096,12.0185,24.0858,95.91,58.88
50,4,1,355.933,12.0361,24.208,97.09,58.12
51,4,1,356.14,12.0065,24.083,95.78,58.95
52,4,1,356.095,12.0248,24.0114,95.69,59.13
53,4,1,356.041,12.0229,24.107,94.91,58.18
54,4,1,356.061,12.0411,24.1081,98.26,59.75
55,4,1,355.932,12.0152,24.2805,95.13,58.8
56,4,1,356.015,12.0211,24.1151,97,59.54
57,4,1,355.983,12.047,24.1107,97.29,58.29
58,4,1,355.875,12.0207,24.2391,95.32,59.13
59,4,1,355.815,12.0204,24.4294,96.32,58.52
60,4,1,355.838,12.0203,24.2747,93.86,59.14
61,4,1,356.074,12.0049,24.172,93.73,58.71
62,4,1,355.6,12.0839,24.551,95.26,59.63
63,4,1,355.71,12.0175,24.4144,96.37,59.1
64,4,1,355.839,12.0674,24.2458,95.88,58.45
65,4,1,355.829,12.0147,24.2917,95.74,58.9
66,4,1,355.771,12.0155,24.356,96.63,58.27
67,4,1,355.764,12.0255,24.3636,97.78,59.29
68,4,1,355.751,12.0249,24.4396,95.25,58.8
69,4,1,355.705,12.0153,24.5193,93.97,58.61
70,4,1,355.627,12.0715,24.5063,96.49,59.69
71,4,1,355.686,12.0165,24.4905,95.57,59.41
72,4,1,355.653,12.0168,24.4789,97.21,59.25
73,4,1,355.788,12.0448,24.3381,96.33,58.88
74,4,1,355.858,12.027,24.2895,98.02,59.62
75,4,1,355.548,12.0116,24.5632,94.92,59.78
76,4,1,355.562,12.1399,24.5639,95.71,59.25
77,4,1,355.68,12.0172,24.453,96.4,59.15
78,4,1,355.772,12.0074,24.278,94.97,59.32
79,4,1,355.555,12.0171,24.6162,96.23,58.94
80,4,1,355.496,12.0155,24.6181,94.6,59.14
81,4,1,355.579,12.0168,24.5034,95,59.25
82,4,1,355.486,12.0175,24.6459,94.23,59.43
83,4,1,355.644,12.0126,24.4403,96.22,59.06
84,4,1,355.671,11.9992,24.4246,96.18,59.61
85,4,1,355.446,12.0097,24.6481,95.51,58.64
86,4,1,355.538,12.0255,24.5974,96.05,58.64
87,4,1,355.527,12.0123,24.5394,96.87,59.71
88,4,1,355.408,12.0373,24.7602,96.2,58.85
89,4,1,356.184,11.8991,24.0352,87.27,59.68
90,4,1,355.251,12.0873,24.9113,95.58,58.77
91,4,1,355.583,12.0159,24.6455,95.97,58.03
92,4,1,355.771,12.0224,24.3594,96.27,59.02
93,4,1,355.541,12.0128,24.5996,94.79,58.75
94,4,1,355.334,12.0495,24.802,96.38,58.33
95,4,1,355.618,12.0194,24.4933,96.03,59.2
96,4,1,355.433,12.0266,24.662,96.23,59.17
97,4,1,355.599,12.0302,24.5186,95.79,58.57
98,4,1,355.493,12.0277,24.6407,95.37,59.58
99,4,1,355.415,12.0197,24.737,96.77,58.89
100,4,1,355.519,12.059,24.4785,96.25,59.1
101,4,1,355.568,12.001,24.4596,95.62,58.61
102,4,1,355.319,12.0859,24.7847,95.03,58.94
103,4,1,355.312,12.0023,24.8424,96.59,59.16
104,4,1,355.198,12.0239,24.9733,95.95,58.99
105,4,1,355.196,12.0683,24.9908,96.45,59.01
106,4,1,355.32,12.0166,24.7459,95.86,59.13
107,4,1,355.252,12.01,24.8329,95.59,59.25
108,4,1,355.218,12.0259,24.9624,95.63,59.05
109,4,1,355.113,12.1575,25.0558,97.75,59.65
110,4,1,354.901,12.088,25.2113,95.83,57.38
111,4,0,0,0,0,0,55.11
112,4,1,128.019,39.3178,38.3917,94.47,55.63
113,4,1,127.945,39.293,38.5092,95.84,56.51
114,4,1,128.066,39.2917,38.3766,94.05,54.78
115,4,1,128.127,39.3239,38.3413,97.18,56.09
116,4,1,128.117,39.299,38.3873,95.98,56.41
117,4,1,128.145,39.2996,38.3523,95.83,56.86
118,4,1,128.108,39.2921,38.3986,94.41,56.35
119,4,1,127.953,39.301,38.427,97.79,55.41
120,4,1,128.118,39.2643,38.3888,95.7,55.94
121,4,1,128.168,39.253,38.3761,95.23,56.69
122,4,1,128.061,39.2507,38.3851,97.56,56.66
123,4,1,128.134,39.2514,38.3599,94.17,56.08
124,4,1,128.085,39.2914,38.3509,86.55,54.08
125,4,0,0,0,0,0,55.56
126,4,1,354.893,12.0041,25.1337,95.68,58.04
127,4,1,355.056,12.0142,25.1284,95.29,58.22
128,4,1,355.122,12.1258,25.04,96.47,59.12
129,4,1,355.143,12.0181,24.9035,93.13,59.12
130,4,1,355.057,12.0291,24.9853,95.45,59.1
131,4,1,355.076,12.0131,25.0376,92.22,58.42
132,4,1,354.897,12.0439,25.1324,96.08,58.24
133,4,1,355.055,12.0302,24.97,95.85,59.46
134,4,1,355.082,12.0488,25.0788,94.68,59.08
135,4,1,355.119,12.0358,24.8732,94.13,59.52
136,4,1,354.8,12.181,25.1982,94.49,58.56
137,4,1,354.998,12.0229,25.1488,95.27,59.41
138,4,1,354.942,12.0222,25.2204,94.23,58.28
139,4,1,355.128,12.0479,24.9986,94.95,59.74
140,4,1,354.934,12.0923,25.0931,97.1,58.82
141,4,1,355.051,12.0646,24.9779,95.52,58.79
142,4,1,354.931,12.0816,25.122,93.52,59.35
143,4,1,355.016,12.0675,25.0725,94.46,58.8
144,4,1,355.026,12.0185,25.0506,95.37,59.2
145,4,1,355.005,12.0363,25.0559,95.32,59.07
146,4,1,355.013,12.0384,25.1753,96.78,58.82
147,4,1,354.997,12.0347,25.0434,95.16,59.81
148,4,1,354.865,12.0163,25.2594,94.2,60.06
149,4,1,354.934,12.0228,25.1752,93.79,59
150,4,1,354.924,12.0207,25.1831,95.93,60.05
151,4,1,355.006,12.0222,25.0563,94.35,58.89
152,4,1,354.76,12.057,25.407,96.37,59.27
153,4,1,354.912,12.0476,25.1205,96.7,59.97
154,4,1,354.815,12.018,25.2981,95.24,59.95
155,4,1,355.027,12.0265,25.0061,96.73,59.01
156,4,1,354.93,12.0332,25.1252,95.99,59.21
157,4,1,354.704,12.0055,25.3982,95.53,58.47
158,4,1,354.725,12.0457,25.2843,96.3,58.13
159,4,1,354.922,12.0357,25.1543,95.93,59.72
160,4,1,354.908,12.0307,25.16,96.08,59.98
161,4,1,354.612,12.16,25.4935,95,59.39
162,4,1,354.838,12.0438,25.2336,97.23,59.49
163,4,1,354.89,12.0256,25.2932,94.08,59.24
164,4,1,354.665,12.0372,25.5119,93.19,58.9
165,4,1,354.659,12.0429,25.3313,96.25,59.59
166,4,1,354.743,12.0366,25.2858,96.13,59.25
167,4,1,354.663,12.0602,25.3934,96.11,58.4
168,4,1,354.721,12.0327,25.3641,94.54,59.88
169,4,1,354.814,12.1406,25.2895,95.28,59.04
170,4,1,354.591,12.067,25.4447,96.06,58.68
171,4,1,354.731,12.0201,25.3501,94.65,59.44
172,4,1,354.401,12.0896,25.6497,96.62,58.6
173,4,1,354.693,12.0186,25.3317,95.71,59.48
174,4,1,354.627,12.0335,25.4218,95.4,59.28
175,4,1,354.641,12.0735,25.4136,96.69,59.72
176,4,1,354.651,12.0073,25.4381,94.81,59.58
177,4,1,354.731,12.0756,25.3557,96.99,59.58
178,4,1,354.53,12.0872,25.5778,96.43,59.48
179,4,1,354.771,12.0201,25.3815,96.17,58.87
180,4,1,354.648,12.0497,25.4638,96.6,59.59
181,4,1,354.312,12.091,25.8363,95.12,58.83
182,4,1,354.717,12.0696,25.3169,96.97,58.93
183,4,1,354.663,12.03,25.42,94.31,58.97
184,4,1,354.634,12.0212,25.3795,94.79,59.06
185,4,1,354.498,12.0534,25.5594,95.98,58.78
186,4,1,354.558,12.027,25.522,94.49,59.28
187,4,1,354.6,12.0376,25.4564,96.17,59.56
188,4,1,354.517,12.0383,25.5559,97.01,59.63
189,4,1,354.543,12.1277,25.5747,96,59.24
190,4,0,0,0,0,0,53.61
191,4,1,124.343,40.6835,33.2372,89.77,54.4
192,4,1,124.339,40.8419,33.2177,91.93,55.78
193,4,1,124.228,40.8295,33.2423,94.82,56.43
194,4,1,124.373,40.8242,33.0552,91.58,57.23
195,4,1,124.333,40.8077,33.1709,93.7,57.02
196,4,1,124.423,40.8166,33.0683,93.04,57.64
197,4,1,124.338,40.837,33.1776,93.95,56.19
198,4,1,124.278,40.7499,33.2917,95.18,56.94
199,4,1,124.398,40.8628,33.2185,94.82,57.04
200,4,1,124.623,40.9373,32.7478,87.78,57.36
201,4,1,124.233,40.8886,33.1929,91.91,57.01
202,4,1,124.269,40.8312,33.2055,94.14,55.75
203,4,1,282.509,31.1766,59.9447,91.14,57
204,4,1,282.635,31.0791,59.7825,87.66,58.7
205,4,1,282.543,31.1673,59.8957,91.54,59.02
206,4,1,282.539,31.2096,59.8652,90.35,59.13
207,4,1,282.322,31.1161,60.0278,90.11,59.73
208,4,1,282.604,31.2365,59.7857,88.93,59.72
209,4,1,282.509,31.0307,59.8323,89.25,58.99
210,4,1,282.238,30.9696,59.9912,90.27,59.24
211,4,1,282.482,31.1559,59.8849,92.08,59.8
212,4,1,282.322,31.0419,59.9451,90.1,60.05
213,4,1,282.59,31.2453,59.8245,92.08,59.48
214,4,1,282.686,31.1361,59.6706,89.61,59.91
215,4,1,282.498,31.2296,59.7588,90.25,59.31
216,4,1,282.605,31.2504,59.7814,89.55,59.31
217,4,1,282.676,31.3063,59.7236,88.72,59.78
218,4,1,282.433,31.2493,59.9366,92.14,58.03
219,4,1,282.534,31.0893,59.7541,75.83,57.01
220,4,0,0,0,0,0,55.8
221,4,1,342.797,21.5375,66.5241,89.33,56.58
222,4,1,342.745,21.5973,66.8009,94.01,57.42
223,4,1,342.492,21.4454,67.0474,91.41,57.66
224,4,1,342.556,21.4824,66.8144,92.62,57.85
225,4,1,342.617,21.4746,66.7994,91.53,57.74
226,4,1,342.717,21.6043,66.6823,95.03,57.23
227,4,1,342.692,21.5816,66.7918,94.61,58.36
228,4,1,342.71,21.47,66.6942,92.67,57.41
229,4,1,342.704,21.5957,66.7682,93.2,57.44
230,4,1,342.624,21.5113,66.7096,90.32,57.61
231,4,1,342.615,21.5129,66.8482,93.97,58.17
232,4,1,342.488,21.4826,66.8783,92.3,58.07
233,4,1,342.664,21.4529,66.8336,90.49,57.16
234,4,1,342.515,21.4868,66.7615,90.56,55.2
235,4,1,167.997,26.7403,23.9845,89.16,57.09
236,4,1,168.156,26.8759,23.7963,92.55,57.66
237,4,1,167.944,26.8064,23.9206,91.82,57.55
238,4,1,168.196,26.7684,23.8585,96.81,58.91
239,4,1,168.213,26.7417,23.8489,94.6,58.52
240,4,1,168.201,26.7523,23.8646,94.55,58.54
241,4,1,168.187,26.7329,23.8175,94.7,58.29
242,4,1,168.147,26.7758,23.8924,96.58,59.1
243,4,1,168.056,26.7395,23.9058,94.57,57.76
244,4,1,168.255,26.7795,23.8747,95.05,58.58
245,4,1,168.279,26.7556,23.8133,95.43,58.74
246,4,1,168.238,26.7672,23.7901,94.69,59.13
247,4,1,168.227,26.7626,23.8096,94.44,59.45
248,4,1,168.177,26.7703,23.8474,94.39,57.93
249,4,1,168.278,26.7433,23.7878,95.08,58.34
250,4,1,168.216,26.7655,23.8238,93.07,58.45
251,4,1,168.345,26.795,23.6996,93.71,58.65
252,4,1,168.287,26.8053,23.7866,95.18,58.2
253,4,1,168.453,26.7748,23.591,92.37,56.15
254,4,1,168.358,26.8928,23.5703,90.98,38.77
255,4,0,0,0,0,0,36.77
0,5,0,0,0,0,0,36.07
1,5,0,0,0,0,0,33.98
2,5,0,0,0,0,0,30.82
3,5,0,0,0,0,0,33.95
4,5,1,131.135,33.3995,81.0128,91.8,38.72
5,5,1,131.131,33.2864,81.0828,92.01,53.68
6,5,1,131.18,33.2376,81.0698,93.14,55.49
7,5,1,131.197,33.3397,81.1672,91.41,55.62
8,5,1,131.349,33.2051,80.9924,94.08,56.13
9,5,1,131.238,33.2191,81.0612,93.95,55.22
10,5,1,131.342,33.2193,81.0049,94.26,56.62
11,5,1,131.27,33.2384,81.0481,93.81,56.19
12,5,1,131.349,33.2051,80.992,93.27,55.95
13,5,1,131.341,33.2162,80.9802,94.3,56.25
14,5,1,131.191,33.2309,81.0784,91.73,56.29
15,5,1,131.27,33.2412,81.0487,92.49,56.8
16,5,1,131.309,33.2394,81.0044,92.74,56.84
17,5,1,131.277,33.3179,81.1495,93.69,56.84
18,5,1,131.437,33.2391,80.9731,92.55,56.92
19,5,1,131.25,33.2624,81.0338,91.55,56.65
20,5,1,131.206,33.2329,81.0572,92.73,57.02
21,5,1,131.204,33.2265,81.0589,92.56,56.16
22,5,1,131.29,33.2347,81.0233,90.45,57
23,5,1,131.192,33.2321,81.076,92.57,57.39
24,5,1,131.386,33.0428,80.9372,85.86,56.61
25,5,1,131.283,33.2299,81.027,92.87,56.78
26,5,1,131.203,33.2214,81.0586,94.65,56.74
27,5,1,131.372,33.236,80.9861,93.21,57.1
28,5,1,131.297,33.2281,81.0379,92.23,57.49
29,5,1,131.322,33.2141,81.0199,92.88,57.14
30,5,1,131.32,33.2061,81.0071,93.07,56.42
31,5,1,131.358,33.2146,81.0005,91.63,57.21
32,5,1,131.25,33.2439,81.0296,92.87,57.23
33,5,1,131.261,33.2143,81.0088,92.14,57.22
34,5,1,131.231,33.2389,81.0294,91.34,56.48
35,5,1,131.271,33.1971,81.0349,92.27,56.66
36,5,1,131.254,33.2043,81.0205,93.59,57.18
37,5,1,131.347,33.2144,80.9904,91.45,57.24
38,5,1,131.4,33.0071,80.9338,85.6,56.87
39,5,1,131.353,33.2107,81.0072,92.07,57.18
40,5,1,131.292,33.2244,80.9928,93.18,57.73
41,5,1,131.228,33.2234,81.0303,92.52,57.03
42,5,1,131.206,33.0614,80.8719,83.1,57.12
43,5,1,131.308,33.2108,80.993,93.65,57.53
44,5,1,131.274,33.2173,80.9908,92.1,57.14
45,5,1,131.416,33.1464,80.932,94.99,54.03
46,5,0,0,0,0,0,51.24
47,5,0,0,0,0,0,50.94
48,5,1,355.851,12.014,24.2727,94.15,55.4
49,5,1,356.125,12.0137,24.0023,96.06,58.97
50,5,1,355.983,12.0092,24.1779,97.63,58.37
51,5,1,356.146,11.9993,23.9635,95.33,58.67
52,5,1,356.068,12.0157,24.0367,95.91,58.48
53,5,1,355.9,12.0166,24.2503,94.47,59.35
54,5,1,355.929,12.0444,24.1826,94.58,58.1
55,5,1,355.999,12.0642,24.095,97.53,59.06
56,5,1,355.952,12.0001,24.1767,95.26,57.99
57,5,1,355.868,12.0048,24.2802,95.6,58.6
58,5,1,355.856,12.0112,24.3179,96.59,59.29
59,5,1,355.904,12.1036,24.2596,96.91,59.23
60,5,1,355.898,12.0155,24.1367,94.97,57.53
61,5,1,355.793,12.0267,24.2639,95.22,59.53
62,5,1,355.775,12.0549,24.3104,93.28,58.73
63,5,1,355.915,12.0105,24.2241,95,59.76
64,5,1,355.827,11.9887,24.3172,96.83,58.9
65,5,1,355.813,12.0117,24.2357,94.96,58.92
66,5,1,355.673,12.0397,24.4222,95.89,58.23
67,5,1,355.737,12.0105,24.4062,98,59.41
68,5,1,355.731,12.0072,24.4167,96.36,58.93
69,5,1,355.601,12.0198,24.5725,95.6,58.65
70,5,1,355.511,12.0632,24.6986,95.93,59
71,5,1,355.538,12.0626,24.6542,96.35,59.54
72,5,1,355.67,12.0632,24.501,95.58,59.06
73,5,1,355.695,12.0142,24.4568,95.52,58.65
74,5,1,355.642,12.0058,24.4779,96.67,58.69
75,5,1,355.68,12.0857,24.4741,97.99,59.65
76,5,1,355.728,12.0465,24.3581,95.67,58.34
77,5,1,355.726,12.0933,24.4296,96.9,58.94
78,5,1,355.666,11.989,24.3701,96.7,59.39
79,5,1,355.576,11.9877,24.582,94.7,58.66
80,5,1,355.593,11.9945,24.6263,94.5,59.68
81,5,1,355.502,12.0089,24.7144,94.64,58.91
82,5,1,355.613,11.9966,24.512,95.91,59.59
83,5,1,355.509,12.0189,24.5529,96.13,59.75
84,5,1,355.584,12.0913,24.5126,95.83,59.36
85,5,1,355.516,11.9928,24.5692,94.02,59.16
86,5,1,355.384,12.033,24.7346,96.51,59
87,5,1,355.662,12.0025,24.451,94.61,59.05
88,5,1,355.579,11.9928,24.5486,96.55,59.02
89,5,1,355.489,12.0544,24.6565,95.71,59.3
90,5,1,355.391,12.0143,24.7859,95.93,59.12
91,5,1,355.454,12.0199,24.7791,94.21,59.53
92,5,1,355.491,12.0168,24.5336,96.07,58.8
93,5,1,355.486,12.0207,24.6942,96.7,59.39
94,5,1,355.557,12.0039,24.5417,96.33,59.15
95,5,1,355.449,12.0219,24.6279,96.63,58.22
96,5,1,355.362,12.0346,24.762,96.77,59.4
97,5,1,355.414,12.0159,24.7681,96.1,58.79
98,5,1,355.362,12.0116,24.7254,94.59,59.36
99,5,1,355.268,11.9877,24.825,93.71,58.9
100,5,1,355.313,12.007,24.8254,97.88,58.82
101,5,1,355.364,12.0148,24.7763,95.75,58.74
102,5,1,355.261,12.0027,24.842,95.65,58.93
103,5,1,355.145,12.0822,24.9887,97.93,58.19
104,5,1,354.985,12.0766,25.0134,94.82,59.41
105,5,1,355.301,12.0068,24.8017,96.42,59.28
106,5,1,355.211,12.0199,24.872,95.31,59.33
107,5,1,355.162,12.0122,25.008,96.47,59.61
108,5,1,355.264,12.0005,24.7994,95.35,59.14
109,5,1,355.374,11.9978,24.6948,95.89,58.82
110,5,0,0,0,0,0,56.09
111,5,1,128.15,39.2987,38.3938,94.9,54.64
112,5,1,127.97,39.3113,38.4534,92.41,55.88
113,5,1,128.028,39.2919,38.4053,94.33,55.9
114,5,1,128.007,39.3035,38.4134,95.4,56.18
115,5,1,128.055,39.2912,38.4093,96.44,55.7
116,5,1,128.131,39.286,38.3478,96.06,56.04
117,5,1,128.069,39.2654,38.4736,97.42,57.71
118,5,1,128.012,39.3084,38.3994,94.41,57.81
119,5,1,128.138,39.2681,38.36,96.09,56.18
120,5,1,128.127,39.293,38.3595,94.48,56.91
121,5,1,128.156,39.2531,38.3556,95.16,56.79
122,5,1,127.987,39.2653,38.4937,95.12,57.08
123,5,1,128.055,39.291,38.3835,92.25,56.55
124,5,0,0,0,0,0,55.92
125,5,1,355.177,12.0406,24.8801,95.43,58.98
126,5,1,355.165,12.0303,24.9542,96.92,59.13
127,5,1,355.123,12.0219,24.9042,95.57,58.89
128,5,1,355.197,12.0032,24.9098,96.88,58.3
129,5,1,355.109,12.0162,24.9698,94.36,59.4
130,5,1,355.149,12.0222,25.0026,96.77,59.95
131,5,1,355.043,12.0199,25.1053,95.04,59.43
132,5,1,354.927,12.0503,25.1395,96.27,58.76
133,5,1,355.116,12.0829,25.0338,95.37,58.82
134,5,1,355.019,12.0238,25.0893,97.32,59.85
135,5,1,355.075,12.0255,24.968,94.64,59.02
136,5,1,355.092,12.0219,25.0228,94.84,58.41
137,5,1,355.008,12.1185,25.0233,96.13,59.75
138,5,1,355.092,12.0219,24.9689,93.33,59.14
139,5,1,355.031,12.049,25.005,96.51,58.59
140,5,1,354.952,12.1641,25.1875,97.27,58.68
141,5,1,354.931,12.0302,25.1607,95.72,59.03
142,5,1,354.865,12.0361,25.2404,94.54,58.45
143,5,1,354.933,12.0319,25.1758,96.24,59.57
144,5,1,354.907,12.018,25.237,95.27,58.93
145,5,1,354.929,12.0257,25.1965,94.38,59.22
146,5,1,355.084,12.0964,24.9841,94.91,58.97
147,5,1,354.816,12.0793,25.2852,96.42,59.51
148,5,1,354.814,12.0481,25.2873,95.13,58.6
149,5,1,354.909,12.1232,25.2308,97.81,59.16
150,5,1,354.852,12.0183,25.2141,95.29,58.41
151,5,1,355.041,12.0282,25.0461,94.14,58.95
152,5,1,354.847,12.0145,25.2417,93.93,59.59
153,5,1,354.854,12.0263,25.1502,96.06,59.22
154,5,1,354.988,12.0202,25.093,96.1,59.55
155,5,1,354.566,12.1584,25.4869,94.33,57.65
156,5,1,354.829,12.0689,25.2522,97.12,57.01
157,5,1,354.729,12.0617,25.3304,93.82,58.01
158,5,1,354.894,12.0498,25.1913,96.99,58.36
159,5,1,354.805,12.0827,25.1896,94.46,59.15
160,5,1,354.998,12.0758,25.0829,96.34,59.38
161,5,1,354.788,12.0756,25.3666,96.5,58.68
162,5,1,354.658,12.0435,25.3679,94.44,58.98
163,5,1,354.726,12.0384,25.3743,95.88,58.95
164,5,1,354.748,12.0072,25.3237,95.58,58.43
165,5,1,354.911,12.0138,25.1347,96.29,59.1
166,5,1,354.676,12.0163,25.4316,96.24,59.43
167,5,1,354.79,12.0187,25.3042,94.61,59.29
168,5,1,354.798,12.0164,25.2676,96.68,59.19
169,5,1,354.972,12.0972,25.1199,95.7,59.9
170,5,1,354.608,12.03,25.5623,95.65,59.42
171,5,1,354.784,12.0356,25.213,97.03,58.52
172,5,1,354.726,12.0809,25.3902,96.79,59.38
173,5,1,354.827,12.0797,25.1564,95.72,59.36
174,5,1,354.725,12.0974,25.3376,94.71,58.91
175,5,1,354.736,12.0548,25.4403,93.75,59.21
176,5,1,354.701,12.0429,25.3836,95.62,59.17
177,5,1,354.686,12.0169,25.4192,95.27,58.94
178,5,1,354.683,12.0213,25.4366,96.2,59.17
179,5,1,354.718,12.0038,25.3493,96.31,59.22
180,5,1,354.56,12.0103,25.5434,95,59.62
181,5,1,354.597,12.0062,25.5609,95.48,58.59
182,5,1,354.578,12.0357,25.4077,95,59.79
183,5,1,354.696,12.0955,25.4252,96.07,58.74
184,5,1,354.722,12.0116,25.3335,95.14,58.59
185,5,1,354.463,12.1527,25.5664,96.14,58.79
186,5,1,354.563,12.0245,25.5699,96.13,59.07
187,5,1,354.36,12.0623,25.7586,95.96,58.96
188,5,1,354.471,12.0253,25.4908,95.17,58.85
189,5,1,354.62,12.0445,25.4574,94.5,59.48
190,5,1,354.392,12.0757,25.6369,95.89,56.37
191,5,1,124.493,40.471,32.829,75.96,53.23
192,5,1,124.381,40.8014,33.1299,92.19,54.3
193,5,1,124.309,40.8232,33.2305,92.68,56.88
194,5,1,124.372,40.8261,33.18,92.08,56.73
195,5,1,124.349,40.7867,33.05,92.53,56.79
196,5,1,124.384,40.7832,33.0777,94.16,57.47
197,5,1,124.346,40.7796,33.2005,95.6,56.88
198,5,1,124.34,40.8596,33.078,92.14,57.01
199,5,1,124.249,40.9082,33.2379,92.6,56.91
200,5,1,124.272,40.8693,33.0538,92.34,57.71
201,5,1,124.394,40.8578,33.0598,93.7,57.63
202,5,1,124.397,40.8216,33.1019,92.86,57.18
203,5,1,282.54,31.1734,59.8882,82.58,56.37
204,5,1,282.619,31.2255,59.7146,90,58.81
205,5,1,282.264,31.1123,59.9819,89.96,59.24
206,5,1,282.667,31.2539,59.8315,91.23,59.12
207,5,1,282.505,31.1434,59.9836,91.18,59.48
208,5,1,282.461,31.1915,59.8564,90.46,59.57
209,5,1,282.329,31.1309,60.0342,90.19,59.48
210,5,1,282.263,31.1101,60.0616,88.81,59.1
211,5,1,282.511,31.1946,59.8196,89.62,59.01
212,5,1,282.492,31.2012,59.798,90.28,59.22
213,5,1,282.628,31.2749,59.7046,86.12,59.44
214,5,1,282.629,31.2721,59.7671,90.84,59.4
215,5,1,282.656,31.2703,59.7664,87.49,59.91
216,5,1,282.709,31.293,59.663,91.59,59.79
217,5,1,282.625,31.3083,59.6703,88.79,58.37
218,5,0,0,0,0,0,55.95
219,5,0,0,0,0,0,55.81
220,5,1,342.573,21.4756,66.7142,92.66,56.86
221,5,1,342.598,21.4884,66.6643,90.59,56.74
222,5,1,342.796,21.5165,66.6553,92.89,57.13
223,5,1,342.64,21.5398,66.8633,93.67,57.26
224,5,1,342.55,21.4956,66.7081,90.09,58.04
225,5,1,342.535,21.4882,66.9811,92.5,57.76
226,5,1,342.659,21.4342,66.6432,91.78,58.56
227,5,1,342.473,21.4365,67.0305,93.18,57.81
228,5,1,342.499,21.4915,66.854,93.5,57.65
229,5,1,342.512,21.4905,66.8239,89.62,58.21
230,5,1,342.543,21.5159,66.8465,91.47,57.67
231,5,1,342.441,21.4685,66.9108,91.49,57.72
232,5,1,342.656,21.5479,66.7293,93.74,56.95
233,5,1,342.467,21.5116,66.8501,91.62,58.38
234,5,1,342.595,21.5723,66.7349,85.38,55.94
235,5,1,167.928,26.8013,23.9532,92.11,56.83
236,5,1,168.203,26.7567,23.84,95.59,58.5
237,5,1,168.107,26.7519,23.917,92.8,58.31
238,5,1,168.109,26.793,23.9461,93.68,58.12
239,5,1,168.144,26.8101,23.8062,94.32,58.81
240,5,1,168.283,26.8317,23.7242,92.47,59.55
241,5,1,168.097,26.7296,23.876,94.05,58.53
242,5,1,168.205,26.8625,23.7575,93.22,58.93
243,5,1,168.134,26.7721,23.8843,94.66,58.62
244,5,1,168.05,26.8026,23.8533,91.28,58.67
245,5,1,168.137,26.8144,23.7872,89.75,58.4
246,5,1,168.165,26.8243,23.7762,91.58,58.92
247,5,1,168.093,26.8208,23.8558,93.81,59.65
248,5,1,168.35,26.8351,23.5953,92.39,59.15
249,5,1,168.295,26.7645,23.7691,94.16,58.41
250,5,1,168.276,26.7528,23.7681,94.2,58.98
251,5,1,168.296,26.8493,23.6527,91.98,58.71
252,5,1,168.2,26.7666,23.7909,94.93,58.61
253,5,1,168.392,26.8292,23.6899,92.18,54.21
254,5,1,168.375,26.8425,23.5907,83.89,38.06
255,5,0,0,0,0,0,35.63
0,6,1,131.457,33.1252,80.9223,77.49,60.45
1,6,0,0,0,0,0,33.75
2,6,0,0,0,0,0,31.9
3,6,0,0,0,0,0,35.34
4,6,1,131.096,33.4196,80.9175,80.52,36.88
5,6,1,131.33,33.2641,81.0221,90.95,53.04
6,6,1,131.201,33.2447,81.0419,91.99,55.83
7,6,1,131.151,33.2414,81.0856,94.07,55.88
8,6,1,131.233,33.2452,81.0486,92.01,56.9
9,6,1,131.223,33.2332,81.0601,93.46,56.7
10,6,1,131.313,33.2277,81.0361,91.81,57.01
11,6,1,131.313,33.2399,80.9743,92.09,55.45
12,6,1,131.262,33.2403,81.04,94.16,56.73
13,6,1,131.244,33.2749,81.0453,93.35,57.04
14,6,1,131.313,33.2183,80.9945,92.79,56.33
15,6,1,131.279,33.2567,81.0184,91.84,57.14
16,6,1,131.248,33.2258,81.0024,93.83,56.66
17,6,1,131.314,33.2385,81.0162,93.44,56.96
18,6,1,131.384,33.2071,80.9711,93.21,57.11
19,6,1,131.257,33.2677,81.0256,90.98,56.64
20,6,1,131.205,33.2212,81.0568,92.06,56.91
21,6,1,131.16,33.2401,81.0707,91.34,56.62
22,6,1,131.189,33.253,81.0608,92.91,56.5
23,6,1,131.364,33.2363,81.0232,92.55,56.7
24,6,1,131.095,33.2659,81.0922,91.2,57.71
25,6,1,131.309,33.2067,81.0096,91.79,56.65
26,6,1,131.29,33.2419,81.0256,93.17,57.81
27,6,1,131.288,33.2077,80.967,92.2,56.42
28,6,1,131.262,33.3085,81.1451,93.19,56.98
29,6,1,131.276,33.2191,81.0203,92.92,56.46
30,6,1,131.309,33.2508,81.0256,92.71,57.31
31,6,1,131.181,33.2099,81.0581,91.89,56.57
32,6,1,131.345,33.2169,80.9694,93.14,57.4
33,6,1,131.216,33.2192,81.0463,92.04,56.57
34,6,1,131.278,33.2331,81.0141,93.72,57.21
35,6,1,131.387,33.2141,80.9861,93.54,57.17
36,6,1,131.204,33.2389,81.024,91.98,56.79
37,6,1,131.328,33.2113,80.9912,90.46,57.23
38,6,1,131.333,33.2155,80.9845,92.21,56.53
39,6,1,131.306,33.1976,81.0105,92.3,57.13
40,6,1,131.248,33.2174,81.0021,93.44,56.99
41,6,1,131.248,33.1968,80.9888,93.18,57.16
42,6,1,131.269,33.2263,80.9997,92.03,57.95
43,6,1,131.195,33.239,81.0285,92.7,56.26
44,6,1,131.332,33.1125,80.9891,94.83,55.9
45,6,0,0,0,0,0,52.92
46,6,1,355.36,18.6793,86.0115,86.81,50.08
47,6,0,0,0,0,0,53.33
48,6,1,355.982,12.0195,24.1297,95.61,58.24
49,6,1,356.001,12.0226,24.126,93.23,57.71
50,6,1,356.066,12.0187,24.0619,96.32,59.52
51,6,1,356.245,12.0164,23.9778,94.62,58.53
52,6,1,356.086,12.0124,23.9891,96.24,58.68
53,6,1,355.867,12.018,24.2885,96.11,59.18
54,6,1,356.169,11.9865,23.9299,97.02,58.83
55,6,1,355.893,12.0132,24.3362,94.89,59.11
56,6,1,355.942,12.0035,24.191,97.87,58.66
57,6,1,355.912,11.9996,24.2562,94.04,58.99
58,6,1,355.909,12.0015,24.3084,95.4,58.52
59,6,1,355.828,12.0083,24.2465,95.34,59.65
60,6,1,355.797,12.0149,24.3131,97.18,59.37
61,6,1,355.826,12.0407,24.3012,96.15,58.4
62,6,1,355.804,12.0006,24.3324,96.43,58.53
63,6,1,355.819,12.0531,24.2676,95.99,59.1
64,6,1,355.745,12.0164,24.3986,96.79,58.29
65,6,1,355.769,11.9971,24.3436,93.91,59.09
66,6,1,355.711,12.0244,24.4318,95.3,59.1
67,6,1,355.698,12.0124,24.4076,97.08,58.99
68,6,1,355.679,12.0258,24.4805,96.28,59.06
69,6,1,355.798,12.0396,24.3096,96.61,58.89
70,6,1,355.774,12.0668,24.3655,96.81,59.04
71,6,1,355.65,12.0622,24.413,95.64,59.07
72,6,1,355.631,12.0101,24.4891,97.35,58.74
73,6,1,355.636,12.0377,24.4326,96.16,58.98
74,6,1,355.692,11.999,24.3649,95.51,59.75
75,6,1,355.803,12,24.3168,95.34,59.36
76,6,1,355.661,12.0099,24.4531,96.23,58.26
77,6,1,355.637,12.0146,24.4836,96.6,59.24
78,6,1,355.634,12.0071,24.4139,95.72,58.54
79,6,1,355.59,12.0472,24.4695,94.92,58.99
80,6,1,355.738,12.0066,24.4179,96.46,59.27
81,6,1,355.474,11.993,24.5839,95.39,59.21
82,6,1,355.69,11.9867,24.4059,97.91,59.39
83,6,1,355.462,12.0051,24.6465,94.66,58.97
84,6,1,355.699,12.0111,24.4219,95.39,59.45
85,6,1,355.373,12.045,24.7823,97.19,58.67
86,6,1,355.233,12.058,24.8542,96.75,58.02
87,6,1,355.586,12.0761,24.3856,94.92,59.13
88,6,1,355.369,12.0129,24.8114,94.68,59.11
89,6,1,355.369,12.0268,24.802,96.12,58.15
90,6,1,355.406,12.0152,24.7942,95.11,59.21
91,6,1,355.652,12.0093,24.4257,94.89,59.37
92,6,1,355.579,12.0129,24.515,95.13,59.16
93,6,1,355.618,11.9817,24.5408,94.8,58.91
94,6,1,355.469,12.0218,24.6094,96.33,59.11
95,6,1,355.543,12.0179,24.5976,97.27,59.33
96,6,1,355.509,12.0225,24.6422,96.77,59.25
97,6,1,355.341,12.0416,24.7408,94.89,58.56
98,6,1,355.497,12.019,24.6539,96.81,59
99,6,1,355.257,12.0795,24.8721,96.89,59.2
100,6,1,355.35,12.0947,24.7551,94.71,59.3
101,6,1,355.545,11.9895,24.5599,96.14,58.68
102,6,1,355.348,12.0164,24.719,94.88,58.86
103,6,1,355.29,12.0019,24.8129,94.99,58.93
104,6,1,355.133,12.1162,24.9144,96.44,58.92
105,6,1,355.304,12.0091,24.8593,95.63,59.52
106,6,1,355.243,12.0075,24.9311,95.67,58.87
107,6,1,355.223,12.0608,24.9108,96.29,59.32
108,6,1,355.351,11.9997,24.7855,94.68,58.96
109,6,1,355.13,12.0026,24.966,95.31,57.38
110,6,0,0,0,0,0,54.62
111,6,1,128.115,39.3248,38.3607,94.73,55.51
112,6,1,128.142,39.2679,38.3824,94.46,56.97
113,6,1,128.052,39.3032,38.389,95.13,55.66
114,6,1,128.085,39.2919,38.3628,95.76,56.52
115,6,1,128.019,39.3318,38.3972,96.99,56.04
116,6,1,127.967,39.3171,38.4626,95.6,57.12
117,6,1,128.131,39.2802,38.3736,94.23,56.09
118,6,1,128.037,39.2948,38.3921,95.9,57.16
119,6,1,128.143,39.3217,38.3456,96.91,56.76
120,6,1,128.1,39.2646,38.3599,97,57.02
121,6,1,128.126,39.2937,38.3552,96.31,57.24
122,6,1,128.143,39.289,38.3323,93.28,56.29
123,6,1,128.087,39.2745,38.3401,88.56,54.78
124,6,1,355.137,12.0413,25.0281,95.67,56.65
125,6,1,355.214,12.0311,24.8173,96.21,58.3
126,6,1,355.335,12.0023,24.711,95.42,59.02
127,6,1,355.034,12.0631,25.1181,97.39,59.76
128,6,1,354.938,12.0375,25.0917,95.09,58.23
129,6,1,354.952,12.0327,25.1161,96.03,59.21
130,6,1,355.162,12.0097,24.9901,95.22,59.56
131,6,1,354.93,12.0663,25.154,98.21,59.81
132,6,1,355.066,12.0422,25.0275,96.33,58.59
133,6,1,355.1,12.0183,24.9789,95.09,58.98
134,6,1,355.023,12.0225,25.1251,96.51,59.14
135,6,1,355.127,12.0189,24.9414,96.25,59.29
136,6,1,355.065,12.0203,25.0131,94.78,59.66
137,6,1,354.983,12.0403,25.075,95.45,58.55
138,6,1,355.068,12.023,25.1313,92.82,59
139,6,1,355.008,12.0252,25.0138,94.53,58.84
140,6,1,354.849,12.0663,25.2677,96.08,59.7
141,6,1,354.953,12.0225,25.1557,94.62,58.74
142,6,1,355.017,12.024,24.9697,95.53,59.31
143,6,1,354.995,12.0275,25.0626,94.79,59.62
144,6,1,354.957,12.0269,25.0682,96.53,58.94
145,6,1,355.005,12.0475,24.9314,95.45,58.94
146,6,1,354.802,12.0838,25.2753,97.49,58.76
147,6,1,355.07,12.0051,25.0469,95.75,59.55
148,6,1,355.081,12.0021,25.0042,95.96,59.63
149,6,1,354.987,12.053,25.0851,94.23,58.67
150,6,1,354.952,12.0212,25.1581,95.94,59.46
151,6,1,355.112,12.0707,24.9567,95.42,59.7
152,6,1,354.783,12.0078,25.3181,93.96,58.74
153,6,1,354.667,12.0928,25.4193,95.35,58.72
154,6,1,354.877,12.0145,25.1558,95.81,59.41
155,6,1,354.773,12.0167,25.3253,93.17,57.04
156,6,1,354.596,12.0333,25.5518,95.29,57.16
157,6,1,354.967,12.0778,25.1119,94.81,59.17
158,6,1,354.745,12.0278,25.3402,94.82,59.22
159,6,1,354.959,12.0394,24.9837,96.31,58.86
160,6,1,354.801,12.0211,25.2651,96.96,59.54
161,6,1,354.728,12.0164,25.3386,94.78,59.44
162,6,1,354.754,12.0294,25.2568,94.97,59.76
163,6,1,354.782,12.0652,25.3265,94.14,59.01
164,6,1,354.759,12.0155,25.3805,94.63,59.74
165,6,1,354.687,12.0879,25.423,96.26,59.81
166,6,1,354.755,12.0121,25.2905,94.43,59.81
167,6,1,354.689,12.1655,25.4037,94.82,58.8
168,6,1,354.848,12.1195,25.1747,96.11,59.66
169,6,1,354.695,12.0299,25.349,96,59.7
170,6,1,354.781,12.0317,25.1953,95.77,59.73
171,6,1,354.701,12.0046,25.3947,97.26,58.84
172,6,1,354.704,12.0099,25.3802,96.43,59.32
173,6,1,354.598,12.0563,25.4736,94.03,58.88
174,6,1,354.579,12.132,25.5241,95.34,59.11
175,6,1,354.653,12.0308,25.4597,96.02,58.93
176,6,1,354.83,12.0008,25.2119,97.13,58.7
177,6,1,354.621,12.0535,25.49,95.03,59.67
178,6,1,354.667,12.0378,25.4206,93.42,58.83
179,6,1,354.541,12.0125,25.5908,95.11,58.93
180,6,1,354.618,12.0363,25.4057,95.36,59.31
181,6,1,354.6,12.0035,25.5445,93.82,60.02
182,6,1,354.649,12.0295,25.3679,94.23,58.68
183,6,1,354.595,12.0187,25.5853,93.09,59.14
184,6,1,354.63,12.025,25.4827,95.14,59.53
185,6,1,354.525,12.0851,25.4858,96.79,59.29
186,6,1,354.534,12.008,25.5648,95.07,59.16
187,6,1,354.471,12.0236,25.5701,93.61,59.53
188,6,1,354.614,12.024,25.4976,95.76,59.45
189,6,1,354.53,12.0249,25.578,95.39,59.01
190,6,1,354.486,12.05,25.6062,94.61,59.46
191,6,0,0,0,0,0,53.59
192,6,1,124.755,40.645,32.5105,81.34,54.12
193,6,1,124.273,40.7264,33.2593,89.16,54.84
194,6,1,124.335,40.8145,33.2355,94.82,56.92
195,6,1,124.303,40.8142,33.2576,94.98,56.94
196,6,1,124.414,40.8077,33.089,94.92,57.18
197,6,1,124.323,40.8261,33.163,91.02,56.28
198,6,1,124.251,40.8347,33.1041,93.84,57.58
199,6,1,124.496,40.8449,33.0204,94.38,57.77
200,6,1,124.354,40.8746,33.0812,92.88,57.86
201,6,1,124.421,40.8592,33.1106,92.25,56.52
202,6,1,124.399,40.8634,33.0208,90.06,56.94
203,6,0,0,0,0,0,55.13
204,6,1,282.414,31.1764,59.8985,89.36,58.26
205,6,1,282.404,31.1839,59.9134,88.21,58.45
206,6,1,282.298,31.148,60.0215,91.08,59.37
207,6,1,282.382,31.1432,59.9964,91.38,59.84
208,6,1,282.573,31.2419,59.7965,90.15,59.18
209,6,1,282.526,31.2025,59.8855,89.54,59.21
210,6,1,282.5,31.1762,59.878,90.36,58.57
211,6,1,282.688,31.2616,59.7467,88.43,59.91
212,6,1,282.616,31.2546,59.7044,89.38,60.29
213,6,1,282.699,31.1888,59.6224,89.13,59.87
214,6,1,282.341,31.1541,59.9935,90.46,59.44
215,6,1,282.598,31.2735,59.6565,91.22,59.2
216,6,1,282.712,31.3104,59.7168,88.33,58.65
217,6,1,282.776,31.0589,59.713,82.39,57.4
218,6,0,0,0,0,0,55.15
219,6,1,342.716,21.4721,66.7374,93.74,56.18
220,6,1,342.633,21.4751,66.7924,88.49,56.93
221,6,1,342.608,21.4641,66.8231,92.82,57.48
222,6,1,342.689,21.5295,66.789,93.69,57.31
223,6,1,342.551,21.4266,66.9061,87.38,58.56
224,6,1,342.588,21.4594,66.835,93.02,57.58
225,6,1,342.677,21.5686,66.8229,93.94,57.36
226,6,1,342.798,21.552,66.61,95.24,57.06
227,6,1,342.513,21.4993,66.7911,91.41,57.72
228,6,1,342.652,21.4997,66.8112,92.02,57.21
229,6,1,342.607,21.4686,66.6871,93.51,58.34
230,6,1,342.359,21.4355,67.0889,93.67,57.71
231,6,1,342.447,21.4655,67.0148,91.07,58.09
232,6,1,342.614,21.5559,66.8705,94.06,57.77
233,6,1,342.4,21.4753,66.9545,93.39,57.62
234,6,0,0,0,0,0,55.04
235,6,1,168.114,26.8386,23.8371,92.4,58.18
236,6,1,168.151,26.862,23.8003,90.78,57.9
237,6,1,168.144,26.7572,23.8936,94.09,58.21
238,6,1,168.076,26.7765,23.9122,94.22,58.05
239,6,1,168.1,26.7513,23.8998,96.13,58.89
240,6,1,168.175,26.7725,23.855,95.48,59.12
241,6,1,168.161,26.7493,23.8422,94,58.4
242,6,1,168.095,26.7745,23.8869,95.24,59.3
243,6,1,168.346,26.868,23.6031,93.57,59.38
244,6,1,168.299,26.8488,23.7179,90.59,59.29
245,6,1,168.289,26.8522,23.6781,92.66,58.14
246,6,1,168.244,26.8363,23.7233,90.89,59.05
247,6,1,168.214,26.7408,23.7972,95.33,58.83
248,6,1,168.26,26.8497,23.7018,89.42,57.99
249,6,1,168.259,26.7628,23.7871,95.48,58.84
250,6,1,168.253,26.8263,23.6825,92.11,59.11
251,6,1,168.287,26.761,23.7298,94.08,58.44
252,6,1,168.264,26.7792,23.7627,95.29,55.92
253,6,1,168.194,26.8819,23.6976,91.85,45.58
254,6,0,0,0,0,0,36.75
255,6,0,0,0,0,0,50.94
0,7,0,0,0,0,0,37.43
1,7,0,0,0,0,0,36.55
2,7,0,0,0,0,0,32.48
3,7,0,0,0,0,0,34.13
4,7,1,130.958,33.3891,81.1318,84.96,37.62
5,7,1,131.284,33.2781,81.0245,90.64,52.37
6,7,1,131.33,33.2401,81.0023,91.82,55.96
7,7,1,131.219,33.2313,81.066,91.54,56.56
8,7,1,131.278,33.2313,80.9889,93.82,56.13
9,7,1,131.329,33.2063,81.058,95.15,56.33
10,7,1,131.32,33.2348,81.0147,92.54,56.25
11,7,1,131.174,33.2422,81.0523,93.36,56.96
12,7,1,131.242,33.2285,81.0591,92.67,56.18
13,7,1,131.395,33.2479,80.9829,92.1,57.24
14,7,1,131.14,33.2482,81.1032,92.64,56.66
15,7,1,131.189,33.2321,81.0559,91.09,56.68
16,7,1,131.184,33.2476,81.0667,93.43,56.89
17,7,1,131.37,33.2272,80.9877,94.67,56.87
18,7,1,131.214,33.2202,81.0426,94.16,56.03
19,7,1,131.331,33.2271,80.9717,91.44,56.63
20,7,1,131.257,33.2322,81.0123,93.97,57.03
21,7,1,131.28,33.2523,81.0235,94.66,55.87
22,7,1,131.375,33.2322,80.9817,94.72,57.21
23,7,1,131.281,33.2517,81.0137,91.92,57.48
24,7,1,131.263,33.251,81.0386,93.29,56.72
25,7,1,131.281,33.2426,81.0374,95.25,56.6
26,7,1,131.262,33.2299,81.0297,91.67,57.73
27,7,1,131.307,33.2407,81.0261,93.66,57.28
28,7,1,131.351,33.2195,80.9937,94.56,57.32
29,7,1,131.252,33.2072,81.039,91.93,56.5
30,7,1,131.335,33.2219,81.0151,95.19,57.06
31,7,1,131.218,33.2147,81.0354,93.25,56.71
32,7,1,131.212,33.2071,81.0657,92.65,57.77
33,7,1,131.307,33.2376,81.0252,93.38,57.09
34,7,1,131.356,33.2263,80.9806,91.21,56.42
35,7,1,131.333,33.2133,80.9916,93.63,56.63
36,7,1,131.314,33.2273,80.9892,92.2,56.67
37,7,1,131.32,33.2185,81.0034,92.15,57.04
38,7,1,131.313,33.2071,80.9857,91,57.64
39,7,1,131.237,33.2072,81.0313,90.65,57.48
40,7,1,131.256,33.2067,81.0311,91.48,56.97
41,7,1,131.399,33.1828,80.9681,93.68,56.76
42,7,1,131.286,33.2115,80.9918,92.16,57.01
43,7,1,131.268,33.2288,81.0018,91.76,57.17
44,7,1,131.294,33.106,81.025,94.99,54.33
45,7,0,0,0,0,0,51.18
46,7,0,0,0,0,0,49.97
47,7,1,356.013,12.0442,24.0805,94.21,56.24
48,7,1,356.027,12.0077,24.0612,94.02,57.34
49,7,1,356.111,12.0174,24.0131,94.56,58.09
50,7,1,356.177,12.0028,24.0119,96.16,58.7
51,7,1,356.092,12.0055,24.0363,96.57,59.18
52,7,1,355.954,12.012,24.1982,95.1,59.08
53,7,1,356.22,11.9969,23.9309,95.95,58.36
54,7,1,355.867,12.0056,24.2627,95.98,58.4
55,7,1,355.878,12.0085,24.2527,95.95,58.62
56,7,1,355.997,12.0193,24.1826,95.97,58.32
57,7,1,355.732,12.0154,24.4298,96.74,58.95
58,7,1,355.828,12.0138,24.3193,95.6,58.76
59,7,1,355.899,11.9977,24.1975,95.7,59.55
60,7,1,355.839,12.0017,24.3254,95.02,59.31
61,7,1,355.852,12.0128,24.2779,96.67,58.91
62,7,1,355.754,12.0051,24.3706,95.7,59.07
63,7,1,355.88,12.0686,24.2423,95.28,58.68
64,7,1,355.864,12.0018,24.204,95.58,58.95
65,7,1,355.828,12.0069,24.451,95.56,59.41
66,7,1,355.75,12.0044,24.4388,96.99,59.2
67,7,1,355.643,12.0111,24.5243,97.15,58.94
68,7,1,355.65,12.015,24.4888,96.3,58.45
69,7,1,355.748,11.9998,24.4046,97.42,59.31
70,7,1,355.7,12.0059,24.4691,96.77,59.03
71,7,1,355.854,12.0151,24.2877,95.69,59.11
72,7,1,355.481,12.077,24.6182,96.33,58.24
73,7,1,355.717,12.0253,24.3652,93.84,59.59
74,7,1,355.803,12.0141,24.352,95.45,58.47
75,7,1,355.623,12.0041,24.514,95.77,59.06
76,7,1,355.714,12.0019,24.3845,95.07,58.92
77,7,1,355.628,12.0518,24.4641,96.84,58.88
78,7,1,355.579,11.9881,24.603,96,59.7
79,7,1,355.683,11.9922,24.484,94.5,59.02
80,7,1,355.665,11.9976,24.4128,97.17,59.06
81,7,1,355.354,12.0737,24.7579,96.62,58.06
82,7,1,355.66,11.9929,24.4596,96.95,59.07
83,7,1,355.652,11.9961,24.4959,95.54,59.25
84,7,1,355.515,12.0132,24.5585,94.82,58.51
85,7,1,355.565,12.0034,24.5159,96.08,59.02
86,7,1,355.38,12.0175,24.6842,94.65,58.38
87,7,1,355.733,11.9674,24.3531,96.93,58.8
88,7,1,355.43,11.9961,24.7154,96.76,58.61
89,7,1,355.478,12.0193,24.6185,95.13,59.28
90,7,1,355.504,11.9982,24.6343,95.87,59.31
91,7,1,355.54,12.09,24.5905,96.84,59.63
92,7,1,355.574,12.018,24.562,95.26,58.94
93,7,1,355.399,12.1214,24.6909,95.13,58.89
94,7,1,355.465,12.0105,24.654,97.28,58.99
95,7,1,355.552,12.0094,24.6405,95.23,58.84
96,7,1,355.488,12.1096,24.6637,98.36,59.08
97,7,1,355.368,12.0115,24.794,94.37,58.98
98,7,1,355.396,12.0125,24.7499,96.92,59.37
99,7,1,355.498,11.9934,24.5567,94.55,59.33
100,7,1,355.345,12.0041,24.8125,96.66,59.13
101,7,1,355.355,11.9773,24.7314,94.99,59.32
102,7,1,355.216,12.0661,24.8876,95.02,59.2
103,7,1,355.106,12.0473,25.0623,97.61,58.22
104,7,1,355.334,11.9753,24.7971,94.96,59.32
105,7,1,355.339,11.9905,24.7211,95.87,59.36
106,7,1,355.214,12.007,24.8335,94.58,58.94
107,7,1,355.288,12.0156,24.815,95.44,59.4
108,7,1,355.183,12.0498,24.9329,96.05,58.55
109,7,0,0,0,0,0,56.63
110,7,1,128.038,39.3323,38.4076,95.86,55.69
111,7,1,127.992,39.2931,38.495,97.15,56.11
112,7,1,128.049,39.3049,38.4166,92.6,56.35
113,7,1,128.095,39.3308,38.3652,96.98,56.64
114,7,1,128.073,39.3194,38.4051,95.62,56.62
115,7,1,128.124,39.2937,38.3748,95.01,57.27
116,7,1,128.032,39.3122,38.4084,94.05,56.5
117,7,1,128.061,39.3085,38.3901,94.99,55.98
118,7,1,128.046,39.3206,38.3788,95.3,56.35
119,7,1,128.171,39.2698,38.3481,96.74,56.54
120,7,1,128.145,39.2996,38.3342,94.96,55.93
121,7,1,128.139,39.2918,38.3798,93.54,56.17
122,7,1,128.184,39.2744,38.3382,93.49,55.7
123,7,0,0,0,0,0,55.91
124,7,1,355.078,12.0451,25.012,95.89,57.22
125,7,1,355.113,12.0972,25.0469,97.13,59.05
126,7,1,354.978,12.093,25.0835,95.23,58.94
127,7,1,355.039,12.0089,25.0719,96.35,58.35
128,7,1,355.216,12.0791,24.9018,95.86,59.05
129,7,1,355.25,12.0238,24.8217,96.05,59.02
130,7,1,355.044,12.1387,25.0876,97.39,58.96
131,7,1,355.211,12.0009,24.9487,97.24,59.64
132,7,1,355.013,12.0171,25.0625,97.53,59.88
133,7,1,354.986,12.1362,25.0635,94.96,59.6
134,7,1,355.039,12.015,25.0915,94.2,59.01
135,7,1,355.036,12.0247,25.0943,94.77,59.2
136,7,1,355.089,12.0551,24.9868,94.91,60.08
137,7,1,355.015,12.0191,25.0063,96.55,59.99
138,7,1,354.959,12.0253,25.0947,92.95,58.74
139,7,1,354.978,12.0185,25.0967,94.4,58.93
140,7,1,354.927,12.0236,25.1808,95.35,59.13
141,7,1,354.892,12.066,25.2454,95.68,58.53
142,7,1,354.974,12.0196,25.0464,95.03,58.53
143,7,1,354.955,12.0882,25.0988,95.12,59.83
144,7,1,354.988,12.0202,25.1041,96.76,59.24
145,7,1,354.849,12.0909,25.2762,97.07,59.31
146,7,1,354.844,12.0434,25.2568,94.13,58.82
147,7,1,354.947,12.0085,25.2101,88.61,59.56
148,7,1,354.829,12.0816,25.2493,95.48,58.88
149,7,1,354.875,12.0915,25.2477,96.33,58.76
150,7,1,354.819,12.1119,25.2946,97.2,59.31
151,7,1,355.085,12.0725,24.92,96.83,60.25
152,7,1,354.862,12.1028,25.2316,98.12,59.39
153,7,1,355.02,12.0751,24.9542,95.39,59.05
154,7,1,355.05,12.0129,24.9034,94.27,59.04
155,7,1,354.904,11.9984,25.1538,95.14,58.22
156,7,1,354.647,12.0229,25.4241,95.64,57.33
157,7,1,354.746,12.0141,25.281,95.37,59.28
158,7,1,354.7,12.0254,25.3938,95.07,59
159,7,1,354.835,12.0357,25.2556,93.35,59.52
160,7,1,354.8,12.0567,25.2645,95.81,59.12
161,7,1,354.825,12.0018,25.3056,95.42,59.11
162,7,1,354.739,12.0725,25.2341,93.7,58.95
163,7,1,355.034,12.0828,25.0596,95.67,59.16
164,7,1,354.91,12.1011,25.2165,97.01,59.86
165,7,1,354.611,12.063,25.4259,95.73,58.71
166,7,1,354.67,12.024,25.4319,95.81,58.67
167,7,1,354.687,12.0841,25.3876,95.43,59.14
168,7,1,354.769,12.0231,25.3822,95.78,59.17
169,7,1,354.668,12.1266,25.4939,96.62,58.81
170,7,1,354.725,12.0051,25.3992,95.99,59.58
171,7,1,354.648,12.076,25.3219,95.05,59.4
172,7,1,354.847,12.0954,25.1937,95,58.47
173,7,1,354.791,12.0197,25.226,96.03,59.12
174,7,1,354.672,12.0348,25.3359,95.63,58.95
175,7,1,354.775,12.031,25.2749,95.53,59.73
176,7,1,354.548,12.0796,25.5165,97.21,59.77
177,7,1,354.713,12.0866,25.4564,95.55,60.06
178,7,1,354.463,12.0665,25.6767,96.14,58.75
179,7,1,354.67,12.0084,25.41,95.86,58.95
180,7,1,354.688,12.0006,25.3622,94.84,59.3
181,7,1,354.487,12.1322,25.5429,94.97,58.86
182,7,1,354.536,12.0409,25.598,95.81,58.41
183,7,1,354.745,12.0367,25.4465,93.63,59.09
184,7,1,354.539,12.0133,25.4964,95.07,59.15
185,7,1,354.46,12.0111,25.6082,94.6,58.49
186,7,1,354.517,12.1309,25.5672,97.86,59.52
187,7,1,354.46,12.0227,25.6522,93.08,59.11
188,7,1,354.604,12.0073,25.3977,95.72,58.87
189,7,1,354.392,12.0746,25.787,95.81,59.91
190,7,1,354.5,12.1405,25.6024,97.32,59.11
191,7,1,354.281,12.0637,25.7787,94.3,57.09
192,7,0,0,0,0,0,51.59
193,7,1,125.114,40.6823,32.0895,74.19,54.02
194,7,1,124.408,40.7922,33.1335,92.68,56.22
195,7,1,124.312,40.8005,33.0536,93.99,56.88
196,7,1,124.341,40.7398,33.2251,96.67,56.86
197,7,1,124.318,40.752,33.2188,94.51,56.61
198,7,1,124.352,40.8397,33.0584,92.54,57.56
199,7,1,124.36,40.8639,33.12,92.54,56.33
200,7,1,124.309,40.8521,33.109,92.66,57.18
201,7,1,124.698,40.922,32.8086,84.59,58.04
202,7,1,124.375,40.8238,33.0511,91.67,56.96
203,7,0,0,0,0,0,55.85
204,7,1,282.421,31.1631,59.9428,88.42,58.81
205,7,1,282.663,31.1524,59.6894,88.22,59.61
206,7,1,282.596,31.2816,59.8137,90.56,58.37
207,7,1,282.565,31.2571,59.7995,89.17,59.32
208,7,1,282.31,31.1502,60.0516,90.94,58.89
209,7,1,282.435,31.1819,59.9073,91.58,58.69
210,7,1,282.527,31.2331,59.768,88.69,60.08
211,7,1,282.557,31.2332,59.8032,92.8,60.2
212,7,1,282.577,31.2398,59.85,89.31,59.2
213,7,1,282.447,31.173,59.9786,93.7,60.29
214,7,1,282.436,31.2232,59.8999,90.15,59.1
215,7,1,282.676,31.2938,59.6612,90.41,59.25
216,7,1,282.568,31.1362,59.8105,90.14,57.01
217,7,0,0,0,0,0,56.76
218,7,1,342.696,21.5177,66.6479,89.61,56.76
219,7,1,342.726,21.524,66.7496,95.06,58.49
220,7,1,342.547,21.471,66.8431,91.28,57.6
221,7,1,342.516,21.431,67.0268,92.73,57.54
222,7,1,342.661,21.5026,66.8416,93.52,58.07
223,7,1,342.341,21.4328,67.1818,85.73,57.21
224,7,1,342.433,21.4345,66.9429,90.74,58.56
225,7,1,342.644,21.5667,66.8371,92.87,58.01
226,7,1,342.479,21.4399,67.0064,90.44,57.83
227,7,1,342.603,21.5239,66.7461,92.77,57.88
228,7,1,342.473,21.4856,66.9567,93.2,58.12
229,7,1,342.625,21.5002,66.6747,91.79,57.63
230,7,1,342.707,21.6025,66.8003,93.73,57.53
231,7,1,342.456,21.464,66.9115,90.57,57.61
232,7,1,342.546,21.4842,66.7512,92.26,58.16
233,7,1,342.57,21.4799,66.7107,91.28,56.77
234,7,1,168.134,26.74,23.8966,89.91,56.54
235,7,1,168.1,26.8377,23.8305,93.09,58.45
236,7,1,168.139,26.8976,23.8217,91.37,58.88
237,7,1,168.151,26.768,23.9104,94.41,58.44
238,7,1,168.256,26.8781,23.7365,92.37,58.62
239,7,1,168.073,26.8251,23.851,92.13,58.62
240,7,1,168.192,26.7448,23.812,97.08,59.13
241,7,1,168.182,26.7428,23.8659,94.63,58.31
242,7,1,168.139,26.8431,23.7879,92.94,58.89
243,7,1,168.043,26.8844,23.8893,92.64,59.63
244,7,1,168.123,26.7673,23.8737,93.79,57.71
245,7,1,168.126,26.7716,23.866,93.85,58.11
246,7,1,168.251,26.7505,23.7969,94.91,59.02
247,7,1,168.153,26.8559,23.814,92.51,59.54
248,7,1,168.226,26.8346,23.7459,91.38,58.98
249,7,1,168.164,26.7846,23.8472,95.55,58.19
250,7,1,168.242,26.8487,23.7007,91.23,58.28
251,7,1,168.304,26.8644,23.6441,91.32,58.78
252,7,1,168.115,26.8531,23.744,89.83,54.94
253,7,1,168.764,26.8138,23.3872,85.71,40.6
254,7,0,0,0,0,0,36.9
255,7,0,0,0,0,0,53.73
0,8,0,0,0,0,0,58.52
1,8,0,0,0,0,0,36.13
2,8,0,0,0,0,0,31.88
3,8,0,0,0,0,0,32.96
4,8,1,131.175,33.4057,81.0524,80.57,37.12
5,8,1,131.305,33.2582,81.0159,92.27,52.81
6,8,1,131.207,33.2335,81.0828,92.5,55.05
7,8,1,131.386,33.2146,80.9682,93.55,55.61
8,8,1,131.292,33.2228,81.0387,91.4,56.51
9,8,1,131.319,33.2318,80.9895,95.3,56.4
10,8,1,131.217,33.2649,81.0551,90.94,57.59
11,8,1,131.396,33.2146,80.9547,94.06,56.4
12,8,1,131.263,33.2447,81.0409,93.36,56.57
13,8,1,131.244,33.2127,81.0518,92.78,56.03
14,8,1,131.333,33.2526,81.0187,92.02,57.36
15,8,1,131.268,33.2543,81.0332,92.46,57.26
16,8,1,131.253,33.2239,81.0416,91.44,56.29
17,8,1,131.222,33.2632,81.0471,91.98,56.31
18,8,1,131.267,33.1987,81.0415,92.68,56.18
19,8,1,131.305,33.2579,81.0081,93.25,56.76
20,8,1,131.331,33.2405,80.978,93.42,57.39
21,8,1,131.364,33.2414,81.0064,90.93,56.45
22,8,1,131.273,33.2457,81.031,91.56,55.8
23,8,1,131.304,33.2492,81.0075,93.92,56.4
24,8,1,131.38,33.2305,80.9737,93.38,57.18
25,8,1,131.281,33.2469,81.0126,92.59,57.27
26,8,1,131.188,33.2149,81.0527,91.66,56.04
27,8,1,131.314,33.2527,81.0197,90.58,56.93
28,8,1,131.255,33.238,81.0223,93.62,57.26
29,8,1,131.287,33.2284,81.0011,90.97,56.99
30,8,1,131.263,33.2379,81.0103,93.31,56.76
31,8,1,131.301,33.2327,81.0075,92.49,57.56
32,8,1,131.29,33.2154,81.013,93.04,57.26
33,8,1,131.316,33.2527,81.017,91.96,56.62
34,8,1,131.25,33.2257,81.0259,92.05,57.12
35,8,1,131.297,33.2355,80.9889,91.2,57.3
36,8,1,131.392,33.2019,80.9512,92.65,56.91
37,8,1,131.288,33.1946,81.0091,94.04,56.73
38,8,1,131.212,33.2444,81.0062,92.72,56.28
39,8,1,131.205,33.2026,81.0494,94.44,56.74
40,8,1,131.353,33.2105,80.9568,90.52,56.9
41,8,1,131.189,33.2124,81.0489,91.98,56.6
42,8,1,131.312,33.228,80.9915,92.4,57.28
43,8,1,131.294,33.1903,80.9994,92.3,57.11
44,8,1,131.387,33.1767,80.9325,93.01,56.45
45,8,1,131.374,33.1541,80.9277,85.91,53.12
46,8,0,0,0,0,0,51.42
47,8,1,356.086,12.0427,24.0614,96.46,57.01
48,8,1,356.03,12.021,24.0191,94.67,58.43
49,8,1,356.033,11.9985,24.1091,95.84,58.08
50,8,1,356.082,12.0114,24.0856,96.91,58.32
51,8,1,355.937,12.0247,24.24,94.35,58.63
52,8,1,356.159,12.007,23.8996,97.15,58.55
53,8,1,356.132,11.9693,24.0288,96.9,59.31
54,8,1,355.887,12.0049,24.2448,97.18,57.74
55,8,1,355.945,11.9914,24.1913,95.3,57.91
56,8,1,355.913,12.0062,24.2547,97.36,59.44
57,8,1,355.747,12.0113,24.3672,95.3,58.67
58,8,1,355.768,12.0452,24.4064,95.15,58.63
59,8,1,355.756,11.9882,24.3736,96.19,58.47
60,8,1,355.96,12.0138,24.1641,97.97,59.44
61,8,1,355.907,12.0071,24.1709,96.74,59.01
62,8,1,355.854,12.0064,24.2214,96.12,59.22
63,8,1,355.749,12.0105,24.2871,95.72,58.78
64,8,1,355.76,12.0145,24.4292,95.96,58.78
65,8,1,355.714,12.0191,24.386,96.44,58.73
66,8,1,355.816,11.9847,24.2792,96.73,59.12
67,8,1,355.759,12.0053,24.3583,94.54,59.38
68,8,1,355.71,12.0702,24.4266,97.24,59.58
69,8,1,355.633,12.0085,24.4872,96.14,59.13
70,8,1,355.668,11.9949,24.4883,97.21,58.97
71,8,1,355.686,12.0027,24.4898,96.61,59.48
72,8,1,355.658,12.0067,24.4991,95.87,59.3
73,8,1,355.603,12.0048,24.4976,96.03,59
74,8,1,355.709,12.009,24.4244,96.4,59.37
75,8,1,355.802,12.0027,24.3684,96.87,58.4
76,8,1,355.591,12.0209,24.5934,95.22,59.29
77,8,1,355.64,12.0014,24.5152,97.55,59.63
78,8,1,355.67,12.0448,24.5035,96.05,58.84
79,8,1,355.603,12.0481,24.5825,96.41,59.05
80,8,1,355.588,12.0098,24.5044,96.68,59.39
81,8,1,355.64,11.9775,24.4472,96.11,59.26
82,8,1,355.451,12.0507,24.6491,97.41,59.23
83,8,1,355.56,12.0036,24.5021,95.08,58.73
84,8,1,355.634,12.0654,24.4284,96.43,58.81
85,8,1,355.427,12.0079,24.7198,96.42,59.54
86,8,1,355.415,11.9972,24.7494,96.29,58.6
87,8,1,355.435,12.0076,24.6941,97.06,59.01
88,8,1,355.47,12.0108,24.6739,96.43,58.73
89,8,1,355.523,12.002,24.5787,97.11,59.05
90,8,1,355.43,12.1257,24.6897,95.04,59.61
91,8,1,355.655,12.0298,24.4648,97.5,58.79
92,8,1,355.45,12.0168,24.6448,94.68,59.32
93,8,1,355.441,12.019,24.7071,96.22,58.4
94,8,1,355.499,12.0264,24.5986,95.7,59.8
95,8,1,355.34,12.0431,24.7915,98,58.86
96,8,1,355.475,12.0564,24.688,96.32,59.16
97,8,1,355.43,12.1291,24.6263,96.95,58.84
98,8,1,355.279,12.0956,24.8242,94.6,59.88
99,8,1,355.202,12.1379,24.9182,96.61,58.57
100,8,1,355.24,12.0106,24.893,94.2,58.19
101,8,1,355.289,11.9937,24.9202,93.67,59.49
102,8,1,355.302,12.0078,24.8903,95.78,60.21
103,8,1,355.31,12.002,24.8128,96.85,59.85
104,8,1,355.253,12.0667,24.8653,95.81,59.5
105,8,1,355.285,12.0038,24.8509,97.28,59.71
106,8,1,355.286,12.0774,24.7809,96.2,59.99
107,8,1,355.299,12.0734,24.85,97.33,58.64
108,8,1,354.825,11.9856,25.2471,87.99,55.96
109,8,1,128.092,39.3276,38.3883,88.97,55
110,8,1,128.062,39.3093,38.3895,94.6,56.27
111,8,1,127.974,39.3095,38.4383,93.19,56.66
112,8,1,128.084,39.3058,38.398,95.5,57.45
113,8,1,128.086,39.297,38.3919,96.04,56.55
114,8,1,128.091,39.2906,38.4105,93.98,56.51
115,8,1,128.1,39.3021,38.3858,97.51,55.59
116,8,1,128.139,39.2875,38.3677,96.63,56.8
117,8,1,128.203,39.307,38.2929,96.19,57.43
118,8,1,128.076,39.275,38.3719,96.49,56.93
119,8,1,128.027,39.3057,38.403,94.74,55.98
120,8,1,128.129,39.2802,38.3607,95.47,57.4
121,8,1,127.974,39.2798,38.4615,92.97,55.87
122,8,0,0,0,0,0,55.4
123,8,1,354.928,11.9842,25.1537,95.27,57.09
124,8,1,355.16,12.0776,24.9018,95.1,57.96
125,8,1,355.186,12.0101,24.9316,95.05,58.97
126,8,1,355.165,12.0844,24.9866,94.41,58.89
127,8,1,355.363,11.9995,24.8222,96.44,58.85
128,8,1,355.108,12.0005,25.0417,95.17,59.5
129,8,1,355.175,12.0305,24.7962,93.73,58.75
130,8,1,355.054,12.0584,24.9669,94.39,58.85
131,8,1,355.098,12.0873,25.015,96.25,59.46
132,8,1,355.057,12.0496,25.0684,97.29,58.99
133,8,1,355.15,12.0456,24.9559,95.9,60.29
134,8,1,355.05,12.0207,25.0454,96.67,59.4
135,8,1,355.01,12.0184,25.0658,94.46,58.74
136,8,1,355.031,12.0382,25.0575,95.8,58.87
137,8,1,354.993,12.0094,25.1339,95.86,59.76
138,8,1,355,12.1424,25.1634,97.05,58.64
139,8,1,355.16,12.0641,24.8881,96.73,59.78
140,8,1,354.796,12.0375,25.2243,94.41,58.89
141,8,1,354.916,12.0262,25.1379,95.6,59.5
142,8,1,354.967,12.0283,25.1261,95.21,59.99
143,8,1,354.987,12.0237,25.0883,95.87,59.27
144,8,1,355.018,12.0157,25.0049,94.83,59.67
145,8,1,354.882,12.0963,25.2531,95.84,58.85
146,8,1,354.829,12.1263,25.3393,93.31,59.33
147,8,1,354.851,12.1055,25.3239,94.41,58.32
148,8,1,354.936,12.0206,25.1202,95.25,59.21
149,8,1,355.077,12.0207,24.9891,96.72,60.03
150,8,1,354.919,12.0139,25.1153,96.06,59.53
151,8,1,354.932,12.025,25.1009,96.15,59.52
152,8,1,354.67,12.0911,25.4002,97.74,58.86
153,8,1,354.861,12.021,25.2615,96.68,59.28
154,8,1,355.019,12.021,25.0572,96.3,58.89
155,8,1,354.845,12.0414,25.2706,97.18,58.81
156,8,1,354.743,12.1561,25.2623,95.81,58.67
157,8,1,354.726,12.0416,25.3552,97.36,60.09
158,8,1,354.771,12.0805,25.2879,97.54,58.75
159,8,1,354.74,12.0811,25.3501,95.22,59.16
160,8,1,354.774,12.0397,25.2718,94.36,59.16
161,8,1,354.64,12.0538,25.3612,96.66,58.87
162,8,1,354.673,12.0166,25.423,96.46,58.94
163,8,1,354.742,12.1326,25.3869,97.98,58.79
164,8,1,354.874,12.0198,25.1518,95.75,59.4
165,8,1,354.674,12.0231,25.3327,95.42,59.17
166,8,1,354.813,12.0409,25.1678,94.93,58.72
167,8,1,354.927,12.0062,25.1847,96.15,59.11
168,8,1,354.847,12.018,25.2987,96.08,59
169,8,1,354.679,12.0211,25.3817,95.51,59.31
170,8,1,354.737,12.0424,25.2911,94.87,59.34
171,8,1,354.778,12.0158,25.2668,95.78,58.99
172,8,1,354.67,12.0847,25.3547,96.13,59.26
173,8,1,354.566,12.0699,25.5067,95.6,58.77
174,8,1,354.752,12.0556,25.3003,95.88,59.19
175,8,1,354.546,12.0625,25.5461,96.92,58.76
176,8,1,354.706,12.0182,25.338,95.95,58.4
177,8,1,354.593,12.0723,25.6051,94.95,59.55
178,8,1,354.464,12.0244,25.6054,95.08,59.63
179,8,1,354.615,12.1281,25.4714,97.8,59.32
180,8,1,354.665,12.0473,25.3939,95.68,59.52
181,8,1,354.382,12.0384,25.6614,96.43,58.7
182,8,1,354.516,12.0198,25.4441,96.31,58.86
183,8,1,354.495,12.0379,25.6122,95.58,58.33
184,8,1,354.635,12.01,25.4828,95.26,58.98
185,8,1,354.63,12.0176,25.4278,95.02,59.84
186,8,1,354.543,12.0357,25.6074,93.76,59.82
187,8,1,354.387,12.0821,25.7898,95.32,59.94
188,8,1,354.583,12.1053,25.4565,95.8,60.04
189,8,1,354.422,12.0092,25.6937,95.78,60.12
190,8,1,354.461,12.0146,25.5714,95.53,60.35
191,8,1,354.406,12.0411,25.7051,93.33,59.2
192,8,1,354.265,12.0586,25.8233,88.09,55.66
193,8,0,0,0,0,0,51.08
194,8,1,124.344,40.8291,33.1727,90.71,54.76
195,8,1,124.437,40.7917,32.9993,93.47,56.61
196,8,1,124.342,40.8629,33.1495,92.77,56.35
197,8,1,124.347,40.8242,33.134,94.11,56.68
198,8,1,124.353,40.8368,33.1503,92.21,57.27
199,8,1,124.283,40.8385,33.1156,91.35,57.33
200,8,1,124.37,40.8527,33.0712,93.3,56.8
201,8,1,124.275,40.9319,33.0903,91.17,56.87
202,8,1,124.36,40.838,33.0198,92.9,56.88
203,8,0,0,0,0,0,55.29
204,8,1,282.421,31.1442,60.0131,92.47,59.61
205,8,1,282.37,31.1124,60.0164,91.38,59.42
206,8,1,282.372,31.1518,59.9652,90.11,59.37
207,8,1,282.503,31.2367,59.9172,89.94,58.56
208,8,1,282.577,31.2477,59.8119,91.45,59.87
209,8,1,282.351,31.1772,59.9814,90.95,59.29
210,8,1,282.394,31.1707,60.0316,90.09,59.64
211,8,1,282.524,31.2259,59.8371,90.05,59.56
212,8,1,282.567,31.2334,59.8229,90.08,59.22
213,8,1,282.427,31.0653,59.8604,88.59,60.57
214,8,1,282.471,31.1002,59.8183,90.03,59.37
215,8,1,282.462,31.1732,59.93,83.2,57.51
216,8,0,0,0,0,0,54.91
217,8,1,342.768,21.5061,66.5562,91.25,56.72
218,8,1,342.642,21.4837,66.6609,92.43,58.2
219,8,1,342.733,21.4699,66.6136,92.44,57.58
220,8,1,342.65,21.4715,66.8176,91.62,57.28
221,8,1,342.524,21.4624,66.9961,93.49,57.82
222,8,1,342.417,21.4523,66.9452,89.1,57.43
223,8,1,342.542,21.4837,66.8863,91.7,57.53
224,8,1,342.662,21.396,66.7736,94.37,58.82
225,8,1,342.55,21.4608,66.9101,90.73,57.23
226,8,1,342.583,21.4901,66.811,91.93,58.02
227,8,1,342.692,21.5331,66.8131,93.4,57.71
228,8,1,342.674,21.5974,66.7425,92.34,58.27
229,8,1,342.872,21.5319,66.6901,93.62,58.34
230,8,1,342.631,21.5341,66.6822,89.57,57.57
231,8,1,342.517,21.4622,66.9526,91.63,57.53
232,8,1,342.526,21.5174,66.8013,91.4,57.61
233,8,1,342.574,21.5035,66.7744,91.78,54.82
234,8,1,168.037,26.7425,23.9828,94.87,57.18
235,8,1,168.232,26.866,23.7723,94.03,58.57
236,8,1,168.043,26.8182,23.8905,91.3,58.17
237,8,1,168.19,26.8516,23.8016,93.48,58.96
238,8,1,168.041,26.8365,23.8441,93.09,59.01
239,8,1,168.346,26.8633,23.6902,93.23,58.67
240,8,1,168.137,26.783,23.8873,93.73,58.65
241,8,1,168.261,26.7572,23.8132,96.57,59.02
242,8,1,168.347,26.7401,23.7304,96.84,59.22
243,8,1,168.285,26.7622,23.8068,95.07,58.67
244,8,1,168.233,26.7642,23.8227,96.43,59.39
245,8,1,168.273,26.7519,23.7924,96.1,58.44
246,8,1,167.973,26.7976,23.8794,89.87,57.95
247,8,1,168.329,26.7725,23.7759,93.37,59.28
248,8,1,168.273,26.7695,23.7992,95.76,58.43
249,8,1,168.24,26.7615,23.7924,94.8,58.6
250,8,1,168.37,26.8798,23.6125,94.76,59.48
251,8,1,168.213,26.7824,23.8064,94.43,58.99
252,8,1,168.213,26.8013,23.7497,93.46,54.49
253,8,0,0,0,0,0,37.91
254,8,0,0,0,0,0,36.97
255,8,0,0,0,0,0,53
0,9,0,0,0,0,0,59.63
1,9,0,0,0,0,0,34.33
2,9,0,0,0,0,0,32.94
3,9,0,0,0,0,0,34.69
4,9,1,131.445,33.3168,80.9072,82.88,36.77
5,9,1,131.224,33.2575,81.0573,94.43,53.28
6,9,1,131.318,33.2252,81.015,93.35,55.99
7,9,1,131.146,33.2593,81.0975,92.33,55.18
8,9,1,131.242,33.236,81.0337,92.31,56.27
9,9,1,131.22,33.2537,81.0704,92.35,56.08
10,9,1,131.295,33.212,81.031,94.45,54.68
11,9,1,131.235,33.2805,81.0333,93.34,57.09
12,9,1,131.205,33.2277,81.0586,93,56.42
13,9,1,131.233,33.2284,81.045,92.96,56.62
14,9,1,131.361,33.2215,81.0053,94.47,56.22
15,9,1,131.184,33.2412,81.0652,92.52,56.36
16,9,1,131.309,33.2198,80.9995,93.92,56.95
17,9,1,131.192,33.2387,81.0788,91.75,56.22
18,9,1,131.247,33.246,81.0407,91.29,56.68
19,9,1,131.338,33.273,80.9901,93.94,56.39
20,9,1,131.287,33.2545,81.0287,94.51,57.07
21,9,1,131.163,33.2516,81.0714,91.83,56.46
22,9,1,131.293,33.21,81.0345,92.97,55.92
23,9,1,131.334,33.2703,80.9959,91.1,57.21
24,9,1,131.243,33.2598,81.043,92.65,56.49
25,9,1,131.317,33.2547,80.99,90.94,57.67
26,9,1,131.357,33.2211,80.978,92.79,57.37
27,9,1,131.27,33.2519,81.0296,92.9,57.12
28,9,1,131.265,33.2275,81.0256,92,57.1
29,9,1,131.29,33.2436,81.0002,92.6,56.89
30,9,1,131.284,33.2459,81.0094,90.69,56.19
31,9,1,131.315,33.2442,81.016,92.24,57.39
32,9,1,131.286,33.2127,81.0171,93.34,56.96
33,9,1,131.236,33.2077,81.033,93.35,57
34,9,1,131.262,33.2377,81.0122,91.8,56.44
35,9,1,131.33,33.1916,80.9631,93.45,56.83
36,9,1,131.287,33.248,81.0048,92.05,56.68
37,9,1,131.25,33.2252,81.001,91.83,56.9
38,9,1,131.295,33.2075,80.9602,92.31,57.33
39,9,1,131.199,33.2126,81.0087,91.99,56.32
40,9,1,131.353,33.1933,80.9784,92.87,57.36
41,9,1,131.233,33.2174,81.0152,91.76,56.85
42,9,1,131.225,33.1993,81.0201,93.5,56.94
43,9,1,131.227,33.2045,80.9942,91.15,57.15
44,9,1,131.387,33.1721,80.9321,94.15,56.28
45,9,1,131.391,33.1505,80.9455,94.14,54.92
46,9,0,0,0,0,0,54.57
47,9,1,356.317,12.0292,23.7508,96.39,58.33
48,9,1,356.037,12.0468,24.0552,96.6,58.26
49,9,1,356.133,12.0186,23.9808,98,58.32
50,9,1,356.018,11.9882,24.0496,96.01,58.65
51,9,1,356.023,12.0051,24.0965,96.65,59.3
52,9,1,356.153,11.9853,23.9596,96.51,58.3
53,9,1,355.943,12.0098,24.1905,97.43,58.78
54,9,1,355.868,12.0075,24.2269,97.78,58.26
55,9,1,356.024,12.0321,24.0492,96.81,58.16
56,9,1,355.939,12.0249,24.1535,95.55,58.25
57,9,1,355.891,11.9984,24.209,95.32,58.37
58,9,1,355.901,11.9941,24.283,95.77,58.55
59,9,1,355.718,12.0563,24.4444,96.69,59.08
60,9,1,355.992,11.9966,24.1143,95.18,58.41
61,9,1,355.794,12.0109,24.2797,94.48,58.8
62,9,1,355.813,12.005,24.2793,96.24,58.97
63,9,1,355.741,12.0137,24.4023,97.63,58.59
64,9,1,355.863,11.993,24.322,97.03,59.11
65,9,1,355.571,12.0538,24.5952,97.02,58.87
66,9,1,355.659,12.0714,24.4757,96.13,59.15
67,9,1,355.672,12.0099,24.4679,96.74,59.24
68,9,1,355.785,12.0219,24.2451,97.33,59.16
69,9,1,355.791,11.9956,24.3202,94.85,59.12
70,9,1,355.519,12.0823,24.6913,94.92,59.03
71,9,1,355.659,12.0257,24.4463,96.59,58.72
72,9,1,355.684,12.0401,24.3857,95.36,59.01
73,9,1,355.833,11.9912,24.3593,94.19,59.58
74,9,1,355.753,11.9799,24.3883,95.64,59.09
75,9,1,355.612,12.0189,24.4725,95.63,59.24
76,9,1,355.669,11.9998,24.3805,96.29,59.67
77,9,1,355.653,11.993,24.5323,95.15,59.4
78,9,1,355.416,11.9866,24.6755,96.15,58.13
79,9,1,355.658,12.0523,24.423,95.03,59.77
80,9,1,355.498,12.0017,24.579,95.92,59.2
81,9,1,355.458,12.0108,24.6498,95.22,59.38
82,9,1,355.591,11.9963,24.5614,97.64,58.98
83,9,1,355.444,11.9989,24.6567,96.34,59.03
84,9,1,355.45,12.0152,24.6699,95.74,58.42
85,9,1,355.467,11.9941,24.7234,95.09,59.31
86,9,1,355.57,12.0031,24.5468,96.35,58.86
87,9,1,355.592,12.0926,24.5188,95.3,59.54
88,9,1,355.476,12.0011,24.6724,96.21,58.92
89,9,1,355.475,12.003,24.6129,94.69,59.92
90,9,1,355.565,12.0071,24.5699,95.04,59.33
91,9,1,355.501,12.0006,24.6479,95.61,58.92
92,9,1,355.567,12.0195,24.4916,95.18,59.58
93,9,1,355.573,12.0387,24.5398,95.54,59.88
94,9,1,355.51,12.0691,24.5599,96.18,58.95
95,9,1,355.423,11.9872,24.7074,96.63,58.91
96,9,1,355.401,12.0291,24.6505,97.33,59.16
97,9,1,355.335,12.0148,24.823,96.39,59.65
98,9,1,355.175,12.0299,24.898,95.49,59.09
99,9,1,355.251,12.0471,24.8947,96.59,59.26
100,9,1,355.368,12.0019,24.6661,95.51,59.46
101,9,1,355.462,12.002,24.5575,96.22,59.38
102,9,1,355.392,12.0204,24.6689,95.93,59.29
103,9,1,355.232,12.0141,24.8168,95.4,59.74
104,9,1,355.185,12.0025,24.8966,95.77,59.89
105,9,1,355.266,12.0595,24.9352,95.75,58.59
106,9,1,355.229,11.9887,24.9426,96.4,59.59
107,9,1,355.092,11.9741,25.0267,95.91,57.95
108,9,0,0,0,0,0,55.26
109,9,1,128.021,39.3246,38.421,94.59,55.31
110,9,1,128.082,39.2934,38.3969,95.14,55.92
111,9,1,128.088,39.3357,38.3379,94.23,56.64
112,9,1,128.061,39.3067,38.4053,95.09,54.91
113,9,1,128.046,39.3226,38.3906,96.37,56.67
114,9,1,128.135,39.3039,38.3513,95.9,56.15
115,9,1,128.076,39.3266,38.3633,95.82,56.6
116,9,1,128.024,39.3034,38.3879,96.47,57.1
117,9,1,127.964,39.3172,38.4854,95.79,57.27
118,9,1,128.054,39.305,38.4684,96.13,57.17
119,9,1,127.995,39.3003,38.4515,96.01,57.5
120,9,1,128.126,39.2785,38.3522,96.72,56.69
121,9,1,128.132,39.291,38.3619,89.06,55.36
122,9,1,355.042,12.0064,25.0907,87.73,55.98
123,9,1,355.231,12.0218,24.8139,94.76,58.66
124,9,1,354.769,12.0622,25.4081,94,58.2
125,9,1,355.04,12.0929,25.1115,94.32,58.77
126,9,1,355.237,12.1007,24.8465,94.62,58.62
127,9,1,354.979,12.0926,25.1176,94.73,59.44
128,9,1,355.088,12.011,24.9724,95.52,58.81
129,9,1,355.088,12.0072,24.9721,97.14,59.41
130,9,1,355.003,12.0175,24.9469,94.47,58.63
131,9,1,355.038,12.013,25.0735,95.25,58.92
132,9,1,354.907,12.0741,25.1538,96.83,59.25
133,9,1,355.031,12.0621,25.0613,96.34,59.36
134,9,1,355.087,12.0054,25.008,95.18,59
135,9,1,354.943,12.0224,25.1294,95.28,59.36
136,9,1,355.017,12.0235,25.1128,95.58,58.92
137,9,1,355.083,12.0199,24.9779,94.5,58.94
138,9,1,355.101,12.0478,24.901,97.21,58.52
139,9,1,354.815,12.0225,25.3087,93.66,59.73
140,9,1,354.988,12.018,25.1595,95.45,59.7
141,9,1,354.987,12.0233,25.0514,96.15,59.2
142,9,1,355.025,12.013,25.087,95.11,59.39
143,9,1,355.034,12.0194,24.989,97.05,59.6
144,9,1,354.978,12.0157,25.0415,95.78,58.81
145,9,1,354.924,12.0712,25.1196,97.39,58.98
146,9,1,355.003,11.9987,25.0986,93.33,59.79
147,9,1,354.96,12.0569,25.1744,96.64,59.41
148,9,1,354.934,12.0671,25.2168,96.25,59.44
149,9,1,355.039,12.0705,25.1208,96.67,59.41
150,9,1,354.895,12.0234,25.211,94.77,59.14
151,9,1,354.965,12.0122,25.1254,95.57,59.58
152,9,1,355.026,12.0788,25.0129,97.1,60
153,9,1,354.731,12.0898,25.2526,92.36,59.11
154,9,1,354.952,12.0143,25.1203,94.46,59.13
155,9,1,354.856,12.0187,25.2339,95.58,58.56
156,9,1,354.886,12.0123,25.1633,97.07,59.45
157,9,1,354.864,12.1234,25.3378,95.69,59.42
158,9,1,354.88,12.0425,25.2048,95,59.37
159,9,1,354.851,12.0262,25.1821,96.75,59.93
160,9,1,354.823,12.0184,25.283,94.2,59.84
161,9,1,354.84,12.0875,25.2542,94.48,58.7
162,9,1,354.644,12.0795,25.4816,96.96,59.19
163,9,1,354.636,12.0384,25.371,95.22,58.82
164,9,1,354.893,12.0626,25.1848,95.07,59.98
165,9,1,354.701,12.022,25.4545,95.21,59.25
166,9,1,354.519,12.0905,25.5617,96.16,58.96
167,9,1,354.797,12.0954,25.2508,96.72,59.11
168,9,1,354.829,12.002,25.1917,94.96,59.23
169,9,1,354.72,12.0127,25.3599,96.27,58.91
170,9,1,354.725,12.0107,25.3369,95.51,59.41
171,9,1,354.674,12.0115,25.3853,95.42,58.56
172,9,1,354.642,12.0098,25.4518,96.73,60.07
173,9,1,354.704,12.0102,25.3744,94.86,59.1
174,9,1,354.529,12.0231,25.5432,94.1,59.08
175,9,1,354.476,12.0474,25.6098,97.41,59.39
176,9,1,354.825,12.0642,25.2561,95.52,58.97
177,9,1,354.661,11.9997,25.4684,93.84,59.73
178,9,1,354.736,12.0043,25.3141,96.18,59.32
179,9,1,354.576,12.0131,25.5324,97.18,59.15
180,9,1,354.569,12.0168,25.5642,93.76,59.41
181,9,1,354.62,12.01,25.4909,96.44,59.21
182,9,1,354.479,12.075,25.6369,96.69,59.61
183,9,1,354.494,12.0662,25.6288,96.93,58.85
184,9,1,354.524,12.0353,25.5651,94.24,59.51
185,9,1,354.497,12.0154,25.6259,96.28,59.94
186,9,1,354.571,12.0246,25.4495,95.61,59.65
187,9,1,354.394,12.105,25.6305,93.59,58.67
188,9,1,354.675,12.071,25.3674,94.4,59.55
189,9,1,354.404,12.0759,25.7169,95.75,59.43
190,9,1,354.58,12.03,25.5079,95.73,59.85
191,9,1,354.494,12.0286,25.5663,95.15,59.69
192,9,1,354.4,12.0299,25.6669,94.87,58.74
193,9,1,354.358,12.0685,25.7775,86.53,54.11
194,9,1,125.22,40.7694,31.7506,65.55,52.92
195,9,1,124.385,40.8577,33.1795,93.4,56.49
196,9,1,124.332,40.8109,33.0693,94.3,57.43
197,9,1,124.513,40.8092,33.0095,91.7,57.3
198,9,1,124.415,40.8316,33.1079,92.32,57.12
199,9,1,124.354,40.874,33.0347,92.99,57.82
200,9,1,124.447,40.843,33.0925,92.91,56.37
201,9,1,124.35,40.8475,33.0705,91.8,57.48
202,9,1,124.43,40.8514,33.0612,94.56,56.75
203,9,0,0,0,0,0,55.29
204,9,1,282.54,30.9898,59.8325,91.62,57.56
205,9,1,282.5,31.2613,59.8535,89.59,59.03
206,9,1,282.349,31.144,60.0312,90.21,60.09
207,9,1,282.547,31.2636,59.8369,89.29,58.78
208,9,1,282.473,31.1963,59.9636,90.67,59.95
209,9,1,282.45,31.2095,59.8834,90.44,58.29
210,9,1,282.559,31.2396,59.78,90.33,59.9
211,9,1,282.588,31.2787,59.7748,88.97,59.86
212,9,1,282.567,31.2691,59.7667,92.46,60.11
213,9,1,282.651,31.311,59.6418,90.5,59.18
214,9,1,282.736,31.3395,59.709,91.43,58.25
215,9,0,0,0,0,0,55.46
216,9,1,342.622,21.4901,66.6916,84.42,55.56
217,9,1,342.801,21.5012,66.5982,90.8,57.72
218,9,1,342.652,21.4799,66.7648,91.36,57.65
219,9,1,342.684,21.4894,66.6747,91.43,57.14
220,9,1,342.654,21.4897,66.757,90.01,57.75
221,9,1,342.507,21.4376,66.9072,92.75,57.28
222,9,1,342.6,21.3921,66.9483,92.27,57.82
223,9,1,342.531,21.5073,66.8093,91.48,58.53
224,9,1,342.593,21.5336,66.957,94,57.84
225,9,1,342.59,21.4968,66.6538,90.59,57.29
226,9,1,342.517,21.4585,66.8652,92.89,58.34
227,9,1,342.569,21.4846,66.8204,92.85,57.14
228,9,1,342.596,21.4615,66.8089,93.19,58.12
229,9,1,342.552,21.5013,66.8152,92.12,57.75
230,9,1,342.676,21.5521,66.8264,92.57,56.98
231,9,1,342.598,21.5303,66.8034,91.86,57.45
232,9,1,342.601,21.6122,66.8822,94,58.09
233,9,0,0,0,0,0,56.2
234,9,1,168.125,26.8461,23.8511,92.69,57.18
235,9,1,168.267,26.8713,23.721,93.73,59.68
236,9,1,168.203,26.8869,23.7586,93.3,58.69
237,9,1,168.139,26.7737,23.9024,94.42,58.45
238,9,1,168.168,26.7687,23.8887,94.52,58.57
239,9,1,168.057,26.8179,23.8456,92.53,57.62
240,9,1,168.143,26.7821,23.8741,92.99,58.18
241,9,1,168.245,26.86,23.7543,93.86,58.78
242,9,1,168.171,26.7675,23.8552,93.34,58.53
243,9,1,168.306,26.8354,23.6891,91.41,58.22
244,9,1,168.142,26.7691,23.8488,94.18,58.81
245,9,1,168.167,26.8196,23.8022,92.41,58.67
246,9,1,168.265,26.845,23.6942,91.89,59.08
247,9,1,168.265,26.7659,23.785,94.7,58.4
248,9,1,168.195,26.8269,23.7362,91.4,58.04
249,9,1,168.266,26.762,23.7821,93.25,58.97
250,9,1,168.245,26.833,23.668,93.83,58.13
251,9,1,168.303,26.7597,23.7577,95.98,58.97
252,9,1,168.404,26.8812,23.6131,90.93,58
253,9,1,168.482,26.8041,23.6919,89.45,39.58
254,9,0,0,0,0,0,36.24
255,9,0,0,0,0,0,51.89
0,10,0,0,0,0,0,36.65
1,10,0,0,0,0,0,34.79
2,10,0,0,0,0,0,34.84
3,10,0,0,0,0,0,34.9
4,10,1,131.585,33.2575,80.9073,87.53,59.82
5,10,1,131.307,33.2651,81.0557,92.17,53.33
6,10,1,131.163,33.2593,81.0733,93.76,56.04
7,10,1,131.217,33.2409,81.0708,94.15,56.29
8,10,1,131.294,33.2274,81.0365,93.41,56.37
9,10,1,131.256,33.2433,81.0427,94.07,56.35
10,10,1,131.249,33.2556,81.0343,93.65,56.71
11,10,1,131.286,33.2359,81.0108,92.76,55.64
12,10,1,131.286,33.2848,81.0393,92.01,56.8
13,10,1,131.297,33.26,81.0287,93.24,57.09
14,10,1,131.222,33.2698,81.0557,91.61,56.33
15,10,1,131.306,33.2244,81.0186,93.05,56.02
16,10,1,131.203,33.2519,81.0668,92.13,56.74
17,10,1,131.299,33.2406,80.9962,93.13,57
18,10,1,131.264,33.2363,81.0152,94.1,56.1
19,10,1,131.182,33.2559,81.0722,92.84,56.01
20,10,1,131.283,33.2357,80.9895,93.52,56.67
21,10,1,131.283,33.2232,81.0048,92.49,56.82
22,10,1,131.219,33.2684,81.0281,92.41,57.11
23,10,1,131.181,33.3631,81.186,93.65,56.51
24,10,1,131.222,33.2629,81.0447,92.16,57.18
25,10,1,131.33,33.2685,81.0004,93.1,57.54
26,10,1,131.223,33.2725,81.0483,92.06,57.16
27,10,1,131.278,33.2346,81.0356,93.48,57.55
28,10,1,131.283,33.2554,81.0116,93.06,56.92
29,10,1,131.213,33.2545,81.0331,93.27,58.07
30,10,1,131.275,33.2542,81.023,93.16,57.23
31,10,1,131.211,33.2655,81.0126,92.45,56.91
32,10,1,131.301,33.2517,81.0117,90.52,57.22
33,10,1,131.43,33.2184,80.9529,92.69,56.66
34,10,1,131.288,33.2306,81.0073,96.37,57.03
35,10,1,131.32,33.2269,80.9807,93.46,57.39
36,10,1,131.294,33.2265,80.9906,93.31,57.36
37,10,1,131.257,33.2328,81.0174,91.69,57.14
38,10,1,131.225,33.2068,80.998,93.33,56.24
39,10,1,131.3,33.2241,80.9826,93.16,57.3
40,10,1,131.34,33.1979,80.9721,91.93,56.69
41,10,1,131.185,33.2057,81.0258,93.02,56.56
42,10,1,131.269,33.2352,81.0021,90.86,56.57
43,10,1,131.371,33.2082,80.9559,92.68,57.35
44,10,1,131.399,33.1772,80.9173,94.13,56.91
45,10,1,131.413,33.1663,80.9194,95.1,56.54
46,10,0,0,0,0,0,54.28
47,10,1,356.217,12.0106,23.9423,96.32,58.6
48,10,1,356.054,12.0256,24.0274,94.9,58.19
49,10,1,355.998,12.0024,24.2143,96.37,58.27
50,10,1,356.085,11.995,24.0642,97.97,59.16
51,10,1,355.901,12.0095,24.1771,96.04,59.27
52,10,1,355.988,12.0047,24.1295,97.62,58.42
53,10,1,355.998,12.0246,24.1452,96.12,59.11
54,10,1,356.015,11.9891,24.0241,96.5,58.59
55,10,1,355.797,12.0026,24.3651,96.94,58.96
56,10,1,355.995,12.0165,24.1158,95.69,59.16
57,10,1,355.979,12.0891,24.1155,96.18,58.74
58,10,1,355.849,12.0293,24.2388,95.58,59.27
59,10,1,355.733,12.1066,24.3446,95.63,58.59
60,10,1,355.79,12.0096,24.2364,95.66,59.48
61,10,1,355.779,12.0031,24.3466,95.15,58.78
62,10,1,355.797,11.9856,24.3869,94.94,58.73
63,10,1,355.729,11.9973,24.4048,95.53,59.68
64,10,1,355.584,12.1282,24.5959,96.43,59.14
65,10,1,355.913,12.0216,24.1905,96.36,58.51
66,10,1,355.885,12.0019,24.1823,97.08,58.91
67,10,1,355.774,12.0061,24.2624,96.88,58.34
68,10,1,355.675,12.1569,24.4758,96.68,59
69,10,1,355.573,12.0326,24.5989,95.86,58.84
70,10,1,355.68,12.0245,24.459,94.93,58.92
71,10,1,355.694,12.0338,24.3878,94.82,58.86
72,10,1,355.661,12.0966,24.5563,94.03,59.66
73,10,1,355.778,12.1074,24.3266,94.53,59.57
74,10,1,355.713,12.0038,24.3745,96.25,59.09
75,10,1,355.681,12.0259,24.4587,94.65,59.26
76,10,1,355.479,11.9954,24.6151,95.12,59.56
77,10,1,355.712,11.9916,24.2783,95.51,58.8
78,10,1,355.777,11.9956,24.3054,96.06,59.58
79,10,1,355.706,11.9834,24.4225,96.82,59.55
80,10,1,355.479,12.1123,24.5532,96.74,58.94
81,10,1,355.675,12.077,24.4788,95.75,58.66
82,10,1,355.714,12.0704,24.4012,95.53,59.04
83,10,1,355.633,12.0424,24.4822,96.58,58.94
84,10,1,355.513,11.9966,24.5889,95.67,59.54
85,10,1,355.367,12.0234,24.7861,94.89,59.19
86,10,1,355.597,11.9995,24.4976,94.85,58.65
87,10,1,355.443,12.0068,24.6521,95.63,58.35
88,10,1,355.428,12.0061,24.7332,95.71,59.68
89,10,1,355.453,12.0039,24.676,96.35,59.57
90,10,1,355.483,12.0106,24.5769,96.01,58.88
91,10,1,355.365,12.0757,24.7316,97.5,59.05
92,10,1,355.601,12.0109,24.545,95.97,59.05
93,10,1,355.511,11.994,24.5549,95.89,58.62
94,10,1,355.519,12.0084,24.6803,96.16,59.54
95,10,1,355.524,12.0288,24.5582,96.35,59.32
96,10,1,355.407,12.0347,24.6696,94.49,58.42
97,10,1,355.509,12.0265,24.6102,93.96,58.85
98,10,1,355.179,12.0225,24.8687,96.78,59.33
99,10,1,355.091,12.0393,24.9957,96.1,58.47
100,10,1,355.457,12.0184,24.6256,95.54,59.26
101,10,1,355.258,12.1783,24.8981,97.55,58.51
102,10,1,355.445,12.0493,24.6449,95.88,59.69
103,10,1,355.238,11.9872,24.8004,95.18,58.4
104,10,1,355.371,12.069,24.6812,96.43,59.73
105,10,1,355.215,12.0036,24.9387,96.29,59.31
106,10,1,355.121,12.0646,25.0255,96.62,58.81
107,10,0,0,0,0,0,54.8
108,10,1,128.019,39.3384,38.4375,95.15,54.31
109,10,1,128.178,39.3076,38.3564,94.68,55.51
110,10,1,128.107,39.2937,38.3866,94.99,56.15
111,10,1,128.062,39.3297,38.3878,96.09,56.69
112,10,1,128.017,39.3244,38.4073,94.48,56.31
113,10,1,128.122,39.3111,38.3632,94.7,56.36
114,10,1,128.151,39.3146,38.3188,95.85,56.66
115,10,1,128,39.325,38.4046,94,55.91
116,10,1,128.231,39.2935,38.3039,96.1,56.8
117,10,1,128.043,39.2853,38.4007,95.23,56.97
118,10,1,128.056,39.304,38.3962,95.27,57.17
119,10,1,128.125,39.3216,38.3441,97.38,56.28
120,10,1,128.226,39.2866,38.2894,94.71,55.24
121,10,0,0,0,0,0,54.67
122,10,1,355.139,12.0018,24.9405,95.12,58.44
123,10,1,355.144,11.9943,24.852,94.77,58.12
124,10,1,355.209,11.996,24.8253,94.84,58.72
125,10,1,354.969,12.0967,25.1002,94.65,58.97
126,10,1,355.114,12.0095,24.9652,95.85,59.1
127,10,1,355.038,12.0993,24.9933,94.23,58.58
128,10,1,355.159,12.0041,24.9357,93.9,59.07
129,10,1,355.304,12.0168,24.7861,95.81,58.81
130,10,1,355.229,12.0683,24.9297,96.75,58.27
131,10,1,355.087,12.0043,24.9302,94.4,59.65
132,10,1,354.893,12,25.2502,96.13,58.39
133,10,1,355.032,12.0439,24.9845,95.36,58.92
134,10,1,355.102,12.041,24.9531,95.86,58.5
135,10,1,355.057,12.0227,24.9665,95.4,58.72
136,10,1,355.179,12.0648,24.9356,98.02,59.47
137,10,1,355.038,12.0257,25.0217,93.66,59.4
138,10,1,355.043,12.0139,25.0687,94.32,59.38
139,10,1,354.9,12.0394,25.2378,96.87,58.8
140,10,1,354.838,12.07,25.2609,96.39,59.11
141,10,1,354.96,12.0147,25.1301,94.86,58.8
142,10,1,354.984,12.0177,25.0865,96.45,60.28
143,10,1,354.897,12.0075,25.1362,95.31,59.47
144,10,1,355.071,12.0151,25.0607,95.69,58.94
145,10,1,354.858,11.9943,25.2911,95.3,59.44
146,10,1,354.965,12.0532,25.0499,94.76,58.52
147,10,1,354.921,12.0644,25.1313,96.43,59.11
148,10,1,354.799,12.0977,25.2796,97.2,59.19
149,10,1,355.063,12.0192,25.0388,95.18,58.83
150,10,1,354.981,12.0732,25.1603,96.21,58.64
151,10,1,354.774,12.0783,25.3057,95.22,59.58
152,10,1,354.955,12.0464,25.0526,94.58,59.17
153,10,1,354.894,12.068,25.22,96.49,59.16
154,10,1,354.792,12.0469,25.2867,95.19,58.42
155,10,1,354.842,12.0058,25.2243,96.04,59.01
156,10,1,354.969,12.0181,25.0501,95.67,59.6
157,10,1,354.882,12.0005,25.1315,95.98,59.6
158,10,1,354.81,12.1175,25.1961,96.72,59.14
159,10,1,354.806,12.0065,25.2947,95.06,59.33
160,10,1,354.779,12.0374,25.303,96.26,59.16
161,10,1,354.857,12.0289,25.1305,96.55,58.6
162,10,1,354.771,12.0442,25.3464,96.31,59.09
163,10,1,354.663,12.0095,25.4384,95.08,58.55
164,10,1,354.698,12.0156,25.35,93.26,58.92
165,10,1,354.742,12.0102,25.3319,94.93,59.7
166,10,1,354.879,12.0678,25.1802,95.37,59.24
167,10,1,354.655,12.0724,25.5092,96.35,59.54
168,10,1,354.693,12.0131,25.3902,94.34,59.72
169,10,1,354.793,12.0659,25.1904,95.81,59.16
170,10,1,354.634,12.0444,25.4383,95.92,58.67
171,10,1,354.686,12.036,25.2908,94.15,58.83
172,10,1,354.603,12.0231,25.444,96.11,59.02
173,10,1,354.572,12.0745,25.5693,96.43,58.95
174,10,1,354.676,12.0929,25.4205,96.75,59.56
175,10,1,354.722,11.9968,25.3265,96.77,59.46
176,10,1,354.609,12.082,25.4938,98.45,60.2
177,10,1,354.544,12.1641,25.6151,96.27,60.2
178,10,1,354.783,12.0902,25.3081,97.33,59.37
179,10,1,354.335,12.0856,25.7016,96.47,58.92
180,10,1,354.564,12.1319,25.5569,97.71,58.96
181,10,1,354.588,12.0235,25.4329,95.37,59.11
182,10,1,354.533,12.0366,25.5582,95.67,59.21
183,10,1,354.599,12.0652,25.6102,94.68,58.85
184,10,1,354.531,11.9899,25.6059,95.23,59.56
185,10,1,354.568,12.0189,25.5053,96.35,59.99
186,10,1,354.765,12.0697,25.399,94.65,59.76
187,10,1,354.331,12.0536,25.6762,95.59,58.97
188,10,1,354.151,12.1043,25.8809,94.93,58.82
189,10,1,354.436,12.0214,25.6576,96.29,59.72
190,10,1,354.441,12.0317,25.5381,95.29,59.05
191,10,1,354.595,12.0791,25.487,95.61,59.51
192,10,1,354.5,12.0538,25.5233,94.56,58.97
193,10,1,354.302,12.0657,25.7587,95.6,57.61
194,10,1,354.54,12.0839,25.6783,88.5,54.18
195,10,1,125.24,40.7573,31.747,64.1,53.43
196,10,1,124.265,40.8805,33.1379,91.08,56.37
197,10,1,124.281,40.7517,33.2375,93.67,56.81
198,10,1,124.385,40.8149,33.0167,94.13,56.81
199,10,1,124.456,40.8599,33.0155,95.29,57.78
200,10,1,124.336,40.8861,33.1451,94,56.19
201,10,1,124.683,40.7525,32.522,81.89,55.84
202,10,1,124.313,40.8114,33.1573,94.82,56.73
203,10,1,124.333,40.8949,33.0739,85.59,56.1
204,10,1,282.376,30.9154,59.9733,89.7,56.78
205,10,1,282.518,31.235,59.8836,91.19,58.89
206,10,1,282.383,31.1602,59.9914,91.96,58.71
207,10,1,282.485,31.2217,59.8609,89.81,58.75
208,10,1,282.495,31.2064,59.9169,92.66,59.43
209,10,1,282.536,31.2545,59.8603,89.67,59.31
210,10,1,282.745,31.2898,59.715,91.36,59.75
211,10,1,282.425,31.183,59.8705,88.85,59.88
212,10,1,282.402,31.1761,59.9674,92.4,59.78
213,10,1,282.423,31.2348,59.8963,89.7,57.42
214,10,0,0,0,0,0,55.56
215,10,1,342.715,21.46,66.6673,90.67,56.08
216,10,1,342.711,21.4908,66.6489,91.64,56.92
217,10,1,342.646,21.4783,66.7485,90.61,56.52
218,10,1,342.675,21.4345,66.6399,92.72,57.9
219,10,1,342.703,21.5155,66.5989,89.59,57.73
220,10,1,342.511,21.4856,66.9536,92.3,57.71
221,10,1,342.635,21.4529,66.6913,91.61,57.53
222,10,1,342.674,21.5356,66.7499,94.23,57.86
223,10,1,342.537,21.4119,66.8269,90.86,57.51
224,10,1,342.703,21.5457,66.7357,94.42,57.28
225,10,1,342.642,21.6009,66.8087,96.93,57.8
226,10,1,342.528,21.4765,66.9184,91.21,57.72
227,10,1,342.546,21.4857,66.7868,92.01,57.71
228,10,1,342.718,21.5565,66.7407,93.79,57.76
229,10,1,342.454,21.4355,66.9481,93,58.16
230,10,1,342.62,21.5543,66.9164,93.22,56.92
231,10,1,342.472,21.5243,66.8948,91.58,56.97
232,10,1,342.473,21.4855,66.838,90.23,57.46
233,10,1,168.169,26.8713,23.7944,85.84,55.3
234,10,1,168.146,26.8409,23.831,92.32,58.13
235,10,1,168.102,26.8245,23.8401,92.46,58.76
236,10,1,168.032,26.7297,23.9636,94.22,58.56
237,10,1,168.025,26.7755,23.9546,94.4,58.53
238,10,1,168.113,26.7642,23.8858,95.14,58.45
239,10,1,168.165,26.7786,23.8946,94.37,58.17
240,10,1,168.114,26.8658,23.8042,93.23,59.24
241,10,1,168.148,26.7708,23.8654,94.88,58.67
242,10,1,168.225,26.8351,23.7379,92.39,59.4
243,10,1,168.334,26.844,23.6824,92.45,58.98
244,10,1,168.184,26.8294,23.7518,92.84,58.69
245,10,1,168.145,26.7776,23.8714,94.51,59.13
246,10,1,168.117,26.7946,23.8128,90.06,57.97
247,10,1,168.26,26.7489,23.8375,96.46,58.47
248,10,1,168.262,26.8295,23.7269,92.51,58.74
249,10,1,168.17,26.7856,23.8068,95.14,58.41
250,10,1,168.319,26.7366,23.7176,95.9,59.76
251,10,1,168.24,26.7756,23.8194,93.52,58.51
252,10,1,168.317,26.8674,23.6517,89.35,57.37
253,10,1,168.273,26.772,23.6312,87.52,41.32
254,10,0,0,0,0,0,35.68
255,10,0,0,0,0,0,53.88
0,11,0,0,0,0,0,37.06
1,11,0,0,0,0,0,35.13
2,11,0,0,0,0,0,34.7
3,11,0,0,0,0,0,36.87
4,11,0,0,0,0,0,60.21
5,11,1,131.317,33.2704,81.0279,94.1,52.14
6,11,1,131.351,33.2472,80.9999,93.79,56.13
7,11,1,131.343,33.239,81.0088,92.31,55.85
8,11,1,131.365,33.2252,80.9751,92.47,56.09
9,11,1,131.325,33.237,80.9817,94.77,55.82
10,11,1,131.218,33.3024,81.1221,90.52,56.17
11,11,1,131.203,33.2186,81.0586,93.87,56.25
12,11,1,131.302,33.2197,81.0235,92.38,56.62
13,11,1,131.358,33.222,80.9582,93.06,56.64
14,11,1,131.278,33.2439,80.9943,92.87,56.33
15,11,1,131.298,33.2407,81.0219,92.24,56.66
16,11,1,131.333,33.2451,80.9964,90.93,57.17
17,11,1,131.326,33.2326,81.0193,92.37,57.22
18,11,1,131.227,33.2247,81.053,92.64,56.31
19,11,1,131.286,33.2234,81.0072,92.27,56.58
20,11,1,131.204,33.2532,81.066,93.1,56.37
21,11,1,131.205,33.229,81.0581,91.68,55.94
22,11,1,131.313,33.2576,81.0062,94.98,56.55
23,11,1,131.248,33.234,81.0241,93.1,56.49
24,11,1,131.357,33.2284,80.9614,90.82,56.48
25,11,1,131.327,33.246,80.953,92.83,56.33
26,11,1,131.17,33.2444,81.0585,93.51,56.87
27,11,1,131.218,33.2569,81.0463,93.55,56.37
28,11,1,131.134,33.2511,81.0859,91.55,56.76
29,11,1,131.239,33.2125,81.0313,91.61,57.03
30,11,1,131.275,33.2534,81.0062,93.41,57.39
31,11,1,131.397,33.2221,80.9829,91.55,56.87
32,11,1,131.253,33.2333,81.0172,93.21,56.34
33,11,1,131.436,33.2112,80.9244,94.92,56.48
34,11,1,131.329,33.2282,80.9682,91.51,56.74
35,11,1,131.274,33.2337,81.0199,91.25,57.68
36,11,1,131.317,33.2234,80.9841,92.51,56.75
37,11,1,131.218,33.2092,81.0335,95.27,57.63
38,11,1,131.279,33.2068,80.9999,91.85,57
39,11,1,131.199,33.2273,81.0214,94.21,56.61
40,11,1,131.393,33.2009,80.9492,91.27,57.48
41,11,1,131.345,33.2031,80.9656,91.9,56.65
42,11,1,131.23,33.2155,80.9936,93.14,56.5
43,11,1,131.361,33.2039,80.9433,93.89,56.99
44,11,1,131.34,33.2029,80.9472,91.81,57.35
45,11,1,131.286,33.1631,80.9774,91.33,56.06
46,11,1,355.982,12.0234,24.1116,91.77,56.18
47,11,1,356.039,12.0166,24.0637,96.63,58.38
48,11,1,356.166,12.0004,23.9646,96.18,58.67
49,11,1,356.148,11.9841,24.0351,96.25,59.09
50,11,1,356.002,12.0045,24.1336,94.93,59.03
51,11,1,356.046,12.0301,24.1181,95.12,59.03
52,11,1,355.911,11.9961,24.2738,96.63,58.7
53,11,1,356.014,11.9998,24.1653,95.88,59.36
54,11,1,355.983,12.053,24.1997,97.08,59.07
55,11,1,355.941,12.0168,24.1684,96.06,59.23
56,11,1,355.788,12.0383,24.375,97.48,58.27
57,11,1,356.057,11.9973,24.0343,96.61,58.84
58,11,1,355.825,11.9916,24.3252,93.69,57.81
59,11,1,355.652,12.0631,24.5084,96.28,58.7
60,11,1,355.794,12.0088,24.3329,96.57,59.56
61,11,1,355.798,11.9909,24.3097,97.1,58.84
62,11,1,356.033,12.0044,24.0316,95.94,59.25
63,11,1,355.891,11.9973,24.2238,96.79,58.96
64,11,1,355.964,11.9888,24.2559,93.75,59.46
65,11,1,355.784,12.0184,24.3745,96.15,59.31
66,11,1,355.639,12.0058,24.4808,96.75,58.28
67,11,1,355.823,11.9885,24.3493,95.09,59.08
68,11,1,355.641,12.0053,24.4611,97.61,59.23
69,11,1,355.702,12.0007,24.4248,96.95,59.16
70,11,1,355.685,11.9985,24.4478,96.14,58
71,11,1,355.592,11.9913,24.4948,95.08,58.26
72,11,1,355.478,12.0326,24.7163,95.49,58.85
73,11,1,355.618,12.0013,24.5001,95.24,58.87
74,11,1,355.436,12.0114,24.6473,95.11,58.56
75,11,1,355.652,11.9895,24.4848,97.22,59.33
76,11,1,355.664,11.9948,24.451,94.09,59.24
77,11,1,355.626,12.0475,24.5069,95.69,59.44
78,11,1,355.563,12.0399,24.5311,94.48,58.41
79,11,1,355.401,12.0145,24.7355,95.75,58.52
80,11,1,355.581,12.008,24.5474,97.33,59.39
81,11,1,355.603,11.9764,24.5128,96.12,58.84
82,11,1,355.555,12.0411,24.5214,95.3,58.87
83,11,1,355.557,12.0202,24.5362,94.66,58.76
84,11,1,355.499,11.995,24.6804,93.67,59.93
85,11,1,355.637,12.0038,24.4396,96.46,59.11
86,11,1,355.393,12.0459,24.7981,95.03,59.33
87,11,1,355.57,12.0081,24.5418,94.64,59.85
88,11,1,355.56,11.9765,24.6134,95.3,59.13
89,11,1,355.515,12.0226,24.567,96.55,59.3
90,11,1,355.653,11.9996,24.4073,95.84,59.52
91,11,1,355.443,12.013,24.5614,96.31,59.92
92,11,1,355.548,12.0038,24.6406,94.92,59.35
93,11,1,355.615,11.9846,24.5013,95.11,58.93
94,11,1,355.549,12.0451,24.4912,97.27,59.52
95,11,1,355.528,12.0068,24.6176,94.65,59.63
96,11,1,355.297,12.029,24.7649,94.81,58.75
97,11,1,355.222,12.025,24.8631,95.89,58.37
98,11,1,355.106,12.0452,25.0374,95.3,58.56
99,11,1,355.181,12.0284,24.8844,95.49,58.97
100,11,1,355.262,12.0203,24.8961,96.35,59.12
101,11,1,355.237,12.0325,24.9299,95.02,58.33
102,11,1,355.367,12.0573,24.756,96.27,59.39
103,11,1,355.365,12.09,24.7592,96.89,58.89
104,11,1,355.205,12.0108,24.895,95.56,59.11
105,11,1,355.357,11.9987,24.6667,95.55,58.9
106,11,1,355.263,12.015,24.9119,94.27,56.76
107,11,1,128.128,39.3164,38.404,88.88,54.2
108,11,1,128.106,39.2848,38.4147,95.14,55.63
109,11,1,128.068,39.3379,38.381,93.17,56.04
110,11,1,128.114,39.3119,38.3829,97.29,55.45
111,11,1,128.088,39.337,38.3374,95.7,56.17
112,11,1,128.027,39.3376,38.3981,93.89,56.17
113,11,1,128.099,39.3005,38.3727,95.56,56.59
114,11,1,128.071,39.2952,38.386,98.27,57.03
115,11,1,128.052,39.2837,38.4227,95.6,56.72
116,11,1,128.117,39.3124,38.3787,96.59,56.72
117,11,1,128.112,39.2818,38.4512,95.77,56.57
118,11,1,128.08,39.3069,38.3892,95,56.08
119,11,1,127.993,39.2847,38.4638,96.28,55.67
120,11,0,0,0,0,0,54.91
121,11,1,354.897,12.0314,25.2511,96.61,56.67
122,11,1,355.308,12.0085,24.7217,95.74,59.63
123,11,1,355.231,11.9869,24.8337,95.76,58.71
124,11,1,355.205,12.0393,24.8221,94.55,59.33
125,11,1,355.03,12.0802,25.1411,95.92,58.98
126,11,1,355.184,12.0068,24.898,94.87,58.55
127,11,1,355.052,12.0634,25.0648,95.98,59.46
128,11,1,355.047,12.0722,25.0733,95.98,59.1
129,11,1,355.128,11.9991,24.9507,95.94,59.48
130,11,1,355.025,12.0048,25.0499,96.75,59.33
131,11,1,354.925,12.1124,25.206,97.09,59.23
132,11,1,355.031,11.9938,25.1335,94.66,59.11
133,11,1,355.105,11.9967,25.024,95.61,59.79
134,11,1,354.988,12.0073,25.1584,94.29,58.99
135,11,1,354.997,12.0104,25.0055,95.66,58.86
136,11,1,355.214,12.0011,24.8656,94.51,59.08
137,11,1,355.116,12.07,25.0156,96.77,59.23
138,11,1,354.96,12.0159,25.1481,94.49,59.66
139,11,1,354.943,12.1379,25.1226,96.41,59.17
140,11,1,355.035,12.0508,24.8955,95.3,59.94
141,11,1,354.961,12.0127,25.0396,94.24,59.56
142,11,1,355.034,12.0227,25.0352,95.57,59.08
143,11,1,354.808,12.0531,25.3328,96.82,58.6
144,11,1,355.054,11.9955,25.0226,96.08,59.46
145,11,1,354.99,12.0616,25.1003,95.3,59.48
146,11,1,354.917,12.0216,25.2275,96.75,58.73
147,11,1,354.889,12.068,25.1968,96.82,59.45
148,11,1,354.957,11.9969,25.1344,94.02,59.26
149,11,1,354.914,12.0989,25.1919,96.06,59.4
150,11,1,355.07,12.0709,24.988,96.53,59.97
151,11,1,354.858,12.001,25.1851,93.6,58.99
152,11,1,354.783,12.0389,25.3165,96.76,58.7
153,11,1,354.873,12.0129,25.1599,96.17,58.81
154,11,1,354.838,12.007,25.2103,95.56,59.52
155,11,1,354.886,11.9987,25.2457,97.16,60.25
156,11,1,355.02,12.0416,25.0607,95.13,59.56
157,11,1,354.711,12.0493,25.4008,95.08,59.03
158,11,1,354.905,12.0241,25.0996,94.24,60.09
159,11,1,354.654,12.0405,25.4188,92.55,58.78
160,11,1,354.806,12.0439,25.2417,95.69,59.34
161,11,1,354.54,12.0075,25.5322,95.68,58.64
162,11,1,354.853,12.0047,25.2964,95.25,58.68
163,11,1,354.73,12.0202,25.4258,94.74,59.68
164,11,1,354.718,12.047,25.3984,95.56,59.33
165,11,1,354.834,12.0714,25.3213,95.24,59.95
166,11,1,354.686,12.0262,25.4292,96.8,59.18
167,11,1,354.683,12.0228,25.3781,96.34,59.05
168,11,1,354.766,12.049,25.1897,94.72,60.11
169,11,1,354.644,12.0208,25.4328,94.95,58.88
170,11,1,354.618,12.0727,25.4715,96.87,58.56
171,11,1,354.681,12.0102,25.4024,95.04,59.64
172,11,1,354.7,12.0285,25.3962,94.5,58.82
173,11,1,354.587,12.0651,25.4787,96.26,58.89
174,11,1,354.676,12.0073,25.3477,93.93,59.13
175,11,1,354.741,12.0381,25.232,94.63,59.7
176,11,1,354.611,12.0075,25.4452,96.02,59.08
177,11,1,354.5,12.0122,25.5876,94.95,59.15
178,11,1,354.705,12.0104,25.3366,96.53,59.81
179,11,1,354.68,12.0104,25.4515,96.42,59.22
180,11,1,354.553,12.119,25.6217,95.04,59.91
181,11,1,354.663,12.0178,25.4377,94.85,58.89
182,11,1,354.674,12.0464,25.454,95.68,59.37
183,11,1,354.616,12.0309,25.4767,94.52,60.05
184,11,1,354.668,12,25.3102,95.92,59.38
185,11,1,354.767,11.9816,25.2505,96.33,58.5
186,11,1,354.334,11.9918,25.7873,94.96,57.29
187,11,1,354.326,12.0379,25.6803,95.21,58.16
188,11,1,354.465,12.0181,25.586,95.61,59.17
189,11,1,354.49,12.0111,25.6222,95.46,59.59
190,11,1,354.518,12.0265,25.5715,95.65,59.87
191,11,1,354.59,12.0084,25.5006,88.07,59.24
192,11,1,354.6,12.018,25.4025,95.32,59.34
193,11,1,354.551,12.0801,25.5579,94.28,60.63
194,11,1,354.341,12.0723,25.7751,94.72,57.04
195,11,0,0,0,0,0,52.39
196,11,1,124.505,40.758,33.0345,93.98,53.99
197,11,1,124.521,40.8355,33.0604,92.58,56.37
198,11,1,124.37,40.8316,33.0876,91.47,58.39
199,11,1,124.37,40.8974,33.0523,91.5,57.62
200,11,1,124.363,40.9082,33.0175,88.18,53.62
201,11,1,124.307,40.7846,33.1876,92.81,54.35
202,11,1,124.345,40.7918,33.1296,92.75,55.54
203,11,1,124.349,40.8935,33.1258,93.6,56.76
204,11,0,0,0,0,0,56.44
205,11,1,282.379,31.1824,59.9949,90.13,58.16
206,11,1,282.436,30.9883,59.9086,91.29,58.75
207,11,1,282.315,31.1671,59.9345,92.5,59.02
208,11,1,282.646,31.0662,59.7127,87.13,59.82
209,11,1,282.696,31.2725,59.7142,88.38,59.57
210,11,1,282.688,31.2772,59.6137,88.77,58.97
211,11,1,282.374,31.1662,59.9335,91.38,59.52
212,11,1,282.333,31.172,59.7707,84.42,58.75
213,11,0,0,0,0,0,57.21
214,11,1,342.605,21.4754,66.8145,83.96,55.91
215,11,1,342.639,21.5076,66.7203,91.73,57.24
216,11,1,342.729,21.4579,66.5107,89.5,56.75
217,11,1,342.708,21.4331,66.682,93.71,58.33
218,11,1,342.571,21.4462,66.854,89.22,57.93
219,11,1,342.67,21.4462,66.7239,91.78,58.08
220,11,1,342.51,21.3882,66.863,84.58,58.07
221,11,1,342.573,21.4796,66.7988,93.6,57.07
222,11,1,342.7,21.5843,66.7736,93.11,58.11
223,11,1,342.461,21.4599,66.9539,90.43,58.36
224,11,1,342.629,21.4161,66.8198,93.29,58.63
225,11,1,342.626,21.4579,66.8235,83.31,58.51
226,11,1,342.58,21.5245,66.9171,96.97,58.42
227,11,1,342.468,21.4547,67.0327,93.21,57.85
228,11,1,342.557,21.4656,66.7206,84.34,58.5
229,11,1,342.58,21.5081,66.842,92.61,57.62
230,11,1,342.616,21.551,66.8038,94.54,57.6
231,11,1,342.433,21.4479,67.0046,92.51,58.02
232,11,1,342.593,21.5521,66.804,94.21,56.84
233,11,1,168.224,26.8802,23.7493,92.86,55.95
234,11,1,168.028,26.7626,23.9481,95.4,57.98
235,11,1,168.053,26.8371,23.8685,91.54,58.72
236,11,1,168.172,26.8429,23.7988,93.09,59.19
237,11,1,168.154,26.8556,23.7862,92.44,58.98
238,11,1,168.111,26.7825,23.9168,96.1,58.68
239,11,1,168.132,26.8323,23.8112,92.35,58.74
240,11,1,168.176,26.766,23.8526,94.75,58.38
241,11,1,168.136,26.8224,23.7937,93.41,58.28
242,11,1,167.918,26.7797,23.9536,90.27,58.97
243,11,1,168.238,26.8296,23.7288,92.77,58.64
244,11,1,168.049,26.8462,23.8769,92.54,59.27
245,11,1,168.222,26.8495,23.728,92.12,58.82
246,11,1,168.214,26.7843,23.83,95.12,59.24
247,11,1,168.175,26.7621,23.8528,94.15,58.8
248,11,1,168.341,26.7875,23.7619,94.87,58.81
249,11,1,168.269,26.857,23.665,94.12,58.29
250,11,1,168.207,26.7643,23.8062,95.34,58.85
251,11,1,168.281,26.7925,23.7681,95.23,58.94
252,11,1,168.33,26.7927,23.7523,94.34,57.45
253,11,1,168.237,26.7991,23.6301,91.15,42.87
254,11,0,0,0,0,0,36.28
255,11,0,0,0,0,0,35.89
0,12,0,0,0,0,0,57.47
1,12,0,0,0,0,0,53.17
2,12,0,0,0,0,0,36.29
3,12,0,0,0,0,0,37.73
4,12,2,131.232,34.0618,80.9208,57.54,58.45
5,12,1,131.298,33.2823,80.9796,94.75,51.87
6,12,1,131.159,33.2734,81.0831,91.92,56.04
7,12,1,131.23,33.2573,81.0823,92.48,56.99
8,12,1,131.199,33.2266,81.0659,93.08,56.55
9,12,1,131.292,33.2632,81.0269,93.2,56.18
10,12,1,131.221,33.2259,81.0619,92.43,56.57
11,12,1,131.262,33.2283,81.0302,93.68,56.33
12,12,1,131.199,33.2469,81.0713,92.16,56.85
13,12,1,131.263,33.2248,81.0275,92.35,56.11
14,12,1,131.216,33.2451,81.0469,92.86,55.92
15,12,1,131.275,33.2426,81.0148,93.34,56.08
16,12,1,131.21,33.2111,81.0467,91.99,56.54
17,12,1,131.338,33.2239,80.9868,94.94,56.21
18,12,1,131.288,33.2285,81.0197,92.5,56.4
19,12,1,131.261,33.2766,81.0214,91.75,57.05
20,12,1,131.184,33.2524,81.0673,93.63,56.27
21,12,1,131.29,33.2675,81.0305,93.63,57.73
22,12,1,131.231,33.2541,81.0548,93.08,57.29
23,12,1,131.306,33.242,81.003,92.6,56.62
24,12,1,131.333,33.2498,81.0022,91.84,57.07
25,12,1,131.244,33.2634,81.0169,91.63,56.42
26,12,1,131.411,33.2117,80.9845,93.27,56.72
27,12,1,131.191,33.2295,81.052,92.58,56.07
28,12,1,131.222,33.2111,81.0285,93.23,56.23
29,12,1,131.266,33.2686,81.0381,91.22,56.83
30,12,1,131.299,33.2516,80.9892,91.13,57.13
31,12,1,131.24,33.2356,81.037,90.27,57.6
32,12,1,131.279,33.2543,81.0175,93.15,57.01
33,12,1,131.264,33.2281,81.0269,93.39,57.3
34,12,1,131.192,33.233,81.0501,89.99,57.14
35,12,1,131.191,33.2284,81.0256,92.12,56.73
36,12,1,131.305,33.2383,81.004,91.48,56.59
37,12,1,131.371,33.1989,80.9361,94.38,56.78
38,12,1,131.312,33.2193,80.9639,91.54,57.24
39,12,1,131.305,33.232,80.9765,90.53,56.97
40,12,1,131.336,33.2127,80.9558,92.52,56.55
41,12,1,131.32,33.217,80.9781,92.76,57.57
42,12,1,131.464,33.2011,80.9018,93.67,56.49
43,12,1,131.326,33.2351,80.9734,93.25,56.69
44,12,1,131.387,33.198,80.9316,91.57,57.12
45,12,1,131.315,33.1636,80.9372,91.36,54.91
46,12,1,356.116,12.0096,23.9649,93.6,56.79
47,12,1,356,11.9756,24.166,94.85,58.49
48,12,1,356.066,12.013,24.0255,95.65,58.02
49,12,1,355.916,12.0065,24.2037,94.23,57.53
50,12,1,356.012,12.0001,24.1843,96.57,59.09
51,12,1,356.023,12.0045,24.0779,95.7,58.54
52,12,1,356.023,12.0092,24.1245,96.94,59.12
53,12,1,355.939,12.0062,24.1403,95.53,58.8
54,12,1,355.835,12.0135,24.3128,95.31,59.13
55,12,1,355.857,12.0001,24.2905,95.87,59.39
56,12,1,355.86,12.0085,24.2518,95.42,58.93
57,12,1,355.976,11.9842,24.1611,95.58,59.82
58,12,1,356.08,12.0064,24.1092,95.87,58.56
59,12,1,355.787,12.0153,24.2846,95.07,58.09
60,12,1,355.731,12.0688,24.3924,95.48,59.11
61,12,1,355.627,12.0493,24.5421,95.21,59.39
62,12,1,355.897,11.9858,24.2089,95.06,58.29
63,12,1,355.882,12.0213,24.2023,95.46,58.76
64,12,1,355.888,11.9941,24.2,96.14,59.14
65,12,1,355.757,12.0047,24.4219,96.82,59.17
66,12,1,355.755,12.008,24.4511,94.33,59.66
67,12,1,355.616,11.9921,24.5445,96.93,59.26
68,12,1,355.747,12.0629,24.3912,96.24,59.11
69,12,1,355.624,12.1073,24.5916,92.98,59.24
70,12,1,355.615,12.0258,24.4992,94.96,59.43
71,12,1,355.394,12.0493,24.8101,95.05,58.83
72,12,1,355.862,12.006,24.2194,95.92,59.51
73,12,1,355.573,12.0045,24.6324,95.69,58.8
74,12,1,355.522,11.9943,24.627,96.56,58.49
75,12,1,355.725,11.9765,24.35,94.25,59.41
76,12,1,355.495,11.9937,24.617,96.64,59.18
77,12,1,355.568,11.9883,24.5253,96.1,58.91
78,12,1,355.673,11.9918,24.4239,97.09,59.52
79,12,1,355.757,11.9832,24.3725,95.55,59.2
80,12,1,355.646,11.9919,24.4983,95.51,59.58
81,12,1,355.546,12.0587,24.5124,95.62,59.38
82,12,1,355.614,12.0071,24.469,94.6,59.32
83,12,1,355.54,12.0046,24.6292,97.26,58.47
84,12,1,355.5,12.0573,24.6729,95.81,58.56
85,12,1,355.544,11.9786,24.5222,95.96,58.42
86,12,1,355.556,12.0127,24.5017,96.49,59.7
87,12,1,355.451,12.0024,24.7146,87.62,59.5
88,12,1,355.449,12.0014,24.6266,96.32,58.54
89,12,1,355.586,12.0154,24.5145,95.67,58.57
90,12,1,355.554,11.9906,24.7063,96.26,59.09
91,12,1,355.433,12.0076,24.6923,97.12,58.88
92,12,1,355.477,11.9953,24.6846,97.73,59.28
93,12,1,355.509,11.9819,24.5109,93.74,59.03
94,12,1,355.452,12.0088,24.6238,96.42,59.08
95,12,1,355.453,11.9931,24.6902,96.91,59.92
96,12,1,355.752,11.9781,24.2277,95.62,58.95
97,12,1,355.422,12.0083,24.6881,94.93,59.31
98,12,1,355.258,12.1238,24.8809,95.31,59.59
99,12,1,355.149,12.032,24.9332,96.13,59.2
100,12,1,355.287,12.0023,24.7795,96.63,58.95
101,12,1,355.194,11.995,24.8694,95.17,59.28
102,12,1,355.186,12.0034,24.9674,97.55,59.19
103,12,1,355.286,12.0152,24.7951,94.82,60.03
104,12,1,355.224,11.9957,24.9657,95.59,58.82
105,12,1,355.061,12.0221,25.0974,96.29,57.53
106,12,0,0,0,0,0,55.36
107,12,1,128.018,39.3264,38.4254,95.09,55.88
108,12,1,128.056,39.3013,38.4119,95.32,55.35
109,12,1,128.059,39.3184,38.4262,97.76,54.41
110,12,1,128.028,39.3174,38.4022,95.27,55.98
111,12,1,128.154,39.2926,38.386,95.25,55.96
112,12,1,128.063,39.3023,38.3724,93.95,56.75
113,12,1,128.078,39.3174,38.3826,97.1,56.51
114,12,1,128.11,39.2995,38.3553,97.74,55.85
115,12,1,128.143,39.3324,38.3504,94.77,55.53
116,12,1,128.084,39.3046,38.3685,97.24,56.92
117,12,1,128.067,39.3006,38.3939,96.61,56.37
118,12,1,128.091,39.3218,38.338,94.2,55.87
119,12,1,128.077,39.3195,38.3747,87.31,54.95
120,12,0,0,0,0,0,56.98
121,12,1,354.92,12.0715,25.1918,95.91,58.28
122,12,1,355.172,11.995,24.8901,96.24,58.8
123,12,1,355.29,11.9862,24.8435,93.13,59.12
124,12,1,355.098,12.0548,24.9522,95.95,57.91
125,12,1,355.034,12.0536,25.1411,95.85,59.08
126,12,1,355.112,12.0218,24.9995,93.53,58.87
127,12,1,355.053,11.9984,25.0119,94.76,59.07
128,12,1,355.115,12.0033,25.0166,95.95,58.72
129,12,1,355.083,12.0083,24.9767,95.91,59.21
130,12,1,355.122,12.0922,24.8855,96.85,59.09
131,12,1,355.143,11.9945,24.9479,94.27,58.88
132,12,1,355.085,12.0115,24.9542,95.78,58.77
133,12,1,355.056,12.0589,24.9477,94.94,58.08
134,12,1,355.19,12.0335,24.7882,93.7,59.17
135,12,1,355.15,12.0602,24.9289,95.81,59.49
136,12,1,355.208,12.0426,24.8454,96.11,59.5
137,12,1,354.828,12.1513,25.259,96.88,58.82
138,12,1,354.959,11.9957,25.0862,94.75,58.66
139,12,1,354.958,12.0627,25.127,97.34,59.37
140,12,1,354.93,12,25.2289,95.7,59.03
141,12,1,355.002,12.0073,25.1266,96.22,59.46
142,12,1,354.864,12.0674,25.1645,96.64,59.61
143,12,1,354.91,12.0117,25.1983,95.92,59.72
144,12,1,354.94,12.0607,25.1837,95.98,59.14
145,12,1,354.852,12.0086,25.2328,95.38,60.18
146,12,1,355.044,12.0777,25.1205,96.77,59.26
147,12,1,354.927,12.0611,25.0891,96.78,59.47
148,12,1,354.834,12.0126,25.2329,94.72,59.03
149,12,1,355.053,12.1059,25.0509,97.35,59.6
150,12,1,355.034,12.0162,25.0109,96.54,59.03
151,12,1,355.02,12.0678,25.0733,97.1,59.51
152,12,1,354.921,12.0234,25.1878,94.53,58.53
153,12,1,354.909,12.0996,25.1889,97.46,58.61
154,12,1,354.934,12.0111,25.0808,95.81,59.27
155,12,1,354.893,11.9832,25.2213,96.21,59.88
156,12,1,354.917,12.0712,25.1885,96.45,59.28
157,12,1,354.621,11.9982,25.461,95.24,58.3
158,12,1,354.728,12.0745,25.3997,96.05,59.94
159,12,1,354.816,12.0801,25.2146,94.61,58.93
160,12,1,354.919,12.0034,25.1792,95.33,59.53
161,12,1,355.088,11.9986,24.8624,89.46,59.73
162,12,1,354.689,12.0124,25.3944,93.91,58.96
163,12,1,354.715,11.9865,25.4435,94.43,60.02
164,12,1,354.865,11.989,25.2458,96.54,59.51
165,12,1,354.66,12.1269,25.4478,97.58,59.83
166,12,1,354.866,12.0065,25.1776,95.61,58.93
167,12,1,354.731,12.0186,25.3314,94.92,58.99
168,12,1,354.741,12.0172,25.2859,96.29,59.75
169,12,1,354.798,12.0808,25.3823,94.93,59.55
170,12,1,354.668,12.0572,25.4346,96.1,59.25
171,12,1,354.652,12.0059,25.4062,96.62,58.29
172,12,1,354.649,12.0023,25.4624,96.5,59.29
173,12,1,354.676,12.0767,25.4931,96.45,59.32
174,12,1,354.761,12.0042,25.2774,95.99,58.56
175,12,1,354.534,12.0658,25.5476,96.58,58.98
176,12,1,354.556,12.0523,25.6037,95.51,58.65
177,12,1,354.558,12.0098,25.5741,93.83,59.41
178,12,1,354.644,12.0046,25.4315,95.88,59.36
179,12,1,354.656,12.0002,25.3837,96.78,59.01
180,12,1,354.564,12.0025,25.4899,95.48,59.01
181,12,1,354.653,12.0033,25.4226,95.81,58.95
182,12,1,354.479,12.0739,25.5183,96.33,58.81
183,12,1,354.696,12.0223,25.3135,95.99,58.68
184,12,1,354.53,12.0669,25.4739,96.12,57.83
185,12,1,354.145,12.051,25.9687,89.11,55.68
186,12,0,0,0,0,0,54.5
187,12,0,0,0,0,0,54.81
188,12,1,354.455,11.996,25.6162,94.91,56.83
189,12,1,354.373,12.0393,25.7594,96.33,58.33
190,12,1,354.496,12.0063,25.6343,95.73,58.92
191,12,1,354.315,12.0657,25.7915,94.78,59.21
192,12,1,354.583,12.0074,25.4437,95.33,59.27
193,12,1,354.569,12.0926,25.5681,95.67,59.71
194,12,1,354.402,12.028,25.6828,94.71,58.92
195,12,1,354.326,12.0437,25.7441,93.11,56.08
196,12,0,0,0,0,0,53.45
197,12,1,124.655,40.5864,32.5718,83.54,53.62
198,12,1,124.368,40.8403,33.2248,91.86,57.63
199,12,1,124.35,40.8556,33.0426,93.35,56.49
200,12,1,124.455,40.935,33.0561,89.31,53.43
201,12,1,124.52,40.8719,33.0065,84.95,53.91
202,12,1,124.388,40.7467,33.1542,96.97,55.94
203,12,1,124.485,40.8292,32.9343,93.14,56.63
204,12,1,124.204,40.8404,33.1602,92.32,55.02
205,12,1,282.485,30.9586,59.9234,87.89,57.35
206,12,1,282.299,31.1352,60.0245,92.11,59.47
207,12,1,282.589,31.2857,59.7563,90.74,59.24
208,12,1,282.594,31.259,59.6451,89.68,59.25
209,12,1,282.645,31.2805,59.6772,89.25,59.06
210,12,1,282.529,31.2202,59.852,89.18,58.98
211,12,1,282.477,31.1234,59.7444,84.46,59.19
212,12,1,282.719,31.3021,59.6766,92.79,57.54
213,12,0,0,0,0,0,55.07
214,12,1,342.766,21.515,66.5567,90.69,56.74
215,12,1,342.756,21.5303,66.7697,94.82,57.4
216,12,1,342.85,21.5706,66.6126,95.92,56.71
217,12,1,342.796,21.5921,66.6977,93.38,57.1
218,12,1,342.625,21.4641,66.8245,92.79,57.14
219,12,1,342.71,21.5142,66.6627,91.65,56.86
220,12,1,342.792,21.4725,66.6762,95,57.45
221,12,1,342.684,21.5879,66.7517,94.57,56.73
222,12,1,342.54,21.4124,66.9219,85.79,58.22
223,12,1,342.656,21.4417,66.856,93.23,57.46
224,12,1,342.592,21.5084,66.8189,90.41,57.51
225,12,1,342.685,21.4426,66.7008,91.52,57.43
226,12,1,342.638,21.4973,66.7167,92.76,57.52
227,12,1,342.243,21.2701,67.051,84.51,57.85
228,12,1,342.529,21.4879,66.8207,92.17,58.32
229,12,1,342.627,21.5211,66.8451,96.1,57.94
230,12,1,342.465,21.4625,66.973,91.14,58.49
231,12,1,342.489,21.4792,66.9077,92.74,58.79
232,12,1,342.505,21.4727,66.8097,91.53,55.97
233,12,1,168.191,26.7576,23.9063,97.43,57.21
234,12,1,167.909,26.7899,23.9684,91.82,58.37
235,12,1,168.111,26.7693,23.9143,94.65,58.79
236,12,1,168.137,26.8584,23.7939,93.69,57.92
237,12,1,168.279,26.7848,23.8125,96.45,59.48
238,12,1,168.178,26.777,23.8761,96.5,58.08
239,12,1,168.199,26.8375,23.7731,89.1,58.61
240,12,1,168.122,26.8263,23.8359,92.06,57.96
241,12,1,167.873,26.7961,23.9122,89.73,58.83
242,12,1,168.168,26.7839,23.8665,95.13,58.69
243,12,1,168.237,26.8757,23.71,91.65,58.82
244,12,1,168.206,26.7631,23.8328,97.2,58.88
245,12,1,168.173,26.763,23.8532,96.7,59.4
246,12,1,168.092,26.7583,23.8628,94.93,58.85
247,12,1,168.263,26.8672,23.6475,91.99,58.76
248,12,1,168.329,26.8728,23.663,92.74,59.11
249,12,1,168.254,26.8319,23.7084,89.79,58.77
250,12,1,168.251,26.7841,23.8061,93.77,58.84
251,12,1,168.275,26.7636,23.7651,95,59.38
252,12,1,168.298,26.7512,23.7588,97.17,57.91
253,12,1,168.489,26.7472,23.5133,93.93,44.24
254,12,0,0,0,0,0,35.35
255,12,0,0,0,0,0,36.34
0,13,0,0,0,0,0,57.75
1,13,0,0,0,0,0,55.81
2,13,0,0,0,0,0,55.98
3,13,0,0,0,0,0,54.7
4,13,2,131.247,34.0011,80.9118,54.82,36.8
5,13,1,131.115,33.2755,81.0927,90.71,52.35
6,13,1,131.22,33.2418,81.0665,94.06,55.98
7,13,1,131.244,33.2702,80.9978,93.36,55.78
8,13,1,131.27,33.2516,81.0114,94.59,55.33
9,13,1,131.281,33.2616,81.0392,91.62,56.8
10,13,1,131.312,33.2635,80.999,91.61,56.65
11,13,1,131.258,33.2671,81.0243,90.11,57.33
12,13,1,131.264,33.2575,81.0175,93.72,56.69
13,13,1,131.348,33.2405,81.0044,95.31,57.16
14,13,1,131.26,33.258,81.041,93.16,56.25
15,13,1,131.418,33.236,80.9829,93.25,56.84
16,13,1,131.213,33.2347,81.0082,95.2,56.65
17,13,1,131.306,33.3228,81.1125,90.8,56.51
18,13,1,131.348,33.24,80.9792,94.03,56.91
19,13,1,131.411,33.2278,80.966,94.78,57.31
20,13,1,131.244,33.2408,81.0334,92.37,57.66
21,13,1,131.26,33.3501,81.1488,92.44,57.5
22,13,1,131.347,33.2647,81.0105,94.05,56.61
23,13,1,131.354,33.2327,80.967,92.79,56.54
24,13,1,131.248,33.2586,81.0449,93.77,57.09
25,13,1,131.278,33.2232,81.0324,92.46,56.74
26,13,1,131.336,33.2265,80.984,91.11,57.04
27,13,1,131.273,33.2415,81.0306,92.79,56.63
28,13,1,131.315,33.262,80.995,91.83,57.42
29,13,1,131.244,33.2692,81.0182,91.82,57.1
30,13,1,131.336,33.2573,80.9897,91.84,56.34
31,13,1,131.391,33.2046,80.9593,94.06,56.11
32,13,1,131.317,33.2405,80.9878,95.11,56.86
33,13,1,131.251,33.2405,81.0024,91.69,57.26
34,13,1,131.29,33.2166,81.0126,91.79,57.23
35,13,1,131.13,33.2471,81.0631,91.38,57.06
36,13,1,131.298,33.2495,80.9906,91.74,57.35
37,13,1,131.349,33.2281,80.9656,92.74,56.63
38,13,1,131.29,33.2259,80.9961,91.94,56.84
39,13,1,131.277,33.2293,80.9642,92.67,57.24
40,13,1,131.265,33.1756,80.9845,92.95,56.25
41,13,1,131.32,33.2317,80.9811,92.24,57.65
42,13,1,131.298,33.2357,80.9622,93.96,57.05
43,13,1,131.375,33.2271,80.9548,93.74,58.1
44,13,1,131.239,33.2116,80.9876,91.65,56.1
45,13,1,131.373,33.1482,80.8938,87.12,54.89
46,13,1,356.069,12.0065,24.021,94.64,55.86
47,13,1,355.986,12.0165,24.1327,96.91,58.48
48,13,1,355.983,12.0163,24.1214,95.01,57.85
49,13,1,356.104,12.0047,24.0516,96.19,58.54
50,13,1,356.053,12.0041,24.1029,95.96,58.17
51,13,1,356.09,11.9927,24.0742,96.83,59.48
52,13,1,355.943,11.9847,24.1881,95.74,58.73
53,13,1,356.013,11.983,24.2042,94.09,58.43
54,13,1,356.045,11.989,24.0851,96.73,59.01
55,13,1,355.838,12.0036,24.3179,96.18,58.76
56,13,1,355.871,11.9952,24.2399,96.11,58.51
57,13,1,355.914,11.9862,24.261,95.31,58.63
58,13,1,355.96,11.9842,24.2198,95.99,59.79
59,13,1,355.957,12.0015,24.2445,93.43,58.46
60,13,1,355.798,12.0545,24.3778,96.02,59.67
61,13,1,355.782,11.973,24.3301,96.3,59
62,13,1,355.821,11.9849,24.3153,95.55,59.68
63,13,1,355.636,12.0083,24.5627,91.79,58.71
64,13,1,355.71,12.0103,24.4318,97.65,58.5
65,13,1,355.7,11.9992,24.4934,95.43,59.1
66,13,1,355.873,12.0026,24.3217,94.33,59.16
67,13,1,355.71,12.0094,24.449,96.16,58.82
68,13,1,355.887,11.9985,24.2943,95.68,59.34
69,13,1,355.699,11.9772,24.4748,95.41,58.62
70,13,1,355.627,11.9824,24.5079,96.48,59.91
71,13,1,355.518,12.0509,24.6023,94.59,59.13
72,13,1,355.728,11.9985,24.4095,96.77,58.81
73,13,1,355.751,11.9698,24.4281,93.54,59.14
74,13,1,355.699,11.9778,24.3373,97.2,58.76
75,13,1,355.867,11.9898,24.2586,89.32,59.55
76,13,1,355.735,12.0469,24.3666,94.21,59.14
77,13,1,355.694,11.9999,24.3955,95.27,58.92
78,13,1,355.596,11.995,24.5693,96.46,59.29
79,13,1,355.68,11.9912,24.4456,96.65,59.08
80,13,1,355.688,11.9831,24.4807,93.55,59.35
81,13,1,355.64,11.9846,24.4853,94.35,59.64
82,13,1,355.533,12.0086,24.5287,95.18,59.3
83,13,1,355.532,12.042,24.5787,94.78,59.24
84,13,1,355.386,12.0585,24.7853,96.05,59.8
85,13,1,355.455,11.9996,24.7237,97.49,59.06
86,13,1,355.579,12.0159,24.5625,96.39,59.7
87,13,1,355.55,11.9972,24.5786,96.76,59.92
88,13,1,355.524,11.9946,24.5538,95.08,59.28
89,13,1,355.506,12.0115,24.6276,96.02,59.04
90,13,1,355.384,12.0559,24.8403,96.81,59.14
91,13,1,355.579,12.045,24.4565,96.19,59.06
92,13,1,355.406,12.0529,24.6839,96.65,58.98
93,13,1,355.704,12.0279,24.4356,96.98,59.79
94,13,1,355.636,11.9841,24.4576,95.67,59.08
95,13,1,355.552,12.0064,24.5054,96.84,59.07
96,13,1,355.699,11.9807,24.4181,97.24,59.14
97,13,1,355.335,11.9954,24.769,96.77,59.65
98,13,1,355.238,12.007,24.8555,95.08,58.4
99,13,1,355.46,11.9642,24.6931,93.74,59.86
100,13,1,354.879,12.0108,25.247,97.11,58.19
101,13,1,355.15,11.9809,25.0359,94.8,59.08
102,13,1,355.222,11.9881,24.8722,95.46,59.49
103,13,1,355.32,12.0818,24.8199,96.97,59.11
104,13,1,355.238,12.039,24.8878,96.12,58.66
105,13,0,0,0,0,0,56.46
106,13,1,128.041,39.3531,38.4087,88.04,54.5
107,13,1,128.088,39.3111,38.3937,96.72,56
108,13,1,128.022,39.3554,38.402,95.89,56.02
109,13,1,128.058,39.3175,38.3859,94.38,55.61
110,13,1,128.06,39.3375,38.3756,93.77,56.37
111,13,1,128.086,39.3238,38.3876,96.98,56.14
112,13,1,128.044,39.3058,38.4431,96.16,56.39
113,13,1,128.055,39.3271,38.3798,96.25,55.7
114,13,1,128.093,39.3288,38.3671,94.71,55.69
115,13,1,128.119,39.3109,38.3897,94.28,56.34
116,13,1,128.073,39.3286,38.3287,95.91,57.48
117,13,1,128.114,39.33,38.324,96.31,57.33
118,13,1,128.072,39.2907,38.432,96.59,56.13
119,13,0,0,0,0,0,55.91
120,13,1,355.089,12.0177,24.9992,94.79,58.25
121,13,1,355.285,12.0843,24.7644,96.21,58.33
122,13,1,355.082,12.0364,25.0018,96.22,58.73
123,13,1,355.154,11.9834,24.8072,95.44,58.23
124,13,1,355.066,12.0024,24.9568,95.64,59.2
125,13,1,355.071,12.0005,25.0599,95.65,58.63
126,13,1,355.294,11.9964,24.7876,96.03,59.39
127,13,1,355.139,11.9913,24.9389,95.84,58.77
128,13,1,355.063,12.0127,24.9963,94.47,58.77
129,13,1,354.968,11.9891,25.138,95.26,59.34
130,13,1,355.168,11.9713,24.936,97.17,60.14
131,13,1,354.883,12.0293,25.1798,94.75,58.55
132,13,1,355.063,11.9872,24.9601,94.18,60.06
133,13,1,354.817,12.064,25.2723,94.96,58.78
134,13,1,354.904,12.0017,25.2395,95.49,59.13
135,13,1,354.989,12.0709,25.0569,93.99,59.34
136,13,1,355.213,12.0946,24.9379,95.1,58.89
137,13,1,355.202,11.9844,24.9036,96.43,59.44
138,13,1,355.015,12.0011,25.0786,95.84,59.7
139,13,1,354.96,12.0103,25.0791,94.79,59.13
140,13,1,355.004,12.0006,25.0517,95.23,59.37
141,13,1,354.878,12.0126,25.209,97.25,59.01
142,13,1,354.784,12.0539,25.3947,88.45,59.47
143,13,1,355.027,11.987,25.1158,94.15,59.65
144,13,1,355.105,11.9896,24.9847,97.6,59.43
145,13,1,354.88,12.0068,25.2772,95.58,59.14
146,13,1,355.063,12.001,25.1562,95.57,58.8
147,13,1,354.933,12.0116,25.1561,96.18,59
148,13,1,354.899,11.9997,25.2054,94.64,58.76
149,13,1,354.928,11.9901,25.1856,95.84,59.67
150,13,1,354.843,12.1215,25.1825,96.04,58.79
151,13,1,354.835,12.0163,25.2319,96.7,59.01
152,13,1,354.795,12.0947,25.2809,94.55,59.51
153,13,1,354.983,12.01,25.0145,93.89,59.77
154,13,1,354.935,12.0074,25.0601,93.85,58.95
155,13,1,354.661,12.0853,25.4604,95.43,59.17
156,13,1,354.844,12.0103,25.1693,93.66,59.15
157,13,1,354.831,12.0047,25.2338,95.19,59.42
158,13,1,354.551,12.0669,25.5409,96.92,59.61
159,13,1,354.738,12.0815,25.3902,97.15,59.57
160,13,1,354.779,12.0111,25.3256,94.17,58.99
161,13,1,354.696,12.1148,25.3948,95.49,59.3
162,13,1,354.991,12.03,24.9992,95.42,58.61
163,13,1,354.838,12.0899,25.2475,96.11,59.04
164,13,1,354.786,11.9947,25.2148,95.28,59.28
165,13,1,354.625,12.0659,25.4848,97.54,59.6
166,13,1,354.656,12.1118,25.4683,96.01,59.8
167,13,1,354.697,12.0072,25.4042,96.43,59.8
168,13,1,355.103,11.8408,25.1344,86.37,59.7
169,13,1,354.694,12.139,25.4385,96.84,60.1
170,13,1,354.563,12.0201,25.5702,96.6,59.39
171,13,1,354.749,12.0319,25.2598,94.28,59.18
172,13,1,354.548,12.0533,25.5588,95.06,58.95
173,13,1,354.627,11.9995,25.3934,95.85,59.43
174,13,1,354.598,12.016,25.405,96.48,58.59
175,13,1,354.471,12.0582,25.6869,94.88,59.2
176,13,1,354.643,12.0053,25.4677,94.54,58.59
177,13,1,354.773,12.0257,25.348,95.95,59.28
178,13,1,354.789,12.1001,25.3035,95.39,58.84
179,13,1,354.32,12.0129,25.7372,94.5,58.99
180,13,1,354.392,12.1535,25.7571,95.12,57.36
181,13,1,354.311,12.0589,25.8599,95.07,57.87
182,13,1,354.227,12.0622,25.8826,97.46,58.13
183,13,1,354.409,12.0058,25.6781,95.65,56.52
184,13,0,0,0,0,0,55.37
185,13,1,236.9,41.6742,12.203,87.89,53.95
186,13,1,236.891,41.6538,12.1305,94.58,54.18
187,13,1,236.889,41.6641,12.0773,94.45,53.02
188,13,0,0,0,0,0,54.2
189,13,1,354.178,12.0583,25.9163,89.14,55.93
190,13,1,354.581,12.0155,25.5739,96.11,58
191,13,1,354.343,12.0823,25.8326,95.51,59.15
192,13,1,354.569,12.0315,25.5099,96.08,58.57
193,13,1,354.499,12.0087,25.5699,94.83,59
194,13,1,354.257,12.0919,25.918,95.7,59.68
195,13,1,354.453,12.0051,25.6495,95.63,58.8
196,13,1,354.443,12.0431,25.6132,93.77,55.28
197,13,0,0,0,0,0,52.22
198,13,1,124.558,40.8378,33.0003,91.89,54.26
199,13,1,124.396,40.8855,33.1714,93,56.18
200,13,1,124.383,40.8611,33.0809,93.36,54.16
201,13,1,124.4,40.8601,33.0428,94.08,54.31
202,13,1,124.464,40.8112,33.0292,93.08,57.58
203,13,1,124.385,40.8036,33.0549,92.33,57.17
204,13,1,124.444,40.8434,33.042,92.83,57.01
205,13,0,0,0,0,0,56.51
206,13,1,282.363,31.1208,60.0005,90.59,59.01
207,13,1,282.647,31.2721,59.7463,88.36,59.16
208,13,1,282.367,31.1307,59.973,89.16,59.61
209,13,1,282.524,31.2184,59.8186,88.72,57.92
210,13,1,282.539,31.0531,59.7715,87.11,59.12
211,13,1,282.241,31.0356,59.922,88.94,59.23
212,13,1,282.742,31.3337,59.6704,82.82,55.11
213,13,1,342.651,21.4828,66.6996,81.69,53.63
214,13,1,342.705,21.4464,66.8205,92.06,56.62
215,13,1,342.706,21.4701,66.7845,94.48,57.84
216,13,1,342.73,21.5451,66.8285,94.99,56.92
217,13,1,342.693,21.4842,66.6667,93.23,57.6
218,13,1,342.6,21.463,66.7858,85.09,58.01
219,13,1,342.616,21.4433,66.8445,92.56,57.75
220,13,1,342.57,21.4413,66.8934,90.22,57.27
221,13,1,342.497,21.4147,66.9295,94.45,57.74
222,13,1,342.784,21.4817,66.725,93.45,57.43
223,13,1,342.699,21.5058,66.7122,93.47,57.4
224,13,1,342.583,21.4824,66.699,91.67,57.55
225,13,1,342.682,21.544,66.7673,92.93,57.8
226,13,1,342.622,21.4349,66.7532,92.29,58.46
227,13,1,342.535,21.4694,66.9117,91.59,57.08
228,13,1,342.566,21.4678,66.8941,91.23,56.94
229,13,1,342.459,21.4506,66.9873,92.65,58.06
230,13,1,342.483,21.4946,66.8555,91.19,58.34
231,13,1,342.489,21.4431,66.9495,93.04,57.59
232,13,0,0,0,0,0,54.87
233,13,1,168.166,26.7555,23.854,94.34,58.1
234,13,1,168.05,26.7616,23.944,96.13,59.09
235,13,1,168.137,26.8613,23.7943,92.84,58.43
236,13,1,168.133,26.8449,23.8394,94.34,57.82
237,13,1,168.104,26.7509,23.9204,95.34,58.62
238,13,1,168.248,26.7815,23.8589,95.16,58.03
239,13,1,168.144,26.7881,23.8994,94.96,58.46
240,13,1,168.15,26.7498,23.8818,95.59,58.94
241,13,1,168.14,26.8521,23.7881,92.52,58.54
242,13,1,168.223,26.7643,23.8155,94.74,58.35
243,13,1,168.23,26.8476,23.7421,91.63,59.32
244,13,1,168.175,26.8508,23.7066,93.09,59.74
245,13,1,168.188,26.8418,23.7729,91.85,59.8
246,13,1,168.156,26.7714,23.8549,95.5,59.09
247,13,1,168.464,26.8751,23.5459,92.55,59.34
248,13,1,168.236,26.7827,23.8008,94.22,58.78
249,13,1,168.227,26.7658,23.8103,94.48,58.31
250,13,1,168.232,26.8611,23.7159,90.55,58.45
251,13,1,168.299,26.7686,23.7649,93.97,58.65
252,13,1,168.256,26.7639,23.7956,93.52,57.3
253,13,1,168.281,26.8045,23.6685,92.9,48.56
254,13,0,0,0,0,0,35.05
255,13,0,0,0,0,0,36.72
0,14,0,0,0,0,0,56.81
1,14,0,0,0,0,0,57.76
2,14,0,0,0,0,0,58.87
3,14,0,0,0,0,0,56.76
4,14,1,131.415,33.3821,80.8969,85.57,59.57
5,14,1,131.256,33.3003,81.0184,93.89,53.24
6,14,1,131.296,33.2584,81.0279,93.69,56.65
7,14,1,131.399,33.2547,81.0129,91.97,56.13
8,14,1,131.256,33.2663,81.0056,91.5,55.79
9,14,1,131.296,33.2623,81.0304,94.64,57.07
10,14,1,131.426,33.2497,80.9737,94.05,56.57
11,14,1,131.24,33.2619,81.0699,93.15,55.85
12,14,1,131.236,33.2426,81.0447,93.48,57
13,14,1,131.373,33.2095,81.0116,93.35,56.37
14,14,1,131.196,33.2225,81.0429,93.05,57.12
15,14,1,131.217,33.2401,81.0438,91.95,55.86
16,14,1,131.307,33.2391,81.0216,91.71,56.23
17,14,1,131.27,33.2427,81.0492,92.03,56.6
18,14,1,131.192,33.2569,81.0586,92.99,57.27
19,14,1,131.338,33.2626,81.0138,93.81,57.47
20,14,1,131.296,33.2687,81.0222,92.93,57.19
21,14,1,131.271,33.223,81.0424,91.49,56.47
22,14,1,131.191,33.2949,81.0469,91.4,57.53
23,14,1,131.264,33.2158,81.0235,93.57,56.47
24,14,1,131.284,33.2424,81.03,94.67,57.59
25,14,1,131.194,33.271,81.059,92.55,56.83
26,14,1,131.257,33.2227,81.0356,94.53,56.16
27,14,1,131.271,33.231,81.0048,93.07,57.35
28,14,1,131.394,33.2258,80.9536,92.2,57.46
29,14,1,131.258,33.2474,81.0283,93.22,57.23
30,14,1,131.404,33.2152,80.9625,93.82,57.04
31,14,1,131.263,33.2521,81.0143,91.93,57.19
32,14,1,131.228,33.2075,81.0197,93.05,55.99
33,14,1,131.303,33.249,80.9834,92.29,57.46
34,14,1,131.267,33.2374,81.0058,92.43,57
35,14,1,131.373,33.2124,80.9624,93.39,56.99
36,14,1,131.351,33.2176,80.9606,93.33,57.32
37,14,1,131.256,33.2249,80.9864,91.43,57.01
38,14,1,131.264,33.2463,80.9861,92.09,56.4
39,14,1,131.282,33.2288,80.9823,92.76,57.21
40,14,1,131.304,33.2278,81.0027,92.85,57.54
41,14,1,131.207,33.2246,81.0016,91.79,57.16
42,14,1,131.284,33.1909,80.9885,94.33,56.01
43,14,1,131.314,33.2254,80.9624,92.92,56.75
44,14,1,131.253,33.2154,80.9867,92.26,57.55
45,14,1,131.463,33.1268,80.8522,84.25,55.16
46,14,1,356.209,11.9922,24.035,93.98,58.03
47,14,1,356.164,12.0049,23.8815,94.94,58.29
48,14,1,355.997,12.0644,24.2315,94.58,58.5
49,14,1,356.016,11.9984,24.1627,97.24,58.51
50,14,1,355.946,12.0134,24.1935,96.04,58.24
51,14,1,356.093,11.9928,24.0096,96.43,58.06
52,14,1,356.032,11.9982,24.0997,97,59.36
53,14,1,355.961,11.9931,24.1112,95.92,59.06
54,14,1,355.915,12.0016,24.2346,96.02,58.84
55,14,1,355.875,11.987,24.2813,96.47,58.99
56,14,1,356.102,11.9607,24.1326,94.13,58.45
57,14,1,355.797,12.0747,24.4244,94.06,58.8
58,14,1,355.908,12.0176,24.2555,97.22,58.32
59,14,1,355.932,11.9766,24.2615,95.6,59.33
60,14,1,355.736,11.9775,24.4159,94.94,58.99
61,14,1,355.812,11.9877,24.3264,96.62,59.07
62,14,1,355.78,11.9955,24.399,96.83,59.17
63,14,1,355.94,11.9967,24.2034,96.56,58.41
64,14,1,355.858,11.9684,24.2379,97.39,59.17
65,14,1,355.786,12.0175,24.2496,94.69,59.56
66,14,1,355.848,12.0565,24.2582,95.5,59.22
67,14,1,355.672,11.9878,24.4902,95.96,59.45
68,14,1,355.792,12.0915,24.3489,95.71,58.97
69,14,1,355.723,11.9576,24.4564,96.86,59.91
70,14,1,355.678,11.9983,24.3722,94.49,59.13
71,14,1,355.725,11.9964,24.3898,97,59.51
72,14,1,355.7,11.9831,24.4616,96.22,58.91
73,14,1,355.747,11.984,24.4052,93.6,59.29
74,14,1,355.602,12.0014,24.4801,96.74,59.6
75,14,1,355.471,12.0049,24.7264,94.47,59.34
76,14,1,355.533,12.0435,24.6046,96.23,59.75
77,14,1,355.551,11.9956,24.5278,94.89,59.04
78,14,1,355.484,12.0483,24.6251,97.13,59.77
79,14,1,355.627,11.989,24.4125,95.84,58.85
80,14,1,355.745,12.036,24.3777,96.99,59.35
81,14,1,355.638,11.9875,24.5572,95.01,59.31
82,14,1,355.479,12.0408,24.6925,96.44,59.65
83,14,1,355.62,12.0663,24.3885,94.66,58.63
84,14,1,355.527,12.1042,24.6201,95.89,59.21
85,14,1,355.463,11.9896,24.7193,96.11,58.73
86,14,1,355.468,11.991,24.6612,97.01,59.07
87,14,1,355.589,12.0637,24.4354,95.66,59.4
88,14,1,355.621,12.0553,24.3449,95.03,58.97
89,14,1,355.493,12.0526,24.5813,94.52,59.34
90,14,1,355.372,11.9944,24.7528,95.42,58.82
91,14,1,355.209,12.0598,24.9136,97.31,58.66
92,14,1,355.481,11.9969,24.6916,94.65,59.45
93,14,1,355.505,11.9864,24.6433,95.75,59.49
94,14,1,355.381,12.0483,24.7146,97.08,59.35
95,14,1,355.598,11.9868,24.3751,94.92,59.61
96,14,1,355.48,11.9795,24.5587,95.94,58.82
97,14,1,355.55,12.0001,24.5134,95.02,59.54
98,14,1,355.373,11.9729,24.8341,94.12,59.7
99,14,1,355.402,12.0375,24.7265,94.11,59.44
100,14,1,355.071,12.0159,25.0935,94.73,59.09
101,14,1,355.127,11.9769,24.9671,96.6,59.75
102,14,1,355.101,11.9835,25.1019,94.69,58.47
103,14,1,355.228,12.0521,24.8,96.6,58.98
104,14,1,355.12,12.0109,24.9221,96.51,57.72
105,14,0,0,0,0,0,54.82
106,14,1,128.012,39.3135,38.4741,95.22,54.29
107,14,1,128.072,39.3232,38.4089,95.16,55.95
108,14,1,128.092,39.3004,38.4128,96.41,56.63
109,14,1,128.023,39.34,38.4049,96.13,56.49
110,14,1,128.061,39.3306,38.4,93.69,56.53
111,14,1,128.091,39.3312,38.4152,95.36,56.64
112,14,1,128.026,39.347,38.4025,93.37,56.26
113,14,1,128.151,39.3194,38.3567,95.34,56.51
114,14,1,128.101,39.3214,38.3819,96.78,56.36
115,14,1,128.144,39.2923,38.3587,93.73,56.73
116,14,1,128.185,39.2888,38.3512,96.61,56.8
117,14,1,128.095,39.348,38.3428,96.87,56.28
118,14,0,0,0,0,0,55.5
119,14,1,355.145,11.9727,24.9365,95.07,56.36
120,14,1,355.169,11.9992,24.9377,94.63,58.5
121,14,1,355.316,11.9949,24.7825,96.7,58.71
122,14,1,355.299,12.0766,24.7549,96.59,58.24
123,14,1,355.208,11.9804,24.8473,97.13,59.46
124,14,1,355.159,12.0122,24.9128,96.32,58.87
125,14,1,355.195,11.9893,24.9038,96.05,59.41
126,14,1,355.292,11.9863,24.8411,96.79,59.48
127,14,1,355.019,12.0085,25.0381,95.56,59.35
128,14,1,355.126,12.0746,24.8988,96.15,59.54
129,14,1,355.221,12.0046,24.9017,96.32,59.19
130,14,1,355.03,11.983,25.0781,97.27,59
131,14,1,355.139,12.0305,24.9334,94.88,58.67
132,14,1,355.029,11.9703,25.0541,95.29,58.93
133,14,1,354.962,12.0138,25.0033,94.07,58.65
134,14,1,355.148,12.007,24.9411,95.58,59.01
135,14,1,355.169,12.0347,24.9812,96.03,59.09
136,14,1,355.009,12.0915,25.1723,96.58,59.22
137,14,1,354.867,12.0239,25.1768,95.24,58.26
138,14,1,355.064,12.0074,24.996,95.72,59.11
139,14,1,355.032,12.0212,25.0547,95.89,58.35
140,14,1,354.946,11.9994,25.1242,94.95,59.59
141,14,1,354.888,12.1351,25.2061,97.3,59.39
142,14,1,354.882,12.0057,25.2037,96.12,58.98
143,14,1,355.034,12.0028,25.0561,96.01,58.81
144,14,1,354.926,12.0014,25.0363,95.66,58.78
145,14,1,354.921,12.009,25.1088,96.72,59.63
146,14,1,354.847,12.0532,25.2154,95.61,59.02
147,14,1,354.89,11.9826,25.1296,93.82,58.8
148,14,1,354.959,11.9901,25.1933,94.59,59.74
149,14,1,354.845,12.1361,25.319,96.26,59.3
150,14,1,354.729,12.0362,25.4177,96.19,58.47
151,14,1,355.025,12.0775,25.103,97.99,59.38
152,14,1,354.841,12.0528,25.1443,95.82,58.64
153,14,1,354.926,11.9994,25.072,96.08,58.9
154,14,1,354.988,12.0294,25.0123,93.37,59.92
155,14,1,354.72,12.0112,25.3215,96.79,58.94
156,14,1,354.778,12.1036,25.247,95.33,59.56
157,14,1,354.883,11.9923,25.2461,96.83,59.58
158,14,1,354.752,12.0088,25.3335,95.93,59.21
159,14,1,355.011,12.0195,25.1341,95.37,58.74
160,14,1,355.119,11.9768,24.9547,94.11,59.08
161,14,1,354.747,12.0864,25.2781,97.51,60.54
162,14,1,354.977,12.064,25.0324,94.9,58.31
163,14,1,354.937,11.985,25.0457,97.75,58.88
164,14,1,354.732,12.0521,25.3053,96.02,59.56
165,14,1,354.838,12.0227,25.1559,96.83,59.37
166,14,1,354.887,12.007,25.1972,93.14,59.79
167,14,1,354.682,12.016,25.4548,95.39,59.23
168,14,1,354.764,12.091,25.3183,95.39,59.8
169,14,1,354.712,12.0011,25.2937,95.58,59.16
170,14,1,354.667,12.0066,25.3376,96.53,59.18
171,14,1,354.424,12.1785,25.7037,95.92,58.86
172,14,1,354.541,12.0235,25.4741,95.33,58.74
173,14,1,354.688,12.0672,25.4766,95.76,59.03
174,14,1,354.592,12.0084,25.4638,95.92,59.4
175,14,1,354.645,11.9991,25.4541,94.53,59.09
176,14,1,354.647,11.9951,25.4164,94.71,58.78
177,14,1,354.647,11.9863,25.4762,95.3,59.83
178,14,1,354.478,12.0497,25.6257,94.75,59.21
179,14,1,354.393,12.0502,25.6739,96.79,57.29
180,14,1,354.479,11.9573,25.5053,87.12,56.01
181,14,0,0,0,0,0,55
182,14,0,0,0,0,0,55.19
183,14,0,0,0,0,0,54.18
184,14,1,236.981,41.6715,12.1044,86.37,54.93
185,14,1,236.937,41.6701,12.1382,93.82,53.85
186,14,1,236.954,41.6743,12.1771,92.71,55.1
187,14,1,236.909,41.674,12.1885,93.26,55.13
188,14,1,236.986,41.6992,12.0161,93.43,54.7
189,14,1,237.054,41.7053,12.0158,85.49,54.01
190,14,0,0,0,0,0,55.16
191,14,1,354.132,12.0714,25.9488,96.54,57.12
192,14,1,354.712,12.0027,25.3393,94.85,58.64
193,14,1,354.451,12.017,25.6172,95.68,59.15
194,14,1,354.387,12.0815,25.6622,93.98,59.23
195,14,1,354.584,12.0092,25.4907,94.19,59.66
196,14,1,354.327,12.0425,25.7966,94.73,57.36
197,14,1,354.086,12.0341,26.1433,94.6,55.15
198,14,0,0,0,0,0,53.09
199,14,1,124.764,40.6283,32.417,73.08,53.71
200,14,1,124.358,40.786,33.1657,92.79,56.54
201,14,1,124.339,40.8359,33.2094,93.88,56.27
202,14,1,124.41,40.7398,33.173,92.8,56.68
203,14,1,124.334,40.8291,32.9958,94.06,56.88
204,14,1,124.394,40.817,33.0086,90.95,58.25
205,14,0,0,0,0,0,56.42
206,14,1,282.342,31.1147,60.005,90.58,58.16
207,14,1,282.557,31.2123,59.8047,91.54,58.75
208,14,1,282.634,31.0731,59.7268,87.6,59.27
209,14,1,282.741,31.2885,59.6505,91.75,59.52
210,14,1,282.453,31.2169,59.9246,89.47,58.62
211,14,1,282.76,31.3133,59.6251,89.69,58.25
212,14,0,0,0,0,0,54.65
213,14,1,221.913,34.0859,38.4863,82.74,53.34
214,14,1,342.558,21.4132,67.0164,89.59,56.3
215,14,1,342.771,21.5544,66.7273,93.86,57.61
216,14,1,342.689,21.4446,66.6942,93.22,57.37
217,14,1,342.642,21.4892,66.6419,88.17,56.61
218,14,1,342.694,21.4728,66.753,90.12,57.64
219,14,1,342.567,21.4725,66.7153,90.69,57.71
220,14,1,342.706,21.6056,66.8002,95.97,58.24
221,14,1,342.549,21.4663,66.8776,91.33,57.46
222,14,1,342.386,21.3776,67.0395,91.34,57.52
223,14,1,342.51,21.4569,66.9019,93.13,56.96
224,14,1,342.612,21.4709,66.8715,91.24,57.49
225,14,1,342.48,21.4456,66.9502,92.02,57.57
226,14,1,342.664,21.527,66.7423,92.39,56.96
227,14,1,342.439,21.4218,67.0295,90.68,58.07
228,14,1,342.617,21.5315,66.8329,91.95,57.09
229,14,1,342.531,21.5023,66.9495,92.27,58.09
230,14,1,342.557,21.499,66.8837,92.45,57.51
231,14,1,342.598,21.5718,66.8537,93.95,56.6
232,14,1,168.224,26.8542,23.7965,95,55.01
233,14,1,167.967,26.8039,23.966,90.64,57.93
234,14,1,168.083,26.8552,23.8414,92.03,59.22
235,14,1,168.154,26.8491,23.8209,92.97,59.35
236,14,1,168.138,26.7857,23.8818,94.32,59.07
237,14,1,168.078,26.88,23.8671,94.3,59.39
238,14,1,168.093,26.7784,23.9398,94.39,58.43
239,14,1,168.118,26.8401,23.7908,92.14,59.11
240,14,1,168.194,26.7783,23.8502,95.7,58.77
241,14,1,168.269,26.8646,23.6914,90.82,59.03
242,14,1,168.122,26.8299,23.8101,91.66,58.21
243,14,1,168.358,26.8534,23.638,92.23,59.03
244,14,1,168.164,26.8418,23.7546,91.41,59.14
245,14,1,168.08,26.8279,23.8154,91.85,58.76
246,14,1,168.256,26.7723,23.7732,93.47,58.3
247,14,1,168.215,26.7561,23.7985,93.98,58.82
248,14,1,168.158,26.8449,23.7079,91,58.19
249,14,1,168.161,26.8263,23.7822,90.56,58.64
250,14,1,168.383,26.876,23.6417,92.4,58.29
251,14,1,168.284,26.824,23.6601,92.13,59.43
252,14,1,168.268,26.7905,23.7511,93.28,58.05
253,14,1,168.25,26.7941,23.7319,93.92,47.49
254,14,0,0,0,0,0,35.57
255,14,0,0,0,0,0,35.77
0,15,0,0,0,0,0,54
1,15,0,0,0,0,0,55.83
2,15,0,0,0,0,0,59.67
3,15,0,0,0,0,0,56.63
4,15,0,0,0,0,0,36.81
5,15,1,131.209,33.2685,81.0635,93.11,52.81
6,15,1,131.362,33.2453,81.0103,92.89,55
7,15,1,131.364,33.246,80.953,93.81,55.96
8,15,1,131.351,33.2372,80.9972,93.82,56.73
9,15,1,131.232,33.2362,81.0481,92.85,56.19
10,15,1,131.379,33.2256,80.9809,92.64,56.92
11,15,1,131.283,33.2319,80.9878,93.86,56.08
12,15,1,131.317,33.2382,80.9934,92.82,55.83
13,15,1,131.324,33.2796,81.0117,91.73,56.84
14,15,1,131.31,33.2211,81.0123,92.69,55.95
15,15,1,131.291,33.2372,81.0059,92.08,56.86
16,15,1,131.197,33.2771,81.0827,91.9,56.89
17,15,1,131.375,33.25,80.9807,92.31,55.53
18,15,1,131.263,33.2902,81.0218,92.57,57.12
19,15,1,131.261,33.267,81.0447,95.55,56.17
20,15,1,131.318,33.2611,81.0154,92.84,57.49
21,15,1,131.311,33.2657,81.0267,93.19,56.9
22,15,1,131.212,33.2469,81.0531,92.19,56.88
23,15,1,131.211,33.2747,81.0406,91.24,57.27
24,15,1,131.322,33.2355,81.0264,92.55,56.04
25,15,1,131.337,33.2544,80.9887,92.19,56.97
26,15,1,131.295,33.2564,81.0207,94.11,56.58
27,15,1,131.327,33.2604,81.0028,91,57.31
28,15,1,131.148,33.2309,81.0598,93.25,56.68
29,15,1,131.252,33.2662,81.032,91.35,56.19
30,15,1,131.319,33.2536,80.9878,91.72,57.81
31,15,1,131.212,33.2211,81.019,92.58,55.92
32,15,1,131.237,33.2364,81.0155,91.76,57.06
33,15,1,131.29,33.2513,81.0106,94.42,56.35
34,15,1,131.105,33.0255,80.988,82.84,57.05
35,15,1,131.268,33.2605,81.0093,92.35,57.43
36,15,1,131.305,33.2458,80.9803,92.86,57.33
37,15,1,131.33,33.2244,80.9661,92.36,57.23
38,15,1,131.373,33.2462,80.9626,90.88,57.08
39,15,1,131.379,33.2182,80.9569,94.24,56.83
40,15,1,131.232,33.2295,81.0008,91.66,56.36
41,15,1,131.306,33.2091,80.9633,92.76,57.45
42,15,1,131.3,33.2466,80.9872,91.01,57.64
43,15,1,131.24,33.1948,80.9723,93.51,57.01
44,15,1,131.331,33.2265,80.9649,92.45,57.1
45,15,2,130.655,33.2578,81.2552,58.33,54.42
46,15,1,356.06,12.0291,23.978,96.62,57.46
47,15,1,356.215,11.9912,23.9352,97.01,59.12
48,15,1,355.892,11.9934,24.3276,96.15,59.36
49,15,1,356.201,12.077,23.8006,95.43,58.88
50,15,1,356.038,11.9897,24.1243,95.46,59.3
51,15,1,356.11,11.9839,24.0366,95.03,58.41
52,15,1,355.73,12.036,24.4364,97.13,58.54
53,15,1,355.972,11.9947,24.1147,96.26,58.16
54,15,1,355.798,12.0023,24.3385,97.38,58.43
55,15,1,355.921,12.0271,24.1513,96.11,58.64
56,15,1,355.803,12.058,24.2742,97.26,58.79
57,15,1,355.912,11.9929,24.1569,94.94,59.5
58,15,1,355.896,11.9918,24.192,96.59,59.2
59,15,1,355.776,11.9982,24.2953,96.11,58.74
60,15,1,355.827,12.0859,24.3682,94.94,59.67
61,15,1,355.9,12.0209,24.1929,94.92,58.49
62,15,1,355.743,11.9796,24.5482,94.56,58.64
63,15,1,355.76,11.9867,24.4641,94.41,59.27
64,15,1,355.801,12.0357,24.3204,96.05,59.07
65,15,1,355.765,11.9924,24.412,94.49,58.99
66,15,1,355.664,11.98,24.526,95.27,58.44
67,15,1,355.735,12.0258,24.2764,94.41,59.16
68,15,1,355.711,11.9882,24.4582,94.66,59.16
69,15,1,355.758,12.0188,24.3831,97.15,58.15
70,15,1,355.612,11.9818,24.4507,96.15,59.71
71,15,1,355.636,12.0575,24.475,95.65,59.63
72,15,1,355.729,11.9946,24.3764,95.11,58.84
73,15,1,355.65,12.0708,24.5036,97.32,59.22
74,15,1,355.808,12.0675,24.2751,97.11,58.94
75,15,1,355.668,11.9775,24.5181,95.5,59.06
76,15,1,355.783,12.0041,24.3436,95.6,59.38
77,15,1,355.491,12.0812,24.6116,94.27,59.5
78,15,1,355.419,12.0964,24.7167,97.61,59.84
79,15,1,355.548,11.9952,24.567,96.87,59.51
80,15,1,355.554,11.9906,24.5739,96.23,59.22
81,15,1,355.443,11.977,24.7009,95.92,58.47
82,15,1,355.51,12.0542,24.6352,96.86,59.21
83,15,1,355.517,11.9751,24.5495,95.31,59.14
84,15,1,355.474,11.9921,24.6872,95.77,60.11
85,15,1,355.461,12.0256,24.642,96.02,58.15
86,15,1,355.575,11.9889,24.4871,96.77,59.22
87,15,1,355.512,11.9834,24.6541,95.87,59.43
88,15,1,355.516,12.018,24.6411,97.18,59.22
89,15,1,355.464,12.0377,24.5993,96.26,58.54
90,15,1,355.25,12.0367,24.8512,95.43,58.06
91,15,1,355.411,11.9755,24.6857,94.74,58.94
92,15,1,355.453,11.9902,24.6568,97.17,58.93
93,15,1,355.338,11.9811,24.7908,96.02,58.36
94,15,1,355.485,11.9969,24.6232,96.3,58.88
95,15,1,355.438,12.0625,24.7234,97.84,58.31
96,15,1,355.545,11.9867,24.5403,95.12,58.88
97,15,1,355.578,12.0241,24.5347,95.34,58.96
98,15,1,355.408,11.9862,24.599,95.36,58.97
99,15,1,355.343,11.9572,24.7939,96.68,59.37
100,15,1,355.202,11.9448,24.875,94.92,59.33
101,15,1,355.195,12.0228,25.002,95.22,58.48
102,15,1,355.346,12.045,24.7756,96.37,59.2
103,15,1,355.18,11.9795,24.9607,95.41,58.46
104,15,0,0,0,0,0,55.44
105,15,1,128.07,39.3452,38.4108,96.78,55.87
106,15,1,128.035,39.3255,38.4241,96.33,56.08
107,15,1,128.017,39.3321,38.4098,96.02,56.18
108,15,1,127.978,39.342,38.4166,97.55,56.52
109,15,1,128.182,39.3531,38.3838,95.3,56.84
110,15,1,128.108,39.3078,38.3901,96.23,55.96
111,15,1,128.057,39.3517,38.3867,93.23,56.19
112,15,1,128.095,39.3469,38.3713,95.37,56.43
113,15,1,128.122,39.3423,38.3453,95.77,56.39
114,15,1,128.113,39.3124,38.3557,96.05,56.82
115,15,1,128.145,39.3425,38.3209,95.41,56.57
116,15,1,128.087,39.3046,38.3779,96.8,57.01
117,15,1,128.102,39.3226,38.3206,93.19,54.84
118,15,0,0,0,0,0,55.79
119,15,1,355.05,12.0532,25.0996,96.54,58.52
120,15,1,355.121,12.0446,24.9628,96.61,58.2
121,15,1,355.07,12.0963,25.0827,95.73,58.63
122,15,1,355.183,12.0993,24.9082,96.88,59.05
123,15,1,355.174,12.07,24.942,97.22,59.17
124,15,1,355.094,11.9985,25.0374,94.77,59.74
125,15,1,355.104,12.1125,25.0447,96.69,59.23
126,15,1,355.134,11.9864,25.0512,93.94,59.31
127,15,1,355.067,12.0184,25.0031,95.52,59.7
128,15,1,355.179,12.0587,24.9009,96.6,58.18
129,15,1,355.161,11.9739,24.8556,88.1,58.78
130,15,1,355.172,11.9928,24.8702,96.2,59.49
131,15,1,354.978,12.0652,25.118,95.41,59.25
132,15,1,355.062,12.0174,25.0782,97.51,58.83
133,15,1,355.075,12.0756,25.0549,95.64,58.58
134,15,1,354.952,12.0496,25.1623,98.63,58.95
135,15,1,355.063,12.0398,24.985,95.52,59.3
136,15,1,355.176,11.9975,24.9925,96.42,59.33
137,15,1,354.874,12.0176,25.1162,94.74,58.76
138,15,1,355.063,11.9819,24.9622,96.5,58.9
139,15,1,354.974,11.9953,25.0793,95.8,58.83
140,15,1,355.073,11.9951,25.027,94.03,59.11
141,15,1,354.967,11.9965,25.0986,95.62,59.5
142,15,1,354.919,11.9916,25.1716,95.18,59.46
143,15,1,354.683,12.0554,25.322,93.55,59.49
144,15,1,354.964,11.9939,25.1891,94.65,59.29
145,15,1,354.93,12.0161,25.1665,94.71,59.53
146,15,1,354.955,12.0128,25.037,95.34,58.2
147,15,1,354.982,12.0039,25.1549,93.02,58.75
148,15,1,354.924,11.9973,25.1453,96.12,58.54
149,15,1,354.876,12.0027,25.1556,95.05,59.41
150,15,1,354.945,12.0299,25.1226,96.06,58.86
151,15,1,354.957,12.0948,25.145,98.24,59.2
152,15,1,354.986,12.0464,25.1213,95.4,59.68
153,15,1,355.091,12.1204,25.0049,95.79,59.23
154,15,1,354.816,12.0509,25.2849,93.33,58.61
155,15,1,354.82,12.0423,25.2457,96.27,59.76
156,15,1,354.923,12.0977,25.1835,95.92,59.32
157,15,1,354.839,12.0342,25.1912,95.63,58.94
158,15,1,354.905,11.9984,25.1725,93.72,59.3
159,15,1,354.783,12.0144,25.2819,96.57,59.21
160,15,1,354.718,12.0611,25.4253,96.26,59.83
161,15,1,354.679,12.0047,25.3982,96.48,59.26
162,15,1,354.827,12.0715,25.2747,97.48,59.26
163,15,1,354.928,12.1056,25.199,95.91,59.53
164,15,1,354.732,12.0339,25.295,95.72,60.6
165,15,1,354.735,12.0098,25.3122,94.11,58.98
166,15,1,354.58,12.0008,25.475,95.32,58.87
167,15,1,354.903,12.0034,25.0707,95.54,59.49
168,15,1,354.549,12.0334,25.5013,95.84,58.27
169,15,1,354.588,12.062,25.4847,94.13,59.01
170,15,1,354.613,12.0045,25.5034,95.14,60.09
171,15,1,354.672,12.0082,25.3686,95.7,59.22
172,15,1,354.628,12.0029,25.3745,95.3,59.18
173,15,1,354.651,12.0053,25.3889,95.05,59.32
174,15,1,354.563,12.046,25.5612,94.67,59.71
175,15,1,354.667,12.0042,25.4804,95.77,59.64
176,15,1,354.653,12.0406,25.4303,95.78,59.04
177,15,1,354.342,12.0994,25.8063,96.35,58.23
178,15,1,354.273,12.04,25.8797,95.26,56.45
179,15,0,0,0,0,0,54.95
180,15,1,236.936,41.6577,12.0807,88.86,54.98
181,15,1,236.866,41.6514,12.1532,87.84,53.62
182,15,1,236.927,41.6658,12.1531,84.33,53.7
183,15,1,236.903,41.6559,12.1624,93.03,54.18
184,15,1,236.87,41.6714,12.1821,91.43,54.25
185,15,1,236.883,41.6738,12.2003,93.43,55.05
186,15,1,236.979,41.709,12.0686,94.49,54.46
187,15,1,236.843,41.6894,12.198,93.76,54.75
188,15,1,236.943,41.6692,12.1399,94.76,55
189,15,1,236.932,41.6646,12.1463,94.09,54.35
190,15,1,236.988,41.7084,12.0818,86.43,53.54
191,15,0,0,0,0,0,54.43
192,15,1,354.214,12.0859,25.9393,95.63,56.67
193,15,1,354.467,12.0279,25.6325,92.91,58.67
194,15,1,354.253,11.9701,25.8692,94.52,58.31
195,15,1,354.407,12.0322,25.7528,95.86,59.39
196,15,1,354.163,12.1211,25.9416,95.51,58.4
197,15,1,354.446,12.0587,25.5121,95.01,56.66
198,15,1,354.309,12.0585,25.8402,94.54,55.46
199,15,0,0,0,0,0,53.15
200,15,1,124.498,41.3496,33.0595,78.38,52.63
201,15,1,124.31,40.7531,33.1733,94.07,56
202,15,1,124.421,40.8,33.0266,94.18,57.14
203,15,1,124.386,40.763,33.1079,94.09,57.42
204,15,1,124.374,40.8765,33.1407,95.32,56.74
205,15,1,124.294,40.8563,33.0833,91.25,56.25
206,15,1,282.401,31.143,59.9761,81.57,57.12
207,15,1,282.595,31.2689,59.8301,90.41,58.63
208,15,1,282.754,31.2834,59.6425,89.58,58.65
209,15,1,282.567,31.2171,59.8133,91.57,58.33
210,15,1,282.594,31.2459,59.7108,89.48,59
211,15,1,282.58,31.2447,59.8141,83.7,55.29
212,15,1,221.698,33.9818,38.634,95.75,55.42
213,15,1,221.837,33.9871,38.5548,91.66,54.2
214,15,1,342.749,21.4003,66.5757,93.24,55.11
215,15,1,342.646,21.4333,66.8397,89.92,56.6
216,15,1,342.668,21.5079,66.8218,92.82,57.42
217,15,1,342.59,21.4331,66.7751,91.87,57.17
218,15,1,342.666,21.4966,66.9041,93.42,57.57
219,15,1,342.671,21.4123,66.7286,84.01,58.15
220,15,1,342.521,21.4473,66.863,92.82,57.91
221,15,1,342.57,21.4218,66.8234,93.59,58.08
222,15,1,342.565,21.454,66.9043,91.96,57.6
223,15,1,342.65,21.4862,66.8183,93.24,58.21
224,15,1,342.616,21.4566,66.7734,92.46,58.29
225,15,1,342.567,21.4407,66.7861,91.08,58.41
226,15,1,342.548,21.445,66.8273,93.28,57.26
227,15,1,342.462,21.4739,66.8495,92.06,57.54
228,15,1,342.584,21.5118,66.8681,91.66,57.72
229,15,1,342.495,21.482,66.9008,93.42,58.01
230,15,1,342.462,21.4528,66.9846,92.92,58.28
231,15,1,342.512,21.4328,66.8845,93.12,54.96
232,15,1,168.102,26.7582,23.9489,93.54,56.8
233,15,1,168.177,26.8646,23.8176,93.32,57.43
234,15,1,168.22,26.8641,23.7772,92.46,59.1
235,15,1,168.213,26.8673,23.761,92.48,58.52
236,15,1,168.182,26.7964,23.9242,94.81,58.95
237,15,1,168.11,26.7679,23.8868,95.79,58.13
238,15,1,168.039,26.8496,23.8638,90.78,57.85
239,15,1,168.26,26.8474,23.7449,92.76,58.56
240,15,1,168.232,26.7951,23.8339,94.83,58.82
241,15,1,168.1,26.7593,23.9018,96.48,59.06
242,15,1,168.26,26.8649,23.7042,90.52,58.65
243,15,1,168.12,26.8001,23.8202,91.43,58.22
244,15,1,168.173,26.8462,23.7846,91.99,58.87
245,15,1,168.142,26.8207,23.8166,92.9,59.35
246,15,1,168.223,26.7723,23.8167,93.27,58.78
247,15,1,168.117,26.7746,23.8582,95.5,58.19
248,15,1,168.179,26.8089,23.7552,89.55,58.71
249,15,1,168.243,26.7588,23.7876,95.21,58.99
250,15,1,168.2,26.7521,23.818,94.54,58.73
251,15,1,168.283,26.8479,23.6966,91.56,59.41
252,15,1,168.315,26.8829,23.664,90.05,57.6
253,15,1,168.27,26.8044,23.6795,94.75,44.52
254,15,0,0,0,0,0,36.29
255,15,0,0,0,0,0,35.55
0,16,0,0,0,0,0,56.31
1,16,0,0,0,0,0,57.17
2,16,0,0,0,0,0,37.24
3,16,0,0,0,0,0,37.21
4,16,0,0,0,0,0,36.89
5,16,1,131.405,33.2701,80.9306,93.94,52.6
6,16,1,131.361,33.2543,80.9883,93.7,55.45
7,16,1,131.312,33.2995,81.0076,92.04,57.24
8,16,1,131.206,33.2453,81.0617,93.54,56.17
9,16,1,131.332,33.2245,80.9946,93.13,55.9
10,16,1,131.162,33.2903,81.1089,95.56,56.38
11,16,1,131.256,33.2578,81.0095,93.19,56.6
12,16,1,131.368,33.2194,80.9695,93.26,56.34
13,16,1,131.206,33.2746,81.0699,94.93,57.18
14,16,1,131.314,33.2289,80.9647,92.43,56.21
15,16,1,131.283,33.2662,81.0142,91.68,57.04
16,16,1,131.216,33.2585,81.0507,91.64,56.81
17,16,1,131.263,33.2753,81.044,93.53,57.14
18,16,1,131.35,33.2431,80.9743,95.26,55.72
19,16,1,131.302,33.2864,81.0188,93.48,56.94
20,16,1,131.262,33.2702,81.0448,93.8,56.57
21,16,1,131.275,33.2673,81.0266,92.29,57.1
22,16,1,131.157,33.2354,81.0754,92.24,57.21
23,16,1,131.257,33.2353,81.0388,91.85,57.16
24,16,1,131.168,33.2539,81.0649,92.12,56.81
25,16,1,131.38,33.2377,80.9751,93.65,57.17
26,16,1,131.316,33.2562,80.9929,92.01,57.38
27,16,1,131.197,33.2592,81.0517,91.82,57.18
28,16,1,131.294,33.2621,80.9992,93.74,56.57
29,16,1,131.328,33.2513,80.9743,92.68,56.33
30,16,1,131.209,33.2592,81.0145,92.01,57.05
31,16,1,131.295,33.2341,81.0122,93.26,57.47
32,16,1,131.259,33.2068,81.053,94.43,57.54
33,16,1,131.272,33.208,80.9631,93.62,57
34,16,1,131.375,33.21,80.9712,91.89,57.58
35,16,1,131.283,33.1956,80.9916,94.13,56.24
36,16,1,131.185,33.27,81.0081,92.58,56.93
37,16,1,131.301,33.2403,80.9593,92.95,57.15
38,16,1,131.568,33.0465,80.7758,86.2,56.61
39,16,1,131.243,33.2058,80.9982,93.75,56.67
40,16,1,131.381,33.2241,80.9211,92.76,56.5
41,16,1,131.492,33.2031,80.8892,92.09,57.02
42,16,1,131.269,33.3169,81.0806,92.21,57.57
43,16,1,131.3,33.2294,80.9576,92.69,56.88
44,16,1,131.365,33.2141,80.9411,93.18,57.34
45,16,2,130.642,33.2798,81.2191,55.81,55.04
46,16,1,356.078,12.0002,24.0611,93.94,57.95
47,16,1,356.126,11.9875,24.017,95.33,58.4
48,16,1,355.902,11.995,24.2475,96.97,57.79
49,16,1,356.059,11.9799,24.0947,96.3,58.75
50,16,1,355.932,11.981,24.1693,95.77,58.39
51,16,1,355.998,12.0239,24.0946,95.05,58.6
52,16,1,356.047,11.9885,24.0472,95.29,58.46
53,16,1,356.089,11.9935,23.9884,97.14,58.83
54,16,1,355.982,12.052,24.0041,95.17,59.46
55,16,1,356.038,11.9973,24.0375,96.5,58.72
56,16,1,356.02,12.0004,24.079,97.32,58.81
57,16,1,355.784,12.008,24.325,95.65,59.03
58,16,1,355.885,11.9721,24.3312,95.63,58.75
59,16,1,355.806,12.0274,24.3184,95.03,59.06
60,16,1,355.849,11.9775,24.3364,95.13,59.17
61,16,1,355.745,11.9899,24.3243,96.05,58.49
62,16,1,355.73,11.9912,24.4217,96.65,59.03
63,16,1,355.784,11.9957,24.3061,97.22,59.12
64,16,1,355.665,11.9859,24.5433,93.88,58.48
65,16,1,355.727,12.063,24.3564,95.74,59.38
66,16,1,355.804,12.0322,24.3567,96.89,58.93
67,16,1,355.744,11.9911,24.2954,97.09,58.42
68,16,1,355.813,12.0034,24.2697,95.6,58.85
69,16,1,355.564,12.043,24.5926,96.06,59.16
70,16,1,355.787,12.034,24.3374,96.93,58.66
71,16,1,355.793,12.0432,24.3059,95.87,59.04
72,16,1,355.63,12.0411,24.4781,96.79,59.2
73,16,1,355.63,11.99,24.4297,95.69,59.85
74,16,1,355.649,11.9978,24.4475,94.94,58.89
75,16,1,355.488,11.9928,24.6772,94.43,58.66
76,16,1,355.596,11.9826,24.5911,95.25,59.35
77,16,1,355.66,11.9744,24.4526,95.71,58.29
78,16,1,355.755,11.9834,24.4095,96.4,60.15
79,16,1,355.846,11.9813,24.2683,96.56,58.47
80,16,1,355.568,11.9777,24.5674,95.71,58.34
81,16,1,355.664,11.9897,24.4909,95.78,58.68
82,16,1,355.54,11.9675,24.6518,94.63,59.01
83,16,1,355.566,12.0393,24.4391,94.61,59.89
84,16,1,355.403,11.9727,24.7299,95.49,59.23
85,16,1,355.406,12.0352,24.7312,97.03,59.07
86,16,1,355.331,12.0598,24.8456,95.62,59.17
87,16,1,355.547,12.026,24.5106,96.63,58.49
88,16,1,355.313,11.994,24.8437,95.06,58.76
89,16,1,355.641,12.0348,24.5138,97.74,59.7
90,16,1,355.438,12.0136,24.6761,96,58.79
91,16,1,355.413,11.9876,24.6231,96.89,58.82
92,16,1,355.346,11.9851,24.7751,94.84,59.48
93,16,1,355.481,12.0309,24.5719,97.05,59.2
94,16,1,355.453,11.9853,24.6745,95.11,59.32
95,16,1,355.428,11.9744,24.7511,95.49,58.96
96,16,1,355.445,11.9885,24.644,95.57,59.01
97,16,1,355.189,11.9774,24.8892,96.07,58.51
98,16,1,355.231,12.0534,24.8199,95.43,58.66
99,16,1,355.275,11.9652,24.8786,94.95,58.97
100,16,1,355.272,11.9612,24.8822,95.86,59.22
101,16,1,355.269,11.9762,24.9034,95.72,59.27
102,16,1,355.11,11.9788,24.9381,94.61,58.62
103,16,0,0,0,0,0,55.02
104,16,1,127.917,39.3924,38.4846,90.31,55.21
105,16,1,128.081,39.3557,38.3968,95.53,55.87
106,16,1,128.064,39.3382,38.4111,95.5,57.06
107,16,1,128.008,39.3397,38.4269,95.59,56.19
108,16,1,128.102,39.3197,38.3758,95.29,56.21
109,16,1,128.106,39.3278,38.3723,96.69,56.34
110,16,1,127.98,39.3468,38.4552,95.12,56.91
111,16,1,128.045,39.3402,38.389,96.28,57.11
112,16,1,128.038,39.2961,38.4476,94.21,56.61
113,16,1,128.056,39.3299,38.3784,93.12,56.33
114,16,1,128.062,39.2999,38.3767,95.79,57.62
115,16,1,128.027,39.3393,38.4161,95.78,57.04
116,16,1,128.026,39.2988,38.4483,94.84,55.19
117,16,0,0,0,0,0,54.92
118,16,1,355.275,12.0235,24.7179,95.89,57.6
119,16,1,355.251,11.991,24.85,96.45,58.15
120,16,1,355.13,11.9923,24.9657,95.98,59.22
121,16,1,355.131,11.9863,24.8395,96.13,59.55
122,16,1,355.101,11.994,25.0299,94.27,58.94
123,16,1,355.203,12.0073,24.8443,96.1,58.38
124,16,1,355.147,12.0045,24.9062,95.64,58.15
125,16,1,355.058,12.0558,25.0385,96.67,59.05
126,16,1,355.033,12.0026,25.0705,95.89,59.57
127,16,1,354.951,12.04,25.0678,95.57,58.41
128,16,1,355.198,12.0558,24.8828,95.86,59.44
129,16,1,355.259,11.9756,24.774,94.87,58.92
130,16,1,355.098,12.037,24.978,96.92,59.22
131,16,1,355.182,11.9896,24.8624,95.52,59.15
132,16,1,355.04,11.9832,25.0891,96.9,58.32
133,16,1,355.187,11.9681,24.952,96.01,59.83
134,16,1,355.02,12.0064,25.0722,94.9,58.97
135,16,1,355.059,12.0364,25.0336,95.77,58.9
136,16,1,355.07,12.0019,24.9364,94.94,59.02
137,16,1,355.044,12.0086,24.9241,96.05,58.82
138,16,1,355.047,12.061,25.0638,97.33,59.38
139,16,1,354.923,11.9906,25.0735,95.04,58.79
140,16,1,354.891,12.0549,25.2915,96.49,59.74
141,16,1,355.15,11.9626,24.9704,95.39,59.68
142,16,1,354.972,11.9988,25.1515,93.71,58.75
143,16,1,354.995,11.9838,25.1762,96.19,59.41
144,16,1,354.776,11.9936,25.2865,94.93,59.69
145,16,1,354.957,11.9792,25.1597,94.08,59.28
146,16,1,354.811,12.0555,25.281,96.06,59.67
147,16,1,354.92,12.0025,25.1494,95.06,59
148,16,1,354.722,12.0127,25.3297,96.21,58.73
149,16,1,354.838,12.0688,25.2389,96.6,59.46
150,16,1,354.781,12.1316,25.3991,96.21,58.7
151,16,1,354.982,12.02,25.0212,96.98,59.68
152,16,1,354.878,11.999,25.1538,94.13,59.12
153,16,1,354.885,12.0592,25.2273,86.59,60.09
154,16,1,354.87,11.989,25.1191,94.4,59.39
155,16,1,354.911,12.0052,25.192,96.06,59.4
156,16,1,354.968,12.051,25.128,96.26,59.27
157,16,1,354.774,12.0011,25.347,95.5,59.19
158,16,1,354.811,12.0186,25.2877,94.81,59.79
159,16,1,354.771,12.1115,25.364,96.93,59.81
160,16,1,354.682,12.0347,25.3733,95.05,58.41
161,16,1,354.843,11.9967,25.2839,96.03,59.04
162,16,1,354.736,12.0368,25.3823,96.3,59.08
163,16,1,354.642,11.9864,25.4545,95.28,57.84
164,16,1,354.582,12.1212,25.5238,95.05,58.51
165,16,1,354.689,12.0057,25.5189,94.25,60.12
166,16,1,354.807,12.006,25.2037,95.96,59.22
167,16,1,354.536,12.0642,25.5456,96.29,59.89
168,16,1,354.776,12.01,25.2345,95.92,59.69
169,16,1,354.636,11.9723,25.4688,94.81,59.19
170,16,1,354.667,12.0039,25.4334,96.02,59.17
171,16,1,354.72,11.9804,25.4237,95.94,59.47
172,16,1,354.594,12.0269,25.4637,94.68,60.12
173,16,1,354.64,11.9969,25.4774,93.21,58.88
174,16,1,354.695,11.9988,25.4178,96.55,59.77
175,16,1,354.75,12.023,25.3381,94.78,58.67
176,16,1,354.199,12.0584,26.0236,93.89,56.93
177,16,1,354.501,11.9289,25.401,85.39,55.96
178,16,0,0,0,0,0,53.62
179,16,1,236.976,41.6946,12.0637,93.43,53.74
180,16,1,236.949,41.6817,12.1818,92.97,55.41
181,16,1,236.892,41.6656,12.1719,96.01,54.49
182,16,1,236.87,41.6659,12.1542,93.38,54.36
183,16,1,236.822,41.6642,12.212,93.75,55.85
184,16,1,236.788,41.6335,12.2501,94.63,54.72
185,16,1,236.842,41.6707,12.2069,93.05,54.93
186,16,1,236.896,41.6769,12.2078,93.51,54.65
187,16,1,237.01,41.6891,12.1648,94.09,54.36
188,16,1,236.906,41.6841,12.161,92.85,55.42
189,16,1,236.857,41.6654,12.2154,94.94,54.66
190,16,1,236.844,41.7001,12.1922,92.92,55.3
191,16,1,236.932,41.7128,12.1282,93.13,53.6
192,16,0,0,0,0,0,54.62
193,16,0,0,0,0,0,55.98
194,16,1,354.296,11.9472,25.7011,87.56,57.13
195,16,1,354.455,12.0214,25.5474,94.78,58.83
196,16,1,354.445,12.0024,25.6315,95.76,59.67
197,16,1,354.493,12.0234,25.598,96.26,58.49
198,16,1,354.115,12.0161,25.8241,94.34,58.11
199,16,1,354.154,12.0723,25.9368,96.03,55.79
200,16,0,0,0,0,0,51.71
201,16,1,124.364,41.3706,33.1081,73.26,52.6
202,16,1,124.498,41.2071,33.0044,81.82,54.89
203,16,1,124.409,40.8211,33.052,91.51,56.25
204,16,1,124.428,40.8222,33.052,92.97,56.63
205,16,1,124.283,40.8465,33.1563,93.54,56.48
206,16,0,0,0,0,0,54.9
207,16,1,282.396,30.9752,59.8511,88.46,57.94
208,16,1,282.62,31.2807,59.6662,90.35,58.96
209,16,1,282.388,31.2019,59.9593,90.85,58.87
210,16,1,282.386,31.2041,59.9677,90.93,56.81
211,16,0,0,0,0,0,53.85
212,16,1,221.713,33.9967,38.6342,93.89,56.83
213,16,1,221.865,34.0134,38.5385,91.95,56.31
214,16,1,342.726,21.5093,66.7619,88.81,53.94
215,16,1,342.769,21.507,66.7966,93.73,56.17
216,16,1,342.589,21.4207,66.8676,89.88,57.46
217,16,1,342.688,21.506,66.8456,94.8,57.21
218,16,1,342.73,21.5126,66.7165,94.57,57.63
219,16,1,342.608,21.482,66.783,92.36,57.1
220,16,1,342.533,21.4758,66.9015,93.1,58.43
221,16,1,342.631,21.4953,66.7601,89.76,57.58
222,16,1,342.703,21.5924,66.7151,96.35,57.47
223,16,1,342.693,21.5196,66.6259,91.2,57.58
224,16,1,342.626,21.5044,66.7798,90.45,57.91
225,16,1,342.723,21.5294,66.6856,95.56,57.38
226,16,1,342.438,21.4271,67.0294,89.99,56.93
227,16,1,342.58,21.4481,66.8082,93.41,57.55
228,16,1,342.565,21.4435,66.8415,92.62,58.46
229,16,1,342.431,21.4255,67.0727,93.55,58.25
230,16,1,342.388,21.4281,67.0953,93.13,57.53
231,16,0,0,0,0,0,55.53
232,16,1,168.006,26.8178,23.9293,92.49,56.62
233,16,1,168.145,26.8053,23.926,93.55,57.8
234,16,1,168.228,26.8838,23.7806,94.17,58.73
235,16,1,168.064,26.8408,23.8653,93.44,58.2
236,16,1,168.103,26.7846,23.9279,94.12,58.73
237,16,1,168.131,26.8518,23.8171,93.02,58.38
238,16,1,168.184,26.7772,23.869,95.32,58.44
239,16,1,168.297,26.7413,23.7717,96.47,59.42
240,16,1,168.155,26.7858,23.8836,93.96,59.13
241,16,1,168.218,26.7805,23.8492,96.12,58.81
242,16,1,168.138,26.7821,23.8811,94.54,58.1
243,16,1,168.372,26.8692,23.66,94.85,58.67
244,16,1,168.079,26.834,23.847,92.89,59.76
245,16,1,168.242,26.8312,23.6986,91.75,58.16
246,16,1,168.186,26.7793,23.8423,94.86,58.57
247,16,1,168.21,26.7693,23.8112,94.91,59.55
248,16,1,168.23,26.756,23.8272,95.31,59.21
249,16,1,168.148,26.8348,23.8179,91.16,59.94
250,16,1,168.226,26.8259,23.7142,92.78,59.62
251,16,1,168.243,26.7805,23.7913,92.98,58.6
252,16,1,168.251,26.8191,23.7862,93.68,57.14
253,16,1,168.548,26.8341,23.5243,94.83,40.47
254,16,0,0,0,0,0,56.04
255,16,0,0,0,0,0,35.56
0,17,0,0,0,0,0,59.23
1,17,0,0,0,0,0,37.52
2,17,0,0,0,0,0,37.54
3,17,0,0,0,0,0,37
4,17,2,129.296,33.6586,82.3648,40.98,36.25
5,17,1,131.417,33.299,80.9217,92.51,51.4
6,17,1,131.362,33.2366,80.9816,93.85,55.12
7,17,1,131.286,33.2444,81.0265,94.16,55.22
8,17,1,131.31,33.2511,81.029,94.86,57.21
9,17,1,131.162,33.2742,81.0786,92.11,56.53
10,17,1,131.28,33.2467,81.0356,93.7,55.96
11,17,1,131.214,33.2637,81.0811,91.92,56.56
12,17,1,131.392,33.2716,80.9916,92.11,57.16
13,17,1,131.273,33.2441,81.0268,93.36,56.7
14,17,1,131.314,33.2416,80.9853,94.87,56.5
15,17,1,131.259,33.2713,81.0232,92.5,56.55
16,17,1,131.215,33.3744,81.1406,92.47,56.29
17,17,1,131.275,33.248,81.043,93.46,55.81
18,17,1,131.345,33.2627,81.0121,93.72,56.17
19,17,1,131.146,33.2805,81.0776,92.64,57.1
20,17,1,131.296,33.2306,81.0351,93.88,56.59
21,17,1,131.311,33.2724,81.0279,91.19,56.55
22,17,1,131.383,33.2143,80.9859,93.63,56.63
23,17,1,131.223,33.2248,81.0317,92.25,57.08
24,17,1,131.217,33.2454,81.0457,92.99,56.72
25,17,1,131.185,33.2766,81.051,91.51,56.91
26,17,1,131.267,33.263,81.011,92.14,57.94
27,17,1,131.298,33.2217,81.0037,91.67,56.59
28,17,1,131.257,33.2403,81.0145,93.47,56.24
29,17,1,131.245,33.2695,81.0419,91.95,56.43
30,17,1,131.301,33.2616,80.9891,92.17,56.9
31,17,1,131.238,33.2602,81.0248,91.93,56.71
32,17,1,131.27,33.2642,81.0071,91.38,57.66
33,17,1,131.307,33.2533,81.0037,91.11,57.06
34,17,1,131.337,33.2413,80.96,92.18,57.02
35,17,1,131.299,33.2204,80.9647,94.38,57.51
36,17,1,131.343,33.2149,80.9548,93.12,56.94
37,17,1,131.613,33.043,80.764,87.01,56.85
38,17,1,131.275,33.2282,80.9858,92.25,57.37
39,17,1,131.393,33.1991,80.932,94.76,57.13
40,17,1,131.35,33.2174,80.957,92.87,56.61
41,17,1,131.379,33.2283,80.9245,91.17,57.82
42,17,1,131.304,33.2537,80.9825,92.66,56.37
43,17,1,131.208,33.2362,80.979,92.26,57.54
44,17,1,131.348,33.2123,80.9385,93.34,56.39
45,17,0,0,0,0,0,54.86
46,17,1,355.997,11.9882,24.1432,93.1,57.64
47,17,1,355.779,12.0494,24.4962,97.72,58.39
48,17,1,355.952,12.0048,24.1739,94.81,59.15
49,17,1,355.968,11.9823,24.1523,95.03,58.49
50,17,1,355.956,11.9875,24.1408,95.82,58.93
51,17,1,355.925,11.9829,24.1872,94.25,58.6
52,17,1,355.87,12.0005,24.2415,96.85,58.98
53,17,1,355.904,11.9933,24.1723,96.17,58.65
54,17,1,355.969,11.9807,24.1933,96.85,58.99
55,17,1,356.049,11.9619,24.161,93.2,59.59
56,17,1,355.971,11.9663,24.1854,95.54,59.23
57,17,1,355.89,11.9858,24.1674,96.44,58.85
58,17,1,355.871,12.0661,24.2366,95.66,58.56
59,17,1,355.839,12.0155,24.2686,96.02,58.94
60,17,1,355.783,12.0006,24.2538,96,58.98
61,17,1,355.782,11.9808,24.4066,95.56,58.93
62,17,1,355.679,12.0409,24.4698,97.1,59.24
63,17,1,355.632,12.0556,24.4567,96.8,59.06
64,17,1,355.835,11.9845,24.3016,96.96,59.61
65,17,1,355.802,12.0006,24.3246,95.96,58.63
66,17,1,355.676,11.991,24.4799,96.38,58.83
67,17,1,355.616,11.9602,24.5606,96.89,58.61
68,17,1,355.619,11.993,24.4992,95.6,59.08
69,17,1,355.818,11.9896,24.3515,96.29,58.75
70,17,1,355.734,12.0061,24.3782,96.42,59.33
71,17,1,355.672,11.9894,24.394,95.42,58.53
72,17,1,355.673,11.9926,24.4455,96.16,59.14
73,17,1,355.704,11.9812,24.3402,95.34,59.26
74,17,1,355.424,12.0518,24.6665,95.99,59.58
75,17,1,355.659,11.9902,24.455,95.16,59.36
76,17,1,355.58,12.0045,24.608,94.71,58.96
77,17,1,355.55,11.99,24.6139,95.47,59.2
78,17,1,355.657,11.9666,24.4501,96,59.1
79,17,1,355.607,12.0421,24.4545,93.91,58.31
80,17,1,355.357,11.9776,24.766,96.18,58.41
81,17,1,355.687,12.0615,24.3951,96.61,59.2
82,17,1,355.595,11.9898,24.4099,94.96,59.04
83,17,1,355.616,12.0474,24.4576,96.44,58.55
84,17,1,355.5,12.057,24.658,96.95,59.02
85,17,1,355.442,11.9924,24.736,94.45,58.89
86,17,1,355.379,11.9897,24.7635,96.22,58.85
87,17,1,355.422,12.0062,24.6205,95.08,59.04
88,17,1,355.597,12.0063,24.5082,95.04,59.09
89,17,1,355.555,12.0221,24.6102,96.85,59.13
90,17,1,355.53,11.9875,24.6193,95.41,59.11
91,17,1,355.487,12.0494,24.6226,94.7,59.77
92,17,1,355.382,12.0381,24.7682,97.33,59.85
93,17,1,355.452,11.992,24.643,95.79,59.81
94,17,1,355.412,11.9807,24.6933,97.56,59.41
95,17,1,355.522,11.9917,24.4333,96.51,59.65
96,17,1,355.22,11.9918,24.9069,96.7,58.99
97,17,1,355.387,11.9509,24.716,94.57,59.42
98,17,1,355.306,12.0049,24.7725,96.15,58.93
99,17,1,355.555,11.9353,24.5974,94.73,58.84
100,17,1,355.127,11.9545,25.0849,94.58,58.44
101,17,1,355.223,12.0081,24.9025,97,58.92
102,17,1,355.241,11.9794,24.9134,95.57,57.51
103,17,0,0,0,0,0,54.77
104,17,1,128.085,39.347,38.3874,94.97,56.05
105,17,1,128.111,39.353,38.3494,95.15,55.83
106,17,1,128.034,39.3387,38.4795,96.26,56
107,17,1,128.112,39.3663,38.3535,94.67,56.13
108,17,1,128.07,39.3407,38.3903,94.86,57.08
109,17,1,128.086,39.3497,38.3699,94.75,56.14
110,17,1,128.04,39.3651,38.383,97.13,56.54
111,17,1,128.048,39.3443,38.3969,96.36,57.04
112,17,1,128.016,39.3263,38.4461,95.88,55.75
113,17,1,128.073,39.3379,38.3849,94.3,55.77
114,17,1,128.137,39.3298,38.3165,96.09,56.92
115,17,1,128.338,39.3307,38.2345,96.14,57.06
116,17,0,0,0,0,0,55.67
117,17,1,354.964,11.9759,25.1138,89,56.63
118,17,1,355.144,12.0346,24.9579,96.19,58.48
119,17,1,355.2,11.982,24.8459,97.46,59.22
120,17,1,355.216,12.132,24.8607,97.22,58.98
121,17,1,355.251,11.984,24.8145,95.38,58.66
122,17,1,355.198,12.0592,24.8647,95.14,58.66
123,17,1,355.216,11.979,24.8292,95.68,58.93
124,17,1,355.044,11.9838,25.0751,95.89,58.86
125,17,1,355.022,12.0428,25.081,97.2,58.92
126,17,1,355.209,12.0483,24.8538,95.13,59.23
127,17,1,355.353,12.0461,24.7205,94.81,57.9
128,17,1,355.158,11.9757,24.9037,95.41,59.45
129,17,1,355.174,12.0334,25.004,95.66,58.94
130,17,1,355.087,11.9855,24.9888,95.25,59.04
131,17,1,355.12,12.032,24.924,96.32,59.06
132,17,1,354.969,11.9778,25.1008,95.9,59.01
133,17,1,354.942,12.0157,25.1952,96.92,58.65
134,17,1,355.002,12.0092,25.0831,95.04,59.38
135,17,1,354.961,12.101,25.0499,96.96,58.97
136,17,1,355.11,12.0136,24.9423,96.07,59.6
137,17,1,354.998,12.0426,25.1324,96.63,59.12
138,17,1,354.943,12.1236,25.1401,97.61,59.8
139,17,1,354.97,12.1095,25.0954,96.15,59.63
140,17,1,354.997,12.0003,25.1137,96.15,60.64
141,17,1,354.888,11.9954,25.1969,95.52,59.07
142,17,1,355.117,12.0064,24.8935,97.63,59.35
143,17,1,354.807,12.0662,25.233,95.72,58.84
144,17,1,354.916,11.9939,25.21,97.85,59.91
145,17,1,354.939,11.9924,25.1521,94.29,58.95
146,17,1,355.002,11.9887,25.0879,94.6,59.02
147,17,1,354.78,12.0028,25.3009,93.45,59.19
148,17,1,354.998,11.9974,25.1346,95.22,59.2
149,17,1,355.039,12.0064,25.0369,96.12,59.07
150,17,1,354.824,11.9945,25.2705,94.46,59.83
151,17,1,354.873,12.0067,25.1953,94.34,58.9
152,17,1,354.885,12.0458,25.1016,96.52,58.86
153,17,1,354.809,11.9997,25.2597,94.63,58.85
154,17,1,354.639,12.0783,25.5228,96.1,59.01
155,17,1,355.015,11.989,25.083,94.89,59.69
156,17,1,354.87,12.0096,25.1841,94.98,59.56
157,17,1,354.873,12.0826,25.2526,97.61,59.45
158,17,1,354.76,11.997,25.343,96.97,59.66
159,17,1,354.731,12.0042,25.3481,95.43,59.07
160,17,1,354.944,12.0622,25.1531,96.1,58.82
161,17,1,354.408,12.0743,25.7834,94.65,58.41
162,17,1,354.379,12.0397,25.7189,87.32,57.01
163,17,1,354.591,11.9514,25.491,87.37,55.87
164,17,1,354.731,11.9849,25.3867,92.92,57.62
165,17,1,354.759,11.9895,25.3795,94.7,58.67
166,17,1,354.679,12.0109,25.3801,93.75,59.43
167,17,1,354.682,12.0861,25.4457,95.45,59.23
168,17,1,354.692,12.0562,25.4513,97.23,59.51
169,17,1,354.786,11.9928,25.3192,96.11,58.95
170,17,1,354.647,12.0907,25.5017,95.36,59.35
171,17,1,354.751,12.0564,25.3734,95.87,59.82
172,17,1,354.706,12.0604,25.3016,95.79,59.06
173,17,1,354.526,12.0498,25.6508,96.28,58.21
174,17,1,354.439,11.9653,25.5781,93.2,58.06
175,17,1,354.434,11.9675,25.5835,95.83,57.36
176,17,1,354.227,12.0189,25.9088,87.38,56.52
177,17,1,236.856,41.6344,12.1732,85.73,54.49
178,17,1,236.932,41.6615,12.1478,91.4,54.86
179,17,1,236.954,41.6707,12.1206,91.74,54.43
180,17,1,236.85,41.6409,12.209,94.28,55.09
181,17,1,236.796,41.6635,12.2235,94.46,54.7
182,17,1,236.969,41.6987,12.1443,92.59,54.78
183,17,1,236.867,41.6712,12.1963,93.76,54.43
184,17,1,236.768,41.6676,12.1802,93.06,54.87
185,17,1,236.885,41.6341,12.2107,95.43,55.77
186,17,1,236.902,41.6518,12.2004,95.45,55.23
187,17,1,236.907,41.6682,12.1971,93.06,54.2
188,17,1,236.815,41.6649,12.2233,93.57,56.04
189,17,1,236.971,41.6838,12.1785,94.5,54.86
190,17,1,236.889,41.6869,12.1853,94.05,55.45
191,17,1,236.906,41.701,12.0955,95.09,54.5
192,17,1,236.974,41.7099,12.0327,91.98,54.39
193,17,1,236.989,41.7081,12.0512,85.87,53.87
194,17,0,0,0,0,0,55.08
195,17,1,354.441,12.0307,25.5789,88.51,55.4
196,17,1,354.342,11.9841,25.7255,95.69,58.14
197,17,1,354.329,12.0217,25.7156,93.11,59.43
198,17,1,354.269,12.0014,25.8714,95.08,58.54
199,17,1,353.952,12.032,26.1051,93.09,57.14
200,17,1,61.0896,10.038,58.3313,80.54,54.7
201,17,1,60.59,10.0846,58.7923,81.53,53.62
202,17,0,0,0,0,0,54.44
203,17,1,124.462,41.3405,33.0411,73.83,53.53
204,17,1,124.265,40.7493,33.1858,95.32,55.61
205,17,1,124.368,40.8449,33.1388,93.37,56.79
206,17,1,124.416,40.8083,33.0436,93.21,56.43
207,17,1,282.428,31.1643,59.9216,88.09,57.13
208,17,1,282.312,31.1101,59.9982,90.47,59.08
209,17,1,282.662,31.3042,59.6529,89.93,57.13
210,17,0,0,0,0,0,54.88
211,17,1,221.792,33.9802,38.6079,92.43,55.33
212,17,1,222.3,33.8472,38.0999,88.07,57.34
213,17,1,221.732,33.9766,38.6076,94.93,57.64
214,17,0,0,0,0,0,53.79
215,17,1,342.729,21.4336,66.7164,94.07,57.23
216,17,1,342.77,21.5392,66.7123,92.63,56.14
217,17,1,342.665,21.4799,66.7168,92,57.73
218,17,1,342.584,21.4602,66.7952,91.47,57.53
219,17,1,342.457,21.4347,66.974,92.04,58.14
220,17,1,342.694,21.5243,66.7942,93.03,57.37
221,17,1,342.624,21.4871,66.7667,93.59,57.88
222,17,1,342.724,21.5752,66.7514,95.97,57.51
223,17,1,342.421,21.3991,67.0871,91.58,57.57
224,17,1,342.573,21.4638,66.8194,91.49,57.59
225,17,1,342.711,21.505,66.7013,92.59,56.68
226,17,1,342.492,21.438,66.919,92.47,58.12
227,17,1,342.56,21.4574,66.9043,93.08,57.56
228,17,1,342.511,21.4357,66.8572,93.3,57.86
229,17,1,342.321,21.4301,67.0961,82.36,58.21
230,17,1,342.559,21.5285,66.9233,92.94,57.46
231,17,1,168.012,26.7614,23.9473,89.49,55.14
232,17,1,168.113,26.8353,23.8525,93.3,57.37
233,17,1,168.088,26.8596,23.8518,92.87,58.33
234,17,1,168.206,26.8696,23.7789,91.32,58.82
235,17,1,168.187,26.8723,23.8097,91.84,59.41
236,17,1,168.169,26.7887,23.8911,95.17,57.57
237,17,1,168.016,26.8474,23.8787,89.75,58.02
238,17,1,168.1,26.7698,23.9039,95.09,58.6
239,17,1,168.15,26.776,23.8642,94.25,58.59
240,17,1,168.163,26.8479,23.8123,92.35,59.47
241,17,1,168.249,26.8561,23.748,93.01,59.72
242,17,1,168.383,26.8633,23.6399,92.97,58.83
243,17,1,168.244,26.8735,23.7007,93.02,59.49
244,17,1,168.183,26.7821,23.8458,94.06,59.15
245,17,1,168.182,26.8377,23.6968,92.47,59.53
246,17,1,168.233,26.8402,23.7122,92.57,59.05
247,17,1,168.154,26.7793,23.8349,95.44,58.5
248,17,1,168.349,26.8707,23.6351,91.75,58.35
249,17,1,168.27,26.7542,23.7494,95.66,59.32
250,17,1,168.204,26.7653,23.8357,93.2,58.74
251,17,1,168.192,26.8027,23.8379,92.79,57.93
252,17,1,168.312,26.9185,23.6137,92.01,56.32
253,17,0,0,0,0,0,39.39
254,17,0,0,0,0,0,56.56
255,17,0,0,0,0,0,35.55
0,18,0,0,0,0,0,36.71
1,18,0,0,0,0,0,37.84
2,18,0,0,0,0,0,59.6
3,18,0,0,0,0,0,56.94
4,18,2,130.512,33.0968,81.5144,59.5,37.31
5,18,1,131.556,33.2753,80.8026,90.87,52.72
6,18,1,131.295,33.2611,80.9904,92.01,54.51
7,18,1,131.406,33.2644,80.9285,93.47,55.32
8,18,1,131.241,33.2405,81.0365,91.58,55.72
9,18,1,131.238,33.2667,81.0471,92,56.85
10,18,1,131.274,33.2923,81.0074,92.72,57.66
11,18,1,131.163,33.2441,81.0424,91.12,56.35
12,18,1,131.27,33.2597,81.016,94.49,56.73
13,18,1,131.337,33.2733,80.9233,94.23,55.99
14,18,1,131.343,33.2423,80.9837,93.77,56.1
15,18,1,131.25,33.2857,81.0387,92.74,57.67
16,18,1,131.183,33.2583,81.0706,93.15,56.09
17,18,1,131.325,33.2566,81.013,92.11,56.6
18,18,1,131.323,33.2712,81.0113,92.43,57.11
19,18,1,131.237,33.2656,81.0487,92.41,56.87
20,18,1,131.302,33.2383,81.0143,93.89,55.5
21,18,1,131.238,33.2306,81.038,93.65,56.38
22,18,1,131.268,33.2392,81.0246,92.59,56.64
23,18,1,131.359,33.276,80.9885,94.02,57.28
24,18,1,131.276,33.2203,81.0079,93.76,56.03
25,18,1,131.231,33.2807,81.0393,92.76,57.41
26,18,1,131.322,33.2206,80.9822,95.2,56
27,18,1,131.244,33.2295,81.0287,91.54,57.1
28,18,1,131.233,33.2085,81.0121,92.99,56.77
29,18,1,131.265,33.2386,81.0142,91.91,57.04
30,18,1,131.253,33.2606,81.0046,93.2,56.88
31,18,1,131.264,33.2606,81.0145,92.09,57.21
32,18,1,131.29,33.2248,80.9883,93.32,56.37
33,18,1,131.315,33.2611,80.9695,91.36,56.96
34,18,1,131.33,33.2402,80.9947,92.98,57.37
35,18,1,131.388,33.2284,80.9375,93.7,57.7
36,18,1,131.272,33.2349,80.9981,93.1,56.82
37,18,1,131.339,33.2377,80.9427,94.62,57.05
38,18,1,131.284,33.2393,80.9827,92.56,57.08
39,18,1,131.296,33.2243,80.9628,92.84,57.04
40,18,1,131.243,33.2225,80.9771,92.41,56.53
41,18,1,131.309,33.2223,80.9695,93.01,56.37
42,18,1,131.316,33.2439,80.9645,92.54,56.91
43,18,1,131.357,33.2382,80.9572,93.91,57.98
44,18,1,131.376,33.1916,80.9248,93.67,55.5
45,18,0,0,0,0,0,55
46,18,1,355.928,12.0123,24.2464,95.16,57.21
47,18,1,356.136,11.9958,23.9969,96.68,58.07
48,18,1,356.072,11.9633,24.0567,95.33,58.03
49,18,1,356.062,12.0022,24.0992,96.38,57.25
50,18,1,355.975,11.9904,24.0514,95.75,58.7
51,18,1,356.032,11.9744,24.1473,96.38,59.11
52,18,1,355.906,11.9878,24.251,95.34,58.84
53,18,1,355.926,11.9766,24.1685,97.14,59.24
54,18,1,355.786,11.9849,24.3206,96.37,59.04
55,18,1,356.083,11.9776,24.0255,95.74,58.71
56,18,1,355.81,12.0936,24.3229,96.65,58.91
57,18,1,355.892,11.9929,24.3182,95.99,59.41
58,18,1,355.725,12.0546,24.4086,97.14,58.83
59,18,1,355.822,11.9822,24.3751,95.38,59.48
60,18,1,355.78,11.9844,24.3979,97.18,58.99
61,18,1,355.786,11.9692,24.3799,96.6,58.95
62,18,1,355.636,11.9932,24.5841,93.43,58.4
63,18,1,355.754,12.0584,24.3305,96.42,58.97
64,18,1,355.83,11.9887,24.2569,96.56,58.32
65,18,1,355.873,11.9848,24.3004,96.56,59.18
66,18,1,355.653,11.9881,24.5143,94.99,58.83
67,18,1,355.733,12.0582,24.422,95.75,59.53
68,18,1,355.749,11.9829,24.3145,95.17,58.68
69,18,1,355.665,11.9914,24.3946,93.43,58.38
70,18,1,355.735,11.9893,24.4177,93.99,59.55
71,18,1,355.628,11.9794,24.5604,93.56,58.5
72,18,1,355.773,11.9874,24.3453,95.81,58.8
73,18,1,355.582,12.0331,24.5483,93.44,59.88
74,18,1,355.599,12.0868,24.4719,97.21,59.74
75,18,1,355.552,11.9796,24.597,95.37,58.45
76,18,1,355.505,11.9926,24.6256,94.73,59.03
77,18,1,355.515,12.0581,24.5513,97.2,58.51
78,18,1,355.546,11.9731,24.6156,96.11,58.36
79,18,1,355.706,11.9877,24.3734,95.04,59.39
80,18,1,355.372,12.021,24.8357,93.95,58.49
81,18,1,355.568,12.0006,24.5305,94.48,58.32
82,18,1,355.475,11.9803,24.6173,95.57,59.58
83,18,1,355.657,12.0069,24.4161,95.98,58.56
84,18,1,355.609,11.9677,24.5564,96.99,59.24
85,18,1,355.709,12.0904,24.4032,95.32,59.43
86,18,1,355.673,11.987,24.4233,97.28,59.38
87,18,1,355.533,11.9882,24.6338,97.61,59.91
88,18,1,355.455,11.9793,24.6806,95.17,59.16
89,18,1,355.325,11.9703,24.779,94.62,59.09
90,18,1,355.52,11.986,24.6287,95.91,59.51
91,18,1,355.404,12.0417,24.7377,97.36,58.3
92,18,1,355.334,11.9869,24.7709,94.89,58.9
93,18,1,355.524,12.0267,24.4894,96.78,59.31
94,18,1,355.43,11.9857,24.6551,94.82,59.42
95,18,1,355.405,12.0566,24.7726,97.06,59.59
96,18,1,355.464,11.9761,24.5557,95.28,59.19
97,18,1,355.458,12,24.6599,97.13,59.19
98,18,1,355.449,11.9838,24.6458,96.18,59.37
99,18,1,355.372,12.0132,24.6778,95.89,59.49
100,18,1,355.235,11.9835,24.9185,96.23,59.09
101,18,1,355.115,11.9564,25.0144,94.51,58.26
102,18,0,0,0,0,0,55.56
103,18,1,127.975,39.3585,38.4644,94,54.64
104,18,1,128.061,39.3172,38.3805,95.52,55.26
105,18,1,128.236,39.3451,38.2966,93.72,55.69
106,18,1,128.108,39.3362,38.3717,94.92,55.95
107,18,1,128.118,39.3553,38.3269,95.72,57.01
108,18,1,128.075,39.3609,38.3923,94.26,56.57
109,18,1,128.123,39.3604,38.3328,96.8,56.4
110,18,1,128.112,39.5206,38.2601,87.04,57.06
111,18,1,128.161,39.349,38.3284,96.08,56.18
112,18,1,128.085,39.3269,38.3908,96.9,56.71
113,18,1,128.128,39.3268,38.3827,92.71,56.2
114,18,1,128.078,39.3193,38.3696,95.94,56.14
115,18,1,128.134,39.3022,38.3392,94.97,55.83
116,18,0,0,0,0,0,55.46
117,18,1,355.191,12.2084,24.8396,96.18,57.89
118,18,1,355.115,11.9628,24.9678,95.01,58.09
119,18,1,355.281,11.9795,24.8002,94.26,58.73
120,18,1,355.351,11.9917,24.7696,95.39,58.8
121,18,1,355.157,11.9756,24.9755,94.89,59.3
122,18,1,355.264,11.9917,24.7638,95.34,58.45
123,18,1,355.038,12.0495,25.0068,95.64,58.68
124,18,1,355.124,12.0011,24.9524,95.6,59.39
125,18,1,355.196,11.9744,24.8973,97.2,58.88
126,18,1,355.069,11.9797,25.0409,95.39,59.1
127,18,1,355.131,11.9755,24.9812,96.29,59.82
128,18,1,354.993,12.1052,25.1092,95.71,59.07
129,18,1,355.108,11.9759,24.9675,94.12,58.61
130,18,1,355.059,12.021,24.9433,95.17,58.84
131,18,1,355.082,11.9764,25.011,96.43,58.82
132,18,1,355.142,11.9903,24.9252,94.91,59.22
133,18,1,355.131,12.0037,24.9183,94,59.03
134,18,1,354.995,12.0068,25.1785,93.63,57.73
135,18,1,355.059,12.0062,24.9639,96.78,59.11
136,18,1,355.011,11.9908,25.0998,95.13,59.32
137,18,1,354.958,12.0108,25.1612,95.74,59.09
138,18,1,354.998,11.9892,25.1123,97.01,58.97
139,18,1,354.824,12.0507,25.238,94.13,58.47
140,18,1,355.094,11.9946,24.9452,95.92,58.93
141,18,1,355.085,12.0278,24.9097,95.64,59.05
142,18,1,354.922,11.996,25.165,95.86,58.69
143,18,1,355.067,12.0088,25.07,97.21,59.16
144,18,1,354.932,12.039,25.0923,96.08,59.13
145,18,1,355.075,12.0299,24.8093,95.12,58.83
146,18,1,354.984,12.0068,25.0474,96.17,59.33
147,18,1,354.857,11.9947,25.2268,95.28,59.82
148,18,1,354.979,12.0189,25.0766,95.66,58.75
149,18,1,354.773,12.0064,25.2619,93.65,58.21
150,18,1,355.008,11.9827,25.0452,96.56,59.56
151,18,1,355.007,11.9962,24.9762,96.71,58.81
152,18,1,354.906,11.996,25.1447,95.2,59.08
153,18,1,354.806,12.0454,25.3435,94.87,59.05
154,18,1,354.871,12.1212,25.1909,96.13,58.68
155,18,1,354.91,12.0577,25.1444,95.11,59.07
156,18,1,354.828,12.0219,25.2355,94.16,59.39
157,18,1,354.826,12.1199,25.1489,95.35,59.16
158,18,1,354.651,11.9981,25.388,92.96,59.64
159,18,1,354.967,12.0163,25.091,95.91,59.39
160,18,1,354.528,12.0377,25.5931,94.77,58.2
161,18,1,354.703,11.9574,25.3745,88.06,55.05
162,18,1,236.815,41.6042,12.2196,88.43,53.94
163,18,1,236.86,41.5942,12.2071,86.86,54.58
164,18,0,0,0,0,0,54.31
165,18,1,354.339,12.0278,25.7589,87.18,55.76
166,18,1,354.462,12.0708,25.5191,96.15,57.19
167,18,1,354.507,12.0922,25.5745,96.96,57.94
168,18,1,354.746,12.0285,25.3451,95.89,59.53
169,18,1,354.656,12.0052,25.3664,94.71,59.45
170,18,1,354.597,12.0858,25.5062,97.6,59.67
171,18,1,354.649,12.002,25.408,94.91,59.03
172,18,1,354.583,12.0523,25.4924,93.4,57.03
173,18,0,0,0,0,0,55.78
174,18,0,0,0,0,0,56.44
175,18,0,0,0,0,0,55.22
176,18,1,236.968,41.6835,12.14,93.76,53.19
177,18,1,236.836,41.6521,12.1958,93.49,55
178,18,1,236.901,41.6651,12.2014,94,54.4
179,18,1,236.928,41.6833,12.1839,93.78,54.88
180,18,1,236.889,41.6811,12.2176,92.29,55.23
181,18,1,236.866,41.6522,12.1762,92.77,55.31
182,18,1,236.839,41.6807,12.1211,94.41,55.02
183,18,1,236.784,41.6527,12.2178,94.02,56
184,18,1,236.899,41.6876,12.1989,91.8,55.11
185,18,1,236.963,41.7007,12.0969,95.25,54.88
186,18,1,236.803,41.6544,12.1986,93.91,55.36
187,18,1,236.818,41.6861,12.21,94.67,55.22
188,18,1,236.859,41.6974,12.199,94.73,55.18
189,18,1,236.952,41.6914,12.1442,91.97,55.36
190,18,1,236.983,41.7212,12.083,93.43,55.58
191,18,1,236.894,41.6806,12.2095,92.66,55.29
192,18,1,236.996,41.713,12.0453,92.06,54.14
193,18,1,236.889,41.6958,12.1822,94.13,55.45
194,18,1,237.016,41.7249,12.107,93.38,53.91
195,18,1,237.045,41.7362,12.0196,81.89,53.38
196,18,0,0,0,0,0,55.26
197,18,1,354.22,11.9596,25.7906,94.66,56.62
198,18,1,354.392,12.0452,25.6413,95.63,57.92
199,18,1,354.091,12.0536,26.0138,96.77,57.74
200,18,1,61.2588,9.98329,58.2682,88.13,56.83
201,18,1,60.6179,10.037,58.6822,91.41,58.93
202,18,1,60.9358,9.96253,58.5234,88.41,57.47
203,18,1,59.9982,10.0564,59.4404,79.44,54.93
204,18,0,0,0,0,0,53.12
205,18,0,0,0,0,0,54.51
206,18,1,124.363,41.2201,33.0388,81.12,55.19
207,18,0,0,0,0,0,55.25
208,18,1,282.479,31.07,59.8506,89.92,55.62
209,18,0,0,0,0,0,54.05
210,18,1,221.841,33.9309,38.5505,93.38,54.29
211,18,1,222.115,33.7955,38.1383,84.76,56.89
212,18,1,221.762,34.0121,38.6407,95.17,57.12
213,18,1,221.912,33.9934,38.5334,93.93,57.89
214,18,1,221.936,34.0156,38.5576,86.39,55.32
215,18,1,342.799,21.4804,66.6615,94.8,55.51
216,18,1,342.581,21.4335,66.8913,93.09,57.15
217,18,1,342.765,21.5136,66.6839,93.72,56.7
218,18,1,342.667,21.3996,66.691,93.94,57.65
219,18,1,342.641,21.4922,66.6971,90.54,57.19
220,18,1,342.756,21.5817,66.7199,94.79,57.1
221,18,1,342.721,21.5636,66.7735,93.33,57.18
222,18,1,342.606,21.4023,66.9379,85.06,58.29
223,18,1,342.489,21.427,66.8423,91.39,57.93
224,18,1,342.552,21.4592,66.7947,83.34,58.29
225,18,1,342.541,21.448,66.88,91.16,58.47
226,18,1,342.521,21.4852,66.9989,93.73,57.98
227,18,1,342.624,21.4532,66.7588,91.27,57.18
228,18,1,342.58,21.4539,66.765,93.14,57.28
229,18,1,342.455,21.4369,66.9216,88.05,57.59
230,18,1,342.513,21.4808,66.8732,91.42,56.17
231,18,1,168.295,26.878,23.7137,84.66,56.06
232,18,1,168.119,26.79,23.9569,95.08,58.41
233,18,1,168.221,26.8743,23.7789,92.41,58.03
234,18,1,168.122,26.7595,23.9235,93.66,58.65
235,18,1,168.268,26.894,23.6979,92.5,59.15
236,18,1,168.078,26.7916,23.9376,94.68,58.94
237,18,1,168.196,26.7852,23.8746,95.7,57.81
238,18,1,168.191,26.7913,23.887,94.82,58.73
239,18,1,168.159,26.8547,23.7894,92.14,59.11
240,18,1,168.057,26.8664,23.8855,92.37,60.23
241,18,1,168.142,26.7726,23.8743,95.11,58.68
242,18,1,167.986,26.8151,23.8642,90.2,59.33
243,18,1,168.245,26.8863,23.7013,93.09,59.05
244,18,1,168.246,26.8515,23.7803,93.15,59.36
245,18,1,168.28,26.7911,23.8185,93.61,58.77
246,18,1,168.24,26.8636,23.7231,93.45,58.89
247,18,1,168.24,26.7972,23.7987,94.06,58.77
248,18,1,168.22,26.7804,23.8222,95.07,57.57
249,18,1,168.247,26.7622,23.7605,94.86,59.35
250,18,1,168.367,26.8522,23.6601,93.08,58.07
251,18,1,168.366,26.7589,23.6552,94.82,59.63
252,18,1,168.32,26.9137,23.6103,92.34,54.45
253,18,0,0,0,0,0,39.09
254,18,0,0,0,0,0,54.86
255,18,0,0,0,0,0,52.32
0,19,0,0,0,0,0,37.29
1,19,0,0,0,0,0,37.56
2,19,2,193.274,47.3693,62.8611,36.5,38.33
3,19,0,0,0,0,0,37.22
4,19,2,130.739,32.3751,80.3821,47.38,36.92
5,19,1,131.228,33.3497,80.9897,91.94,52.84
6,19,1,131.268,33.2542,81.0273,92.73,55.41
7,19,1,131.27,33.2295,81.0448,95.1,55.97
8,19,1,131.253,33.274,81.0546,94.81,56.1
9,19,1,131.302,33.2513,80.9918,94.39,56.17
10,19,1,131.344,33.251,80.9784,92.48,57.77
11,19,1,131.294,33.2694,81.0252,92.1,57.03
12,19,1,131.267,33.2296,81.023,91.22,56.25
13,19,1,131.199,33.2691,81.0511,90.66,55.93
14,19,1,131.35,33.1983,81.0282,95.8,55.91
15,19,1,131.266,33.2682,81.0352,91.35,57.02
16,19,1,131.278,33.2546,81.0134,93.17,56.32
17,19,1,131.284,33.2361,81.0266,95.71,56.27
18,19,1,131.282,33.287,81.0457,91.74,57.11
19,19,1,131.204,33.2703,81.0699,92.05,56.85
20,19,1,131.408,33.2486,80.9895,94.48,57.34
21,19,1,131.202,33.2653,81.0505,94.01,56.92
22,19,1,131.21,33.2337,81.053,94.16,56.13
23,19,1,131.258,33.2221,81.0335,93,55.7
24,19,1,131.302,33.2655,81.0141,91.96,56.72
25,19,1,131.273,33.2671,81.028,94.23,56.81
26,19,1,131.232,33.2408,81.0233,91.56,56.54
27,19,1,131.278,33.2671,81.0212,91.02,57.7
28,19,1,131.247,33.2161,80.9949,92.88,55.61
29,19,1,131.227,33.1986,81.0183,91.26,56.53
30,19,1,131.317,33.2478,80.9888,90.81,56.39
31,19,1,131.421,33.2111,80.9397,93.17,56.79
32,19,1,131.324,33.2614,80.9818,91.58,56.94
33,19,1,131.351,33.2272,80.9636,91.94,57.3
34,19,1,131.249,33.264,81.0105,92.17,57.53
35,19,1,131.332,33.3178,81.0884,92.6,57.65
36,19,1,131.283,33.2558,80.9867,92.8,56.76
37,19,1,131.301,33.1994,80.966,92.11,56
38,19,1,131.374,33.2282,80.9316,93.38,56.61
39,19,1,131.374,33.2276,80.9316,93.22,56.94
40,19,1,131.3,33.2468,80.9624,92.77,56.68
41,19,1,131.295,33.2393,80.9663,93.08,56.57
42,19,1,131.336,33.2438,80.9626,93.12,57.22
43,19,1,131.262,33.2211,80.9738,92.99,56.58
44,19,1,131.176,33.2547,80.9922,93.45,56.31
45,19,1,356.269,12.0529,23.6914,82.9,55.16
46,19,1,355.791,12.0587,24.3963,95.95,57.77
47,19,1,356.214,12.0675,23.8709,95.49,57.97
48,19,1,355.834,12.0389,24.3293,98.15,58.21
49,19,1,356.054,11.983,24.0188,96.08,58.44
50,19,1,355.88,12.0262,24.2855,97.44,58.74
51,19,1,355.975,11.9909,24.1401,95.99,59.17
52,19,1,356.054,11.9755,24.1024,96.49,59.28
53,19,1,356.015,11.9739,24.1535,95.17,59.09
54,19,1,355.939,11.9825,24.1787,96.07,58.73
55,19,1,356.205,11.99,23.9763,95.2,59.58
56,19,1,355.72,12.0427,24.3206,96.36,58.24
57,19,1,355.991,11.9775,24.1544,96.78,59.8
58,19,1,356.017,11.9746,24.1288,96.56,58.77
59,19,1,355.93,11.9733,24.228,96.48,58.82
60,19,1,355.706,11.9877,24.3968,95.53,59.23
61,19,1,355.85,12.0402,24.3092,97.61,59.14
62,19,1,355.491,12.0385,24.6766,96,58.95
63,19,1,355.861,12.0391,24.1381,95.26,59.08
64,19,1,355.89,11.9833,24.2337,94.61,59.78
65,19,1,355.652,11.9795,24.4983,88.63,59.99
66,19,1,355.763,12.0576,24.3758,97.2,58.39
67,19,1,355.654,12.0162,24.5016,96.79,58.61
68,19,1,355.672,11.9803,24.4827,97.48,58.74
69,19,1,355.759,11.9811,24.4291,93.86,59.73
70,19,1,355.662,11.9828,24.5056,95.1,59.25
71,19,1,355.671,11.9597,24.4347,95.79,58.4
72,19,1,355.775,12.042,24.2512,95.91,59.05
73,19,1,355.753,12.0623,24.3848,95.52,59.05
74,19,1,355.48,12.0055,24.6947,97.07,58.75
75,19,1,355.682,11.9895,24.3426,96.2,59.47
76,19,1,355.614,11.9922,24.5037,96.5,59.3
77,19,1,355.764,11.9926,24.329,95.35,59.33
78,19,1,355.67,12.0863,24.466,96.84,59.2
79,19,1,355.657,12.0724,24.46,94.3,58.7
80,19,1,355.549,11.972,24.5967,96.02,59.27
81,19,1,355.363,12.0268,24.7059,94.68,57.9
82,19,1,355.602,12.0714,24.4953,97.45,58.75
83,19,1,355.531,12.0813,24.5996,95.73,59.31
84,19,1,355.43,12.0515,24.6599,96.58,59.65
85,19,1,355.484,11.9878,24.6097,95.23,59.53
86,19,1,355.237,12.0602,24.8509,94.54,59.1
87,19,1,355.69,11.9643,24.4061,95.04,59.13
88,19,1,355.551,12.0293,24.5957,96.19,58.71
89,19,1,355.474,12.0342,24.5449,96.18,59.16
90,19,1,355.37,12.0901,24.7284,95.49,58.38
91,19,1,355.378,11.9847,24.7104,96.5,59
92,19,1,355.426,12.0166,24.6525,95.39,59.04
93,19,1,355.563,11.9647,24.4543,96.7,60.36
94,19,1,355.466,11.964,24.6418,95.34,59.83
95,19,1,355.143,12.0453,25.011,96.31,59.51
96,19,1,355.394,11.9542,24.7002,94.36,59.47
97,19,1,355.325,11.9783,24.7606,96.16,59.71
98,19,1,355.234,11.9976,24.823,96.77,58.96
99,19,1,355.341,12.0385,24.7804,97.37,59.33
100,19,1,355.289,11.9934,24.8549,94.51,58.8
101,19,1,355.167,11.9958,24.9125,95.59,56.33
102,19,0,0,0,0,0,55.02
103,19,1,128.134,39.3535,38.3424,92.85,55.13
104,19,1,128.076,39.3076,38.46,96.49,55.73
105,19,1,128.043,39.3314,38.4356,95.62,56.11
106,19,1,128.155,39.3187,38.3792,97.26,56.43
107,19,1,128.029,39.3535,38.3852,96.86,56.62
108,19,1,128.098,39.3628,38.3442,95.77,56.03
109,19,1,127.989,39.3486,38.4406,93.87,55.68
110,19,1,128.088,39.3052,38.4606,96.76,56.84
111,19,1,128.098,39.3311,38.3861,96.07,56.42
112,19,1,127.923,39.3466,38.4811,93.87,55.93
113,19,1,128.218,39.3284,38.2761,96.48,56.68
114,19,1,128.051,39.3365,38.3892,97.05,56.25
115,19,0,0,0,0,0,54.77
116,19,1,355.303,12.0028,24.8223,95.92,56.99
117,19,1,355.046,11.9925,25.0209,94.07,58.36
118,19,1,355.273,11.9899,24.8443,97.17,58.91
119,19,1,355.021,12.0652,25.1213,96.35,58.51
120,19,1,355.427,11.9874,24.6631,96.13,58.88
121,19,1,355.214,11.9906,24.8316,95.37,58.19
122,19,1,355.216,11.9798,24.9163,94.82,58.84
123,19,1,355.165,12.0327,24.9601,96.72,59.44
124,19,1,355.204,12.0295,24.7869,94.41,59.29
125,19,1,355.039,11.9805,25.0599,95.61,57.97
126,19,1,355.022,12.0807,25.0086,95.58,58.64
127,19,1,355.002,12.0519,25.0241,95.08,58.23
128,19,1,354.987,12.0566,25.2163,95.23,58.24
129,19,1,355.273,12.0281,24.7801,94.59,59.38
130,19,1,354.969,11.9749,25.1758,96.71,58.58
131,19,1,354.967,12.0542,25.0819,93.89,58.46
132,19,1,355.06,11.99,24.9787,93.23,58.65
133,19,1,355.112,12.0185,24.959,93.69,58.43
134,19,1,355.003,12.0019,25.0707,94.88,59.71
135,19,1,355,12.0019,25.019,95.7,59.27
136,19,1,355.064,11.9815,25.0627,93.47,58.13
137,19,1,355.018,12.1077,25.1328,96.25,59.07
138,19,1,354.982,11.9942,25.0716,95.89,59.04
139,19,1,355.003,12.069,25.0525,95.77,59.06
140,19,1,354.974,11.9694,25.1962,94.75,59.62
141,19,1,354.935,11.9874,25.0619,96.87,59.05
142,19,1,354.883,12.0676,25.2299,97.37,59.1
143,19,1,354.954,11.9763,25.2076,95.65,59.35
144,19,1,354.617,12.0638,25.4292,94.9,58.96
145,19,1,354.993,11.9658,25.1786,96.56,59.14
146,19,1,354.815,12.0066,25.2033,96.49,58.93
147,19,1,354.764,11.9824,25.2264,95.14,58.31
148,19,1,354.915,11.9905,25.1709,94.14,59.3
149,19,1,354.878,11.9993,25.1536,96.53,59.17
150,19,1,354.91,11.9825,25.1303,95.37,59.47
151,19,1,354.948,11.9956,25.0863,96.85,58.6
152,19,1,354.954,12.0177,25.0661,94.64,59.21
153,19,1,354.886,12.0756,25.1827,95.85,59
154,19,1,354.852,11.9978,25.2139,94.08,59.07
155,19,1,354.714,12.0291,25.4001,94.49,58.74
156,19,1,354.826,12.014,25.2548,95.82,59.31
157,19,1,354.877,12.0383,25.2162,94.81,59.79
158,19,1,354.465,12.0457,25.6328,94.52,58.72
159,19,1,354.829,11.9864,25.2855,97.03,58.76
160,19,1,354.661,11.9555,25.3453,94.28,55.99
161,19,1,236.883,41.629,12.1298,86.4,53.88
162,19,1,236.901,41.6599,12.1083,93.93,54.55
163,19,1,236.912,41.61,12.2234,91.86,54.14
164,19,1,236.963,41.6545,12.1537,94.37,53.4
165,19,0,0,0,0,0,54.23
166,19,0,0,0,0,0,54.62
167,19,1,354.503,11.9804,25.6233,95.91,57.29
168,19,1,354.59,12.0335,25.5549,95.31,58.7
169,19,1,354.734,11.9902,25.3978,95.25,58.61
170,19,1,354.508,11.9581,25.6056,96.48,58.28
171,19,1,354.311,12.0512,25.9303,93.24,57.24
172,19,1,354.507,12.0101,25.5552,87.09,55.94
173,19,0,0,0,0,0,54.51
174,19,1,237.04,41.7078,12.0988,83.56,54.31
175,19,1,236.832,41.6502,12.2191,91.04,53.82
176,19,1,236.88,41.6556,12.2099,95.78,55.53
177,19,1,236.882,41.6842,12.1115,94.53,55.04
178,19,1,236.915,41.6273,12.2216,95.14,54.49
179,19,1,236.779,41.6521,12.2231,94.49,55.3
180,19,1,236.922,41.6904,12.1329,93.68,55.97
181,19,1,236.875,41.6834,12.2086,91.8,55.37
182,19,1,236.938,41.6966,12.1139,91.63,54.92
183,19,1,236.809,41.6637,12.2325,93.62,55.29
184,19,1,236.812,41.6447,12.2384,94.9,54.42
185,19,1,236.816,41.671,12.2193,91.98,54.74
186,19,1,236.908,41.6703,12.1876,94.04,55.47
187,19,1,236.925,41.7086,12.1794,94.99,55.17
188,19,1,236.908,41.6928,12.154,93.01,54.72
189,19,1,236.939,41.7075,12.157,92.36,55.82
190,19,1,236.853,41.6856,12.1835,93.69,54.89
191,19,1,236.855,41.6759,12.2135,92.64,55.29
192,19,1,236.91,41.7152,12.0868,93.17,54.61
193,19,1,236.93,41.71,12.1704,95.28,54.62
194,19,1,236.939,41.7391,12.0578,93.03,55.52
195,19,1,237.015,41.6791,12.1647,93.1,54.95
196,19,1,236.991,41.7176,12.0422,85.43,53.17
197,19,0,0,0,0,0,54.82
198,19,1,353.967,12.0225,26.1433,87.99,55.97
199,19,1,354.156,12.0195,25.8434,93.59,55.81
200,19,1,61.1436,10.0239,58.2213,88.77,57.23
201,19,1,61.1633,10.0134,58.2419,82.94,58.78
202,19,1,61.137,9.97108,58.295,89.91,58.99
203,19,1,60.6768,9.97813,58.8109,90.77,58.45
204,19,1,60.5,10.0091,58.9699,90.36,55.98
205,19,0,0,0,0,0,54.27
206,19,0,0,0,0,0,53.14
207,19,0,0,0,0,0,54.23
208,19,1,282.621,30.9382,59.7613,83.3,53.78
209,19,0,0,0,0,0,54.68
210,19,1,221.751,33.9785,38.6401,96.11,55.77
211,19,1,222.022,33.9991,38.5087,92.34,57.68
212,19,1,221.925,33.9886,38.5695,96.17,57.49
213,19,1,221.922,34.01,38.5401,92.41,58.37
214,19,1,221.748,33.9998,38.5959,93.88,56.25
215,19,1,342.683,21.4758,66.8279,85.45,55.13
216,19,1,342.703,21.5032,66.8068,93.66,56.4
217,19,1,342.765,21.4991,66.7641,94.26,56.6
218,19,1,342.742,21.5416,66.7201,93.46,56.55
219,19,1,342.589,21.4681,66.8573,91.75,57.21
220,19,1,342.53,21.4138,66.9313,92.24,57.66
221,19,1,342.695,21.4352,66.6581,92.56,57.13
222,19,1,342.627,21.4509,66.7214,89.99,57.25
223,19,1,342.599,21.4203,66.7584,92.79,57.44
224,19,1,342.617,21.4093,66.7615,93.26,57.99
225,19,1,342.679,21.5212,66.6562,90.83,57.49
226,19,1,342.378,21.4265,67.1074,91.21,57.91
227,19,1,342.599,21.4896,66.8454,91.8,57.07
228,19,1,342.623,21.5879,66.8467,89.84,56.8
229,19,1,342.59,21.5417,66.8407,96.29,57.93
230,19,1,342.553,21.4242,66.8657,93.3,54.82
231,19,1,168.046,26.7431,23.9459,96.81,56.35
232,19,1,167.955,26.8337,23.9613,91.85,57.88
233,19,1,168.049,26.8601,23.8613,93.9,57.88
234,19,1,168.316,26.8881,23.6957,92.93,59.1
235,19,1,168.178,26.7699,23.9004,94.9,58.97
236,19,1,168.246,26.785,23.7925,92.75,59.18
237,19,1,168.113,26.8029,23.8931,95.27,57.84
238,19,1,167.946,26.7755,23.9815,94.62,57.4
239,19,1,168.104,26.7679,23.8986,95.91,58.92
240,19,1,168.124,26.7843,23.9005,95.14,58.55
241,19,1,168.261,26.8647,23.7283,92.04,58.59
242,19,1,168.273,26.9051,23.7231,92.98,59.38
243,19,1,168.123,26.8162,23.807,92.39,59.36
244,19,1,168.232,26.7796,23.8302,93.91,58.15
245,19,1,168.227,26.7684,23.7419,93.98,59.3
246,19,1,168.274,26.7722,23.7987,95.61,58.2
247,19,1,168.236,26.838,23.7637,91.18,59.24
248,19,1,168.276,26.8084,23.7774,93.32,58.9
249,19,1,168.305,26.8664,23.634,92.41,59.29
250,19,1,168.406,26.8734,23.5996,93.7,59.31
251,19,1,168.188,26.754,23.8048,94.19,58.93
252,19,1,168.377,26.8318,23.7194,94.14,53.25
253,19,1,168.322,26.8154,23.7873,79.89,38.4
254,19,0,0,0,0,0,34.91
255,19,0,0,0,0,0,34.98
0,20,1,61.0785,46.4242,36.942,40.6,36.86
1,20,0,0,0,0,0,37.39
2,20,2,15.0742,45.1978,66.0622,29.82,37.56
3,20,0,0,0,0,0,37.38
4,20,2,131.184,33.8062,81.0882,65.96,37.26
5,20,1,131.392,33.3065,80.9449,91.55,53.08
6,20,1,131.197,33.2413,81.0468,90.66,56.12
7,20,1,131.21,33.266,81.0613,93.42,55.97
8,20,1,131.361,33.2907,80.9885,94.14,56.07
9,20,1,131.271,33.2455,81.0327,94.93,56.31
10,20,1,131.334,33.2852,81.0241,93.61,57.39
11,20,1,131.193,33.2578,81.0562,93.07,57.26
12,20,1,131.284,33.2333,81.033,95.19,56.42
13,20,1,131.264,33.2569,81.0351,91.83,55.52
14,20,1,131.204,33.2739,81.0715,94.22,56.93
15,20,1,131.22,33.2761,81.026,91.25,57.05
16,20,1,131.221,33.2574,81.0432,93.04,55.94
17,20,1,131.169,33.2927,81.0754,92.23,56.85
18,20,1,131.193,33.3128,81.073,93.03,56.9
19,20,1,131.245,33.2785,81.0188,93.05,56.57
20,20,1,131.351,33.2597,80.9697,92.18,56.85
21,20,1,131.231,33.2898,81.0409,91.7,56.64
22,20,1,131.324,33.2648,81.0082,92.13,57.08
23,20,1,131.319,33.2345,80.9893,92.19,56.87
24,20,1,131.238,33.2754,81.0281,93.03,56.67
25,20,1,131.2,33.2435,81.0428,90.86,56.55
26,20,1,131.306,33.2211,80.9917,93.13,56.04
27,20,1,131.293,33.2606,80.9994,93.06,57.04
28,20,1,131.187,33.2406,81.0346,93.64,56.84
29,20,1,131.295,33.2468,81.0161,93.69,57.05
30,20,1,131.327,33.209,80.9854,92.92,56.44
31,20,1,131.33,33.2272,80.9751,93.16,56.53
32,20,1,131.296,33.2626,80.996,92.17,56.71
33,20,1,131.222,33.2605,80.9959,92.05,57.44
34,20,1,131.207,33.2315,81.0292,92.52,55.97
35,20,1,131.332,33.2403,80.9667,93.31,56.66
36,20,1,131.186,33.2383,81.0349,92.76,56.59
37,20,1,131.291,33.249,80.9746,93.22,57.67
38,20,1,131.33,33.2384,80.9655,92.43,56.62
39,20,1,131.343,33.227,80.9492,92.7,57.27
40,20,1,131.29,33.2383,80.9738,93.71,56.74
41,20,1,131.298,33.2193,80.9418,92.51,56.58
42,20,1,131.302,33.2513,80.9604,91.46,57.62
43,20,1,131.339,33.2253,80.9289,91.85,57.48
44,20,1,131.307,33.1528,80.9434,94.88,54.96
45,20,1,356.158,12.0138,23.9421,92.53,55.98
46,20,1,355.985,12.0815,24.1916,95.15,57.99
47,20,1,356.008,12.0096,24.1779,95.99,58.35
48,20,1,356.084,11.9881,24.0722,96.57,58.52
49,20,1,356.107,12.0531,23.9737,95.48,58.82
50,20,1,355.901,12.0478,24.3422,96.41,58.75
51,20,1,355.815,12.0067,24.337,96.88,58.03
52,20,1,355.958,11.987,24.1926,95.35,58.29
53,20,1,356.007,11.9876,24.2518,92.37,58.77
54,20,1,356.014,11.9736,24.1233,96.83,58.64
55,20,1,355.869,11.9688,24.3045,95.57,58.83
56,20,1,355.947,12.0354,24.123,96.2,58.83
57,20,1,355.855,12.0253,24.2511,95.41,58.12
58,20,1,355.822,11.985,24.3684,94.88,58.76
59,20,1,355.659,12.0082,24.4329,94.98,58.73
60,20,1,355.752,11.9964,24.4255,95.53,58.93
61,20,1,355.887,11.9937,24.214,96.16,58.94
62,20,1,355.83,11.9695,24.289,95.28,59.11
63,20,1,355.839,11.9891,24.2435,95.22,59.24
64,20,1,355.611,12.0607,24.5458,97.05,58.66
65,20,1,355.744,11.9718,24.3547,96.81,58.58
66,20,1,355.845,11.9799,24.2532,96.73,58.72
67,20,1,355.638,12.1064,24.547,98.04,59.13
68,20,1,355.798,11.9826,24.3552,95.3,59.19
69,20,1,355.681,11.9927,24.4213,97.32,58.95
70,20,1,355.702,12.0343,24.4643,97.56,58.53
71,20,1,355.659,11.9775,24.4769,96.53,58.78
72,20,1,355.681,12.0693,24.4904,97.53,59.11
73,20,1,355.567,12.0059,24.5503,96.32,59.17
74,20,1,355.786,12.0387,24.2994,96.07,59.24
75,20,1,355.725,11.9841,24.4006,96.3,58.56
76,20,1,355.685,12.0576,24.3462,96.96,59.43
77,20,1,355.618,12.0027,24.453,95.01,58.98
78,20,1,355.585,11.9978,24.5138,95.99,58.56
79,20,1,355.531,11.9982,24.5666,94.71,57.99
80,20,1,355.506,11.9848,24.6055,95.58,59.52
81,20,1,355.52,11.9693,24.6538,95.51,58.05
82,20,1,355.395,12.0033,24.7756,96.58,58.59
83,20,1,355.375,11.9874,24.7675,94.77,58.59
84,20,1,355.411,11.9861,24.6967,95.85,58.65
85,20,1,355.467,11.9484,24.7012,97.11,58.88
86,20,1,355.541,11.9838,24.501,95.44,59.53
87,20,1,355.383,12.0494,24.7709,97.92,59.53
88,20,1,355.536,12.0493,24.5757,96.52,58.65
89,20,1,355.433,12.1461,24.7238,97.81,58.75
90,20,1,355.52,12.0581,24.6094,95.24,60
91,20,1,355.616,11.9593,24.5557,95.09,59.14
92,20,1,355.516,11.9774,24.5371,95.49,59.36
93,20,1,355.212,12.0118,24.9338,94.04,58.66
94,20,1,355.32,12.0292,24.8393,96.97,59.16
95,20,1,355.338,12.0107,24.7744,94.83,58.87
96,20,1,355.398,11.9941,24.6073,96.04,58.7
97,20,1,355.481,11.9686,24.6313,90.28,59.37
98,20,1,355.289,11.9636,24.7955,95.11,58.84
99,20,1,355.423,11.9657,24.6982,98.07,59.36
100,20,1,355.076,11.9968,25.1172,96.54,57.49
101,20,0,0,0,0,0,54.84
102,20,1,128.03,39.3571,38.3894,95.83,55.21
103,20,1,128.071,39.3477,38.3925,95.98,56.29
104,20,1,128.114,39.3449,38.3664,96,55.91
105,20,1,128.079,39.3511,38.3809,96.24,56.86
106,20,1,128.168,39.3788,38.3056,95.4,57.24
107,20,1,128.176,39.3294,38.3506,96.76,55.93
108,20,1,128.151,39.3269,38.3646,95.6,56.86
109,20,1,128.146,39.3187,38.3644,94.87,56
110,20,1,128.094,39.323,38.3895,97.32,55.8
111,20,1,127.938,39.3633,38.4779,96.98,56.81
112,20,1,128.148,39.3619,38.353,96.83,56.48
113,20,1,128.013,39.353,38.3962,95.75,55.38
114,20,1,128.142,39.2996,38.337,87.57,54.84
115,20,0,0,0,0,0,55.34
116,20,1,355.223,11.9915,24.9198,93.92,57.78
117,20,1,355.083,12.018,25.0048,94.4,58.68
118,20,1,355.342,11.9693,24.849,93.18,58.62
119,20,1,355.358,11.9648,24.8296,92.76,58.61
120,20,1,355.361,11.9642,24.7215,95.24,59.06
121,20,1,355.245,11.9899,24.7821,95.58,58.82
122,20,1,355.185,11.9677,24.949,96.46,58.81
123,20,1,355.143,12.0471,24.8839,95.78,59.35
124,20,1,355.107,11.9962,25.0058,94.55,59.2
125,20,1,355.028,11.9896,25.0276,96.42,59.11
126,20,1,355.247,11.9895,24.7644,95.5,58.33
127,20,1,355.112,11.9955,24.9831,97.35,59.12
128,20,1,355.031,12.0631,25.0439,95.99,58.93
129,20,1,355.104,12.0052,24.9298,96.42,59.02
130,20,1,354.971,12.0043,25.1369,96.13,59.77
131,20,1,355.338,12.011,24.7507,95.2,59.08
132,20,1,355.107,11.9858,25.0069,94.48,59.28
133,20,1,354.932,11.9877,25.156,96.02,58.85
134,20,1,355.016,11.9948,24.9142,93.83,59.29
135,20,1,355.126,12.0119,24.9267,96.1,58.64
136,20,1,355.123,12.0559,24.9191,96.15,59.2
137,20,1,355.121,12.055,24.8674,94.76,58.77
138,20,1,354.919,12.0008,25.0788,94.67,58.84
139,20,1,354.942,11.9775,25.1302,96.91,59.22
140,20,1,355.055,12.0219,24.9797,95.26,58.82
141,20,1,355.063,12.0025,25.086,97.07,59.43
142,20,1,354.96,11.981,25.1847,94.26,60.24
143,20,1,354.9,12.0084,25.1469,95.75,59.65
144,20,1,354.999,12.0034,25.0924,96.14,59.18
145,20,1,355.126,12.0469,25.0327,96.81,59.28
146,20,1,354.866,11.9972,25.1831,95.56,59.12
147,20,1,354.842,12.0429,25.2685,96.64,59.05
148,20,1,354.959,11.9978,25.1121,95.42,59.36
149,20,1,355.053,11.9952,25.0563,95.69,58.9
150,20,1,355.022,12.0449,25.0415,94.99,59.51
151,20,1,354.949,12.0433,25.1475,97.12,58.6
152,20,1,355.042,11.9817,25.0037,96.14,59.81
153,20,1,354.992,11.9995,25.0396,95.61,59.92
154,20,1,354.955,12.0283,25.1423,94.16,59.44
155,20,1,354.929,11.9951,25.0457,94.05,58.69
156,20,1,354.702,12.0377,25.4414,95.43,58.44
157,20,1,354.666,11.9643,25.4752,93.76,59.39
158,20,1,354.592,12.0058,25.4933,96.07,57.86
159,20,1,354.439,12.0567,25.6813,93.87,55.82
160,20,0,0,0,0,0,53.72
161,20,1,236.92,41.6429,12.1997,94.77,54.18
162,20,1,236.892,41.6437,12.172,94.51,54.68
163,20,1,236.785,41.6071,12.2926,92.37,54.6
164,20,1,236.84,41.629,12.2428,94.21,54.22
165,20,1,236.848,41.6401,12.1984,94.69,53.83
166,20,1,236.982,41.6555,12.1715,82.57,53.74
167,20,0,0,0,0,0,55.31
168,20,0,0,0,0,0,55.59
169,20,1,354.541,11.9816,25.5164,94.22,57.52
170,20,1,354.673,12.0362,25.4038,95.38,57.68
171,20,0,0,0,0,0,55.45
172,20,1,236.857,41.6379,12.2091,89.39,54.15
173,20,1,236.854,41.6452,12.211,93.82,53.47
174,20,1,236.864,41.6642,12.234,94.74,54.32
175,20,1,236.931,41.6901,12.1211,94.89,55.77
176,20,1,236.866,41.6487,12.1508,95.63,55.02
177,20,1,236.957,41.6732,12.2005,93.7,56.14
178,20,1,236.99,41.7039,12.1107,92.8,55.27
179,20,1,236.973,41.677,12.1189,93.76,55.89
180,20,1,236.732,41.6537,12.2411,95.59,55.41
181,20,1,236.834,41.6421,12.224,94.67,55.03
182,20,1,236.829,41.6705,12.1981,94.92,54.65
183,20,1,236.853,41.655,12.1955,95.14,55.72
184,20,1,236.906,41.6937,12.0984,94.7,54.7
185,20,1,236.933,41.6854,12.1741,96.08,55.85
186,20,1,236.84,41.6893,12.1167,92.07,54.97
187,20,1,236.786,41.6529,12.2129,94.2,54.87
188,20,1,236.952,41.7128,12.1154,92.89,55.13
189,20,1,236.873,41.6999,12.1206,94.12,55.15
190,20,1,236.944,41.7149,12.0916,95.19,55.52
191,20,1,236.984,41.7212,12.0843,94.13,54.82
192,20,1,236.895,41.7043,12.1689,94.48,54.72
193,20,1,236.865,41.7034,12.1878,92.17,54.92
194,20,1,236.863,41.6967,12.1927,92.01,55.42
195,20,1,236.925,41.7203,12.0871,94.12,55.18
196,20,1,236.999,41.6848,12.1609,95.04,55.74
197,20,1,237.026,41.7225,12.0976,93.97,54.77
198,20,0,0,0,0,0,53.39
199,20,1,354.097,12.0279,26.0142,87.66,55.23
200,20,1,60.8278,10.0642,58.6039,84.11,55.69
201,20,1,61.1143,9.96844,58.368,90.02,57.79
202,20,1,61.0422,9.99547,58.3874,90.35,58.29
203,20,1,61.5043,9.98552,57.9449,83.14,59.29
204,20,1,61.0718,9.96575,58.4091,89.92,58.93
205,20,1,60.6938,10.0001,58.7577,86.22,56.94
206,20,0,0,0,0,0,55.43
207,20,1,59.7747,10.0382,59.6775,77.19,52.68
208,20,0,0,0,0,0,51.57
209,20,1,221.888,33.9912,38.6013,92.91,55.97
210,20,1,221.791,33.9949,38.632,93.41,56.96
211,20,1,221.895,33.9993,38.581,95.35,58.09
212,20,1,221.875,34.0162,38.6211,95.18,57.38
213,20,1,221.732,33.988,38.6368,95.09,56.67
214,20,1,221.973,34.0262,38.5424,92.71,56.98
215,20,0,0,0,0,0,54.17
216,20,1,342.587,21.4428,66.8303,92.97,56.48
217,20,1,342.669,21.437,66.7869,93.37,57.42
218,20,1,342.507,21.4362,66.96,95.09,57.84
219,20,1,342.709,21.4442,66.6618,89.49,57.62
220,20,1,342.698,21.5479,66.7805,92.2,57.48
221,20,1,342.761,21.5307,66.7821,93.44,56.97
222,20,1,342.664,21.4515,66.7351,93.68,57.69
223,20,1,342.746,21.5864,66.7825,94.23,57.5
224,20,1,342.545,21.4516,66.8331,93.45,57.58
225,20,1,342.722,21.5758,66.789,94.27,57.84
226,20,1,342.542,21.4407,66.8998,92.06,57.96
227,20,1,342.661,21.4882,66.6477,90.06,56.93
228,20,1,342.677,21.5868,66.7769,93.22,57.47
229,20,1,342.5,21.4784,66.9323,91.49,57.39
230,20,0,0,0,0,0,54.99
231,20,1,168.258,26.929,23.6523,91.68,57.58
232,20,1,168.165,26.8029,23.9229,93.81,58.27
233,20,1,168.058,26.7641,23.9309,93.92,58.17
234,20,1,168.089,26.7889,23.9469,95.19,58.48
235,20,1,168.23,26.8865,23.7528,94.46,58.93
236,20,1,168.131,26.8041,23.919,93.58,58.88
237,20,1,168.112,26.8672,23.8282,92.67,58.58
238,20,1,168.253,26.8685,23.7404,93.91,58.71
239,20,1,168.168,26.785,23.8662,95.14,58.75
240,20,1,168.181,26.7886,23.8498,94.48,59.13
241,20,1,168.253,26.8497,23.7,93.74,58.99
242,20,1,168.16,26.788,23.8782,94.88,58.43
243,20,1,168.235,26.8406,23.6976,92.69,59
244,20,1,168.23,26.7902,23.8568,97.95,59.68
245,20,1,168.18,26.7799,23.8741,95.77,58.41
246,20,1,168.352,26.8871,23.6898,92.98,59.48
247,20,1,168.155,26.7664,23.8514,93,59.07
248,20,1,168.191,26.8084,23.8404,94.61,58.42
249,20,1,168.275,26.8719,23.6836,90.06,58.14
250,20,1,168.187,26.7703,23.8143,95.39,58.91
251,20,1,168.23,26.785,23.8089,94.36,59.08
252,20,1,168.049,26.823,23.8266,90.96,53.67
253,20,0,0,0,0,0,38.14
254,20,0,0,0,0,0,35.14
255,20,0,0,0,0,0,35.34
0,21,0,0,0,0,0,36.92
1,21,0,0,0,0,0,37.38
2,21,0,0,0,0,0,37.82
3,21,0,0,0,0,0,36.9
4,21,2,130.365,32.7917,81.5799,59,36.76
5,21,1,131.345,33.2931,81.0084,93.67,53.79
6,21,1,131.294,33.2812,80.9848,93.23,56.65
7,21,1,131.409,33.2618,80.949,93.35,55.7
8,21,1,131.227,33.2473,81.0316,94.25,56.71
9,21,1,131.253,33.2819,81.0298,94.28,56.66
10,21,1,131.382,33.2373,80.9543,92.51,56.17
11,21,1,131.405,33.2659,80.9614,94.13,57.08
12,21,1,131.2,33.262,81.0476,92.69,56.65
13,21,1,131.294,33.2564,81.0176,93.66,56.4
14,21,1,131.219,33.272,81.0494,92.57,56.44
15,21,1,131.277,33.2965,81.0299,92.11,56.79
16,21,1,131.11,33.2906,81.1044,92.65,56.92
17,21,1,131.241,33.2588,81.0685,92.49,57.59
18,21,1,131.241,33.32,81.0956,91.65,56.29
19,21,1,131.345,33.258,80.9889,93.14,57.26
20,21,1,131.329,33.2636,81.0006,92.51,58.18
21,21,1,131.27,33.2505,81.0131,94.6,56.97
22,21,1,131.257,33.2578,81.0178,93.41,56.86
23,21,1,131.191,33.2713,81.0624,93.17,56.87
24,21,1,131.238,33.2617,81.0003,93.51,56.62
25,21,1,131.25,33.2378,81.0238,92.7,56.96
26,21,1,131.299,33.2762,80.9952,92.63,56.27
27,21,1,131.42,33.2231,80.95,90.67,56.82
28,21,1,131.208,33.3385,81.1106,92.74,57.44
29,21,1,131.149,33.2461,81.062,93.38,57.5
30,21,1,131.135,33.2583,81.0607,91.61,56.82
31,21,1,131.278,33.2826,81.0557,92.15,57.11
32,21,1,131.342,33.2262,80.9563,94.75,55.75
33,21,1,131.336,33.2492,80.9629,91.53,56.63
34,21,1,131.308,33.2302,80.9934,91.88,57.09
35,21,1,131.309,33.2448,80.9742,92.62,56.56
36,21,1,131.289,33.2397,80.9963,91.56,56.75
37,21,1,131.323,33.2457,80.9556,93.08,56.91
38,21,1,131.382,33.2382,80.923,92.36,56.49
39,21,1,131.318,33.2553,80.9386,92.37,57.18
40,21,1,131.312,33.2175,80.9586,92.81,57.15
41,21,1,131.318,33.1814,80.964,92.82,55.17
42,21,1,131.303,33.2373,80.9764,92.99,57.04
43,21,1,131.391,33.2037,80.8817,94.34,55.22
44,21,0,0,0,0,0,52
45,21,1,356.193,12.0035,23.8731,93.36,55.89
46,21,1,355.947,11.9908,24.1547,94.28,58.25
47,21,1,355.885,12.0175,24.1633,95.87,57.73
48,21,1,356.076,11.979,24.1587,95.36,59.41
49,21,1,356.159,11.9935,23.9938,97.18,58.76
50,21,1,355.92,11.9764,24.2023,94.59,59.3
51,21,1,356.048,11.9708,24.0958,93.94,58.04
52,21,1,355.809,12.0055,24.3069,94.95,58.68
53,21,1,356.072,11.9803,24.0308,96.81,58.44
54,21,1,355.892,12.0651,24.1937,95.91,59.67
55,21,1,355.758,12.0316,24.4217,96.56,58.7
56,21,1,355.815,12.0451,24.2181,95.62,58.39
57,21,1,355.783,11.9862,24.3411,95.34,58.21
58,21,1,355.847,11.9786,24.2721,96.84,58.99
59,21,1,355.815,11.9902,24.3289,97.07,59.4
60,21,1,355.993,11.9869,24.109,96.69,59.67
61,21,1,355.816,11.9863,24.3461,98.05,59.3
62,21,1,355.756,11.9674,24.3556,95.31,59.23
63,21,1,355.896,11.9684,24.2685,97.07,58.31
64,21,1,355.82,11.966,24.3219,96.62,58.53
65,21,1,355.678,12.0152,24.4025,96.16,59.47
66,21,1,355.684,11.992,24.4012,96.51,59.66
67,21,1,355.784,11.9699,24.327,95.53,59.24
68,21,1,355.681,11.989,24.4566,96.63,58.81
69,21,1,355.648,11.9871,24.4881,95.69,58.94
70,21,1,355.54,12.0258,24.6321,98.88,58.14
71,21,1,355.635,11.9565,24.5246,95.28,59.33
72,21,1,355.67,11.9879,24.5014,96.76,58.77
73,21,1,355.542,12.0783,24.6173,96.92,58.56
74,21,1,355.805,12.0523,24.2375,96.37,59.22
75,21,1,355.554,11.9925,24.5792,95.69,59.01
76,21,1,355.677,12.0484,24.4102,96.72,58.91
77,21,1,355.609,11.9743,24.5913,95.5,60.07
78,21,1,355.339,12.0743,24.864,95.39,58.45
79,21,1,355.56,11.998,24.5019,96.13,59.08
80,21,1,355.562,11.9815,24.5696,97.38,59.64
81,21,1,355.573,12.0117,24.5623,97.8,59.28
82,21,1,355.543,11.9639,24.5869,95.32,59.2
83,21,1,355.695,11.9536,24.4564,96.45,59.48
84,21,1,355.656,11.9817,24.5114,96.22,59.37
85,21,1,355.476,11.979,24.6515,94.45,59.64
86,21,1,355.482,12.0555,24.557,97.23,59.45
87,21,1,355.617,11.9846,24.4821,95.2,59.68
88,21,1,355.424,11.9998,24.5779,95.21,58.43
89,21,1,355.347,12.0699,24.7663,95.25,58.64
90,21,1,355.626,11.9844,24.4436,95.61,59.84
91,21,1,355.579,11.9743,24.5414,96.71,59.7
92,21,1,355.244,11.9777,24.9082,95.83,58.8
93,21,1,355.415,11.9652,24.6978,93.08,58.31
94,21,1,355.389,11.9898,24.6824,95.02,59.96
95,21,1,355.353,11.9824,24.7165,96.4,58.93
96,21,1,355.304,11.9732,24.816,97.21,59.25
97,21,1,355.257,12.013,24.9089,96.97,58.39
98,21,1,355.378,11.9714,24.7756,95.39,60.41
99,21,1,355.317,11.9906,24.751,95.27,58.53
100,21,0,0,0,0,0,55.67
101,21,1,128.023,39.345,38.4021,87.68,54.32
102,21,1,128.069,39.3468,38.4074,96.37,57.17
103,21,1,127.994,39.34,38.3771,96.38,56.18
104,21,1,128.014,39.331,38.4423,96.03,56.73
105,21,1,128.172,39.3107,38.4474,97.23,57.03
106,21,1,128.02,39.3754,38.3957,96.21,56.14
107,21,1,128.066,39.3644,38.3785,95.23,56.16
108,21,1,128.135,39.3816,38.329,95.52,56.67
109,21,1,128.102,39.3703,38.3397,95.09,56.35
110,21,1,128.209,39.3512,38.2995,98.12,56.5
111,21,1,128.083,39.3511,38.3749,93.32,56.27
112,21,1,128.022,39.3396,38.4703,94.43,55.99
113,21,1,127.978,39.3085,38.4668,95.26,55.76
114,21,0,0,0,0,0,54.61
115,21,1,355.404,12.058,24.6667,96.57,58.74
116,21,1,355.182,12.0142,24.9279,95.32,58.12
117,21,1,355.2,12.0562,24.9412,96.1,58.91
118,21,1,355.198,12.1126,24.9574,97.04,59.97
119,21,1,355.224,12.0556,24.7679,94.88,59.29
120,21,1,355.165,12.0274,25.0843,96.67,59.57
121,21,1,355.11,12.0514,25.0334,95.73,58.19
122,21,1,355.139,12.1288,24.8453,95.72,58.8
123,21,1,355.145,11.9799,24.9678,94.8,58.72
124,21,1,355.348,11.966,24.7532,94.34,59.06
125,21,1,355.234,12.0298,24.8748,97.19,59.33
126,21,1,355.017,12.0478,25.1326,96.16,59.06
127,21,1,354.986,11.9956,25.0322,94.72,58.6
128,21,1,355.032,12.0566,25.0295,98.21,58.89
129,21,1,355.083,11.9867,24.8846,95.82,58.5
130,21,1,354.96,12.0567,25.1541,97.09,59.83
131,21,1,355.092,12.0656,24.9485,95.77,59.07
132,21,1,355.004,12.009,25.1338,96.22,58.98
133,21,1,355.202,11.9883,24.784,94.35,59.46
134,21,1,355.184,12.0039,24.7766,95.97,58.41
135,21,1,355.043,12.0211,25.0393,96.11,58.5
136,21,1,354.983,11.9674,25.0235,94.98,58.5
137,21,1,354.999,11.9941,25.0195,95.72,58.7
138,21,1,354.984,12.1105,25.1805,98.08,59.11
139,21,1,355.014,12.0107,25.0894,95.86,59.05
140,21,1,355.109,12.022,24.9408,95.15,58.62
141,21,1,354.993,11.9863,25.1144,94.79,59.12
142,21,1,355.033,12.0395,25.0675,96.99,59.45
143,21,1,354.865,11.9999,25.2774,95.07,59.25
144,21,1,354.937,11.9997,25.2078,93.61,58.87
145,21,1,354.863,11.9915,25.1899,94.84,59.61
146,21,1,354.899,11.9898,25.1681,94.71,58.77
147,21,1,355.025,12.063,25.0406,96.14,58.7
148,21,1,355.067,11.9952,24.9792,94.51,59.79
149,21,1,355.101,11.9806,24.9168,95.85,58.87
150,21,1,354.818,12.0162,25.1996,94.67,58.61
151,21,1,354.806,11.9758,25.3155,95.21,58.76
152,21,1,355.064,11.9974,25.0662,96.2,59.5
153,21,1,354.965,12.0973,25.108,96.61,60.15
154,21,1,354.86,11.9989,25.2064,97.15,59.12
155,21,1,354.821,11.9824,25.2484,94.83,59.8
156,21,1,354.82,12.0016,25.2421,93.94,58.75
157,21,1,354.742,11.9973,25.2629,97.41,58.27
158,21,1,354.454,12.049,25.719,92.83,55.72
159,21,0,0,0,0,0,54.58
160,21,1,236.876,41.6072,12.2498,95.67,54.18
161,21,1,236.855,41.6344,12.175,95.29,53.98
162,21,1,236.849,41.6419,12.1811,95.3,54.68
163,21,1,236.875,41.5858,12.2671,92.67,55
164,21,1,236.794,41.6388,12.2534,93.94,55.24
165,21,1,236.889,41.6663,12.222,92.32,54.94
166,21,1,236.841,41.6523,12.2446,93.43,54.81
167,21,1,236.976,41.6573,12.1392,94.2,55.16
168,21,1,236.951,41.6719,12.1168,86.91,53.51
169,21,0,0,0,0,0,54.93
170,21,0,0,0,0,0,54.53
171,21,1,236.964,41.6548,12.1339,84.52,54.95
172,21,1,236.982,41.687,12.1829,94.8,54.97
173,21,1,236.957,41.69,12.1666,93.11,54.9
174,21,1,236.854,41.6636,12.1419,93.33,54.67
175,21,1,236.849,41.6387,12.2094,96.26,55.36
176,21,1,236.866,41.6607,12.2033,93.83,55.65
177,21,1,236.893,41.6627,12.2461,93.84,55.05
178,21,1,236.848,41.6533,12.2362,92.66,56.12
179,21,1,236.885,41.6324,12.2099,95.34,55.46
180,21,1,236.94,41.6919,12.1348,94.44,55.39
181,21,1,236.891,41.6988,12.2063,93.15,54.83
182,21,1,236.911,41.6823,12.2158,94.61,56.18
183,21,1,236.826,41.6763,12.2304,92.6,55.6
184,21,1,236.886,41.6996,12.1273,95.96,54.42
185,21,1,236.828,41.664,12.2182,92.89,55.5
186,21,1,236.846,41.6756,12.1414,93.3,55.26
187,21,1,236.944,41.6735,12.1891,92.81,54.59
188,21,1,236.944,41.7096,12.1202,93.48,54.85
189,21,1,236.908,41.6814,12.1318,92.97,56.15
190,21,1,236.876,41.6948,12.2311,92.63,54.99
191,21,1,236.924,41.681,12.1942,92.53,55.28
192,21,1,236.973,41.7145,12.0785,92.33,54.64
193,21,1,236.879,41.6298,12.1924,93.85,55.55
194,21,1,236.889,41.7121,12.1765,92.54,55.79
195,21,1,236.915,41.7151,12.0826,94.84,55.77
196,21,1,236.815,41.69,12.2127,94.97,55.66
197,21,1,237.029,41.7168,12.1559,94.73,56.05
198,21,1,236.94,41.7123,12.1535,92.83,55.01
199,21,1,237.014,41.743,12.0627,83.15,52.4
200,21,0,0,0,0,0,52.44
201,21,1,61.2053,10.0529,58.1466,82.03,55.24
202,21,1,60.8986,10.0268,58.5219,82.43,57.94
203,21,1,61.1247,10.0129,58.2273,89.2,59.06
204,21,1,60.7696,9.98918,58.6844,92.78,58.73
205,21,1,61.1492,9.97907,58.2769,90.26,58.88
206,21,1,60.9532,9.98254,58.4908,89.58,58.92
207,21,1,60.9344,9.97917,58.5119,85.05,56.86
208,21,0,0,0,0,0,53.62
209,21,1,221.771,33.9879,38.6472,94.74,56.21
210,21,1,221.789,34.0025,38.6323,92.97,56.73
211,21,1,221.761,33.9785,38.6254,92.77,58.06
212,21,1,222.278,33.733,38.1158,88.23,57.87
213,21,1,221.943,33.996,38.5154,93.15,58.33
214,21,1,221.927,34.011,38.5584,94.3,58.15
215,21,1,221.952,34.0404,38.5671,85.88,54.18
216,21,1,342.68,21.4919,66.7776,91.45,55.51
217,21,1,342.807,21.5125,66.7585,92.65,56.92
218,21,1,342.688,21.4664,66.7463,90.99,56.71
219,21,1,342.721,21.5359,66.7842,93.78,57.41
220,21,1,342.677,21.4771,66.7777,91.33,57.95
221,21,1,342.697,21.5218,66.7732,95.53,57.12
222,21,1,342.757,21.51,66.6918,94.29,57.8
223,21,1,342.704,21.4642,66.8237,91.94,58.06
224,21,1,342.585,21.4703,66.8113,93.31,57
225,21,1,342.555,21.4255,66.7948,91.59,57.53
226,21,1,342.586,21.4671,66.7888,89.85,57.03
227,21,1,342.668,21.5177,66.813,94.18,57.31
228,21,1,342.482,21.4281,66.9451,84.96,58.12
229,21,1,342.568,21.5557,66.8678,93.21,56.01
230,21,1,168.091,26.805,23.9133,87.97,55.26
231,21,1,168.097,26.7681,23.9323,94.2,56.91
232,21,1,168.296,26.8905,23.7584,91.79,58.1
233,21,1,168.214,26.7794,23.8374,96.17,58.41
234,21,1,168.148,26.8838,23.7815,90.3,58.76
235,21,1,168.179,26.8982,23.7672,93.23,58.11
236,21,1,168.14,26.8028,23.9007,94.84,58.47
237,21,1,168.193,26.8064,23.8866,94.43,59.17
238,21,1,168.165,26.7962,23.8722,95.28,58.68
239,21,1,168.204,26.7991,23.8396,94.11,59.15
240,21,1,168.179,26.8274,23.8134,92.17,59.25
241,21,1,168.103,26.767,23.896,94.4,58.88
242,21,1,168.057,26.8374,23.8477,92.16,58.45
243,21,1,168.104,26.7897,23.9018,95.66,58.89
244,21,1,168.129,26.779,23.8676,94.05,58.6
245,21,1,168.163,26.7731,23.8465,94.49,58.45
246,21,1,168.258,26.7678,23.7935,93.6,58.74
247,21,1,168.15,26.8887,23.7957,91.83,59.68
248,21,1,168.199,26.8034,23.6978,92.54,59.04
249,21,1,168.267,26.8634,23.6936,91.13,59.37
250,21,1,168.148,26.7856,23.8678,93.51,58.62
251,21,1,168.176,26.7577,23.8261,95.62,58
252,21,1,168.137,26.8502,23.7031,90.99,54.54
253,21,0,0,0,0,0,38.3
254,21,0,0,0,0,0,34.06
255,21,0,0,0,0,0,34.63
0,22,0,0,0,0,0,37.02
1,22,0,0,0,0,0,37.61
2,22,2,192.013,44.7371,65.2435,43.81,38.06
3,22,0,0,0,0,0,37.04
4,22,0,0,0,0,0,36.84
5,22,1,131.323,33.3247,80.9349,89.18,52.99
6,22,1,131.249,33.2832,81.036,90.81,55.59
7,22,1,131.221,33.2545,81.0682,93.3,55.78
8,22,1,131.321,33.2689,80.9963,95.42,56.55
9,22,1,131.382,33.2558,80.9856,93.59,55.33
10,22,1,131.317,33.2873,81.0061,94.45,56.63
11,22,1,131.2,33.243,81.0419,92.83,56.28
12,22,1,131.203,33.2696,81.0448,92.62,56.23
13,22,1,131.336,33.2716,80.9931,92.41,57.64
14,22,1,131.317,33.2826,81.0221,92.31,56.94
15,22,1,131.172,33.288,81.0694,93.38,56.74
16,22,1,131.386,33.2705,81,94.26,57.17
17,22,1,131.272,33.2454,81.0192,92.94,56.86
18,22,1,131.25,33.2604,81.0562,91.01,57.55
19,22,1,131.229,33.2584,81.0589,91.29,56.6
20,22,1,131.177,33.2577,81.0522,90.81,57.07
21,22,1,131.301,33.27,81.0166,94.02,56.68
22,22,1,131.208,33.2481,81.0591,92.71,55.86
23,22,1,131.325,33.2404,80.9858,92.86,57.55
24,22,1,131.309,33.2556,81.0232,90.64,56.45
25,22,1,131.275,33.2672,81,93.58,57.13
26,22,1,131.339,33.2371,81.0024,92.56,56.53
27,22,1,131.3,33.2125,80.9981,94.3,56.46
28,22,1,131.328,33.2653,81.0031,93.97,56.84
29,22,1,131.377,33.2513,80.9572,92.72,57.33
30,22,1,131.306,33.2119,80.9896,93.35,56.5
31,22,1,131.426,33.2376,80.9455,93.75,56.53
32,22,1,131.296,33.3003,81.0637,91.74,56.35
33,22,1,131.31,33.2255,80.9764,95.04,56.2
34,22,1,131.388,33.2353,80.9384,93.47,56.63
35,22,1,131.26,33.2267,80.9811,94.25,56.97
36,22,1,131.232,33.2364,80.9966,93.29,57.89
37,22,1,131.323,33.25,80.9556,93.73,57.61
38,22,1,131.253,33.2325,80.99,92.12,56.15
39,22,1,131.388,33.2446,80.9156,93.97,57.28
40,22,1,131.35,33.2294,80.9388,92.27,57.41
41,22,1,131.239,33.2411,80.9889,92.93,56.39
42,22,1,131.281,33.2379,80.9778,92.62,56.36
43,22,1,131.37,33.1605,80.9698,94.68,53.29
44,22,0,0,0,0,0,51.32
45,22,1,355.986,11.9882,24.0539,95.76,55.48
46,22,1,355.981,11.9834,24.1482,94.38,57.77
47,22,1,356.064,11.9913,24.0879,92.99,58.6
48,22,1,356.025,11.9976,24.0396,96.68,58.24
49,22,1,356.048,11.9568,24.2154,93.26,58.91
50,22,1,356.048,11.9857,24.0349,96,58.78
51,22,1,355.845,11.9761,24.3993,95.45,59.04
52,22,1,355.639,12.0413,24.4633,94.8,57.79
53,22,1,356.069,11.986,24.0215,97.17,59.14
54,22,1,355.783,12.0258,24.415,94.68,58.78
55,22,1,355.918,11.9827,24.1767,95.64,59.09
56,22,1,355.772,11.9651,24.3629,94.6,59.07
57,22,1,355.811,12.0159,24.3517,95.81,58.3
58,22,1,355.713,12.0707,24.3795,95.2,59.22
59,22,1,355.715,12.0886,24.4325,95.43,59.2
60,22,1,355.624,12.0662,24.4112,94.09,58.47
61,22,1,355.718,12.0249,24.4777,95.68,59.52
62,22,1,355.791,11.9623,24.3702,94.47,58.03
63,22,1,355.679,11.9768,24.5292,95.27,59.74
64,22,1,355.772,11.9815,24.3158,96.07,59.52
65,22,1,355.735,11.9965,24.4037,96.04,58.97
66,22,1,355.823,11.9658,24.4576,94.17,59.29
67,22,1,355.819,11.9916,24.2623,95.44,58.97
68,22,1,355.935,12.0359,24.2542,96.12,59.1
69,22,1,355.594,12.028,24.5265,95.91,59.52
70,22,1,355.673,12.1085,24.5094,96.79,58.31
71,22,1,355.688,11.9851,24.5091,96.29,58.35
72,22,1,355.474,12.0001,24.6814,95.93,58.55
73,22,1,355.496,11.9831,24.5977,97.31,59.5
74,22,1,355.701,12.0161,24.5098,94.54,58.73
75,22,1,355.641,11.9906,24.4367,95.86,59.61
76,22,1,355.664,12.0066,24.4025,95.36,59.02
77,22,1,355.732,11.9788,24.4369,97.11,59
78,22,1,355.639,11.9726,24.5275,96.82,58.65
79,22,1,355.722,12.0229,24.3465,97.02,59.18
80,22,1,355.594,11.979,24.5884,94.7,59.69
81,22,1,355.627,11.9756,24.4856,94.89,59.06
82,22,1,355.57,11.9865,24.5446,95.26,58.95
83,22,1,355.407,12.0727,24.66,94.94,59.14
84,22,1,355.448,12.1331,24.6436,95.9,59.75
85,22,1,355.501,11.9915,24.6471,97.35,58.64
86,22,1,355.533,11.9829,24.5949,95.8,59.1
87,22,1,355.681,12.0517,24.5288,95.96,58.33
88,22,1,355.611,11.9788,24.5763,94.3,59.41
89,22,1,355.444,11.9881,24.6721,95.81,59.02
90,22,1,355.534,12.0141,24.5467,97.41,58.72
91,22,1,355.693,11.9956,24.4151,97.11,58.76
92,22,1,355.541,12.0101,24.5211,94.65,58.83
93,22,1,355.414,11.9981,24.7448,95.88,59.26
94,22,1,355.523,12.0367,24.6174,97.01,59.3
95,22,1,355.458,11.9898,24.6316,95.12,59.24
96,22,1,355.349,11.9922,24.8082,94.45,59.08
97,22,1,355.373,11.9971,24.7319,94.23,58.99
98,22,1,355.314,11.9814,24.7882,95.67,58.94
99,22,1,355.174,11.9994,25.0237,95.54,56.9
100,22,0,0,0,0,0,55.07
101,22,1,128.024,39.3648,38.4101,97.28,54.47
102,22,1,128.105,39.368,38.3212,96.81,56.97
103,22,1,128.05,39.3573,38.3748,95.08,56.92
104,22,1,127.995,39.3637,38.4381,92.28,55.96
105,22,1,128.108,39.36,38.3431,94.83,56.79
106,22,1,128.096,39.3918,38.3281,95.56,56.04
107,22,1,128.062,39.375,38.3464,95.92,56.57
108,22,1,128.044,39.3815,38.3907,95.03,57.13
109,22,1,127.995,39.3786,38.4069,95.33,55.85
110,22,1,128.123,39.3688,38.343,96.83,56.65
111,22,1,128.076,39.3468,38.3731,95.79,57.5
112,22,1,128.081,39.3318,38.4351,94.41,55.09
113,22,0,0,0,0,0,55.12
114,22,0,0,0,0,0,55.88
115,22,1,355.241,11.9671,24.8659,96.26,57.84
116,22,1,355.061,12.023,25.0782,96.89,59.33
117,22,1,355.331,12.0548,24.7365,97.19,59.02
118,22,1,355.263,12.007,24.8044,96.08,59.46
119,22,1,355.196,11.9747,24.8644,95.58,58.64
120,22,1,355.151,11.9732,24.9261,96.58,59.05
121,22,1,355.073,11.9658,24.9119,95.61,58.2
122,22,1,355.068,12.0269,25.0153,96.61,59.85
123,22,1,355.147,12.0974,24.9961,96.86,58.9
124,22,1,355.175,11.9716,24.9026,95.3,58.57
125,22,1,355.162,11.9918,24.8456,94.97,59.48
126,22,1,355.18,12.009,24.945,95.42,59.01
127,22,1,355.276,12.0398,24.7806,96.98,59.66
128,22,1,355.043,12.0568,25.0184,96.44,59.47
129,22,1,355.088,11.9789,25.0403,95.67,59.39
130,22,1,355.016,12.0827,25.056,95.89,59.13
131,22,1,355.068,12.0456,25.0544,97.62,59.64
132,22,1,354.929,12.0005,25.1723,97.06,58.34
133,22,1,355.131,11.9919,24.8466,94.41,58.68
134,22,1,355.118,12.0546,24.862,96.35,59.39
135,22,1,355.123,11.995,24.8815,95.29,59.11
136,22,1,355.049,12.065,24.9541,95.15,58.72
137,22,1,355.14,11.99,24.9027,94.06,59.85
138,22,1,355.033,11.964,25.0861,94.23,59.64
139,22,1,355.083,12.0205,24.9026,96.75,59.56
140,22,1,355.003,11.9873,25.0155,95.48,59.5
141,22,1,354.966,11.9776,25.0934,95.26,59.46
142,22,1,355.029,11.9934,25.0428,96.72,59.19
143,22,1,354.947,12.0457,25.1055,95.5,59.97
144,22,1,355.044,12.0667,24.9595,95.16,59.72
145,22,1,354.946,11.9865,25.1097,94.58,59.1
146,22,1,355.072,12.0918,25.0042,94.11,58.73
147,22,1,354.724,12.0556,25.3307,95.93,59.34
148,22,1,354.861,12.0837,25.3114,95.98,60
149,22,1,354.838,12.1139,25.235,95.1,59.74
150,22,1,354.819,12.0086,25.2614,93.75,59.26
151,22,1,354.937,11.995,25.0996,96.14,59.39
152,22,1,354.931,12.0078,25.1518,94.11,59.58
153,22,1,354.99,12.0472,25.1724,96.42,59.85
154,22,1,354.849,11.9918,25.0914,95.71,59.07
155,22,1,354.857,11.9807,25.2794,96.95,59.74
156,22,1,354.73,12.0176,25.3141,94.54,58.15
157,22,1,354.851,11.9864,25.2274,95.32,58.25
158,22,0,0,0,0,0,54.79
159,22,1,236.849,41.6242,12.2045,93.56,54.51
160,22,1,236.861,41.6279,12.253,92.99,54.99
161,22,1,236.843,41.6309,12.2198,95.76,54.8
162,22,1,236.97,41.639,12.1646,95.52,54.1
163,22,1,236.89,41.6506,12.1402,94.47,54.85
164,22,1,236.838,41.6314,12.1806,93.19,54.86
165,22,1,236.86,41.6631,12.1428,94.62,54.46
166,22,1,236.896,41.6542,12.1609,94.69,54.29
167,22,1,236.826,41.6362,12.1856,93.23,55.23
168,22,1,236.875,41.6783,12.1131,93.84,53.75
169,22,1,236.896,41.6679,12.1988,94.27,53.98
170,22,1,236.897,41.6467,12.2066,94.59,53.65
171,22,1,236.861,41.6546,12.2423,93.84,54.63
172,22,1,236.852,41.674,12.2182,94.93,55.43
173,22,1,236.786,41.6124,12.2422,94.43,55.29
174,22,1,236.974,41.6927,12.166,94.38,54.94
175,22,1,236.867,41.667,12.1954,94.46,55.17
176,22,1,236.899,41.6784,12.2007,92.28,55.58
177,22,1,236.903,41.6757,12.1884,93.18,54.49
178,22,1,236.912,41.6754,12.1268,95.59,55.37
179,22,1,236.87,41.6815,12.2159,93.22,55.22
180,22,1,236.926,41.6423,12.221,94.28,56.02
181,22,1,236.809,41.6516,12.2379,94.05,55.14
182,22,1,236.807,41.672,12.2027,92.76,55.09
183,22,1,236.764,41.6617,12.2446,93.63,55.53
184,22,1,236.88,41.6745,12.2086,92.31,55.5
185,22,1,236.854,41.6889,12.2106,93.03,55.21
186,22,1,236.889,41.6857,12.128,93.55,55.24
187,22,1,236.804,41.6728,12.2359,92.64,55.44
188,22,1,236.945,41.694,12.1845,96.07,54.61
189,22,1,236.924,41.7053,12.1823,92.57,55.28
190,22,1,237.035,41.7259,12.0918,93.07,54.21
191,22,1,236.901,41.6928,12.1663,93.36,55.36
192,22,1,236.95,41.7256,12.1608,93.12,55
193,22,1,236.912,41.7182,12.1654,91.95,54.66
194,22,1,236.958,41.7279,12.1773,96.18,54.86
195,22,1,236.856,41.6901,12.124,93.38,55.33
196,22,1,236.948,41.7168,12.0886,94.46,55.13
197,22,1,236.842,41.6858,12.2298,92.08,55.92
198,22,1,236.921,41.6519,12.206,93.05,55.25
199,22,1,236.896,41.7121,12.1917,92.19,53.98
200,22,1,236.931,41.7244,12.1244,92.28,52.09
201,22,0,0,0,0,0,53.15
202,22,2,60.7906,10.0704,58.4991,63.18,54.33
203,22,1,61.1981,9.99048,58.2718,90.19,58.25
204,22,1,60.6127,10.0307,58.6851,88.71,58.82
205,22,1,60.9576,9.95868,58.5441,92.35,59.85
206,22,1,60.7081,9.97113,58.7958,91.56,59.67
207,22,1,60.7224,9.96702,58.7234,90.61,59.63
208,22,0,0,0,0,0,54.89
209,22,1,221.713,33.9813,38.667,94.57,56.89
210,22,1,221.835,33.9947,38.5878,92.32,57.03
211,22,1,221.721,33.9715,38.6591,94.38,57.36
212,22,1,221.904,34.0066,38.5672,94.71,58.45
213,22,1,221.904,34.0024,38.5704,94.78,58.47
214,22,1,221.827,34.017,38.599,93.66,57.45
215,22,1,221.845,33.9804,38.5472,90.5,55.39
216,22,1,342.815,21.4762,66.8333,90.92,54.9
217,22,1,342.66,21.5212,66.8645,93.21,56.59
218,22,1,342.535,21.405,66.9046,91.64,57.51
219,22,1,342.61,21.5267,66.8566,93.53,56.15
220,22,1,342.688,21.5135,66.7641,95.26,56.65
221,22,1,342.727,21.4951,66.7853,93.6,57.49
222,22,1,342.747,21.5172,66.6999,94.16,56.76
223,22,1,342.644,21.4581,66.8291,92.81,57.65
224,22,1,342.769,21.576,66.7805,96.37,57.08
225,22,1,342.722,21.568,66.7543,93.92,57.77
226,22,1,342.657,21.5254,66.9195,95.74,57.72
227,22,1,342.646,21.5194,66.8243,93.9,56.6
228,22,1,342.646,21.5098,66.7075,90.24,57.3
229,22,1,342.525,21.4212,66.9296,92.54,56.05
230,22,1,168.123,26.7689,23.9584,87.93,56.67
231,22,1,168.067,26.865,23.8832,93.44,58.28
232,22,1,168.122,26.8271,23.9603,94.8,58.23
233,22,1,168.102,26.7875,23.9291,95.94,58.17
234,22,1,168.233,26.868,23.7722,93.35,59.04
235,22,1,168.206,26.858,23.8026,92.87,58.38
236,22,1,168.145,26.7844,23.8963,94.72,58.61
237,22,1,168.165,26.8068,23.8998,96.99,58.21
238,22,1,168.149,26.8031,23.9203,93.89,58.83
239,22,1,168.108,26.7863,23.8971,95.73,58.18
240,22,1,168.125,26.8589,23.8132,93.42,58.86
241,22,1,168.21,26.8579,23.7499,94.53,59.09
242,22,1,168.126,26.7769,23.8955,94.31,59.15
243,22,1,168.151,26.7917,23.8659,94.84,58.19
244,22,1,168.174,26.7678,23.8515,95.38,58.7
245,22,1,168.253,26.7501,23.7577,97,59.25
246,22,1,168.273,26.7902,23.7782,94.28,59.22
247,22,1,168.209,26.7744,23.8107,94.96,57.81
248,22,1,168.182,26.7911,23.8247,95.08,58.39
249,22,1,168.199,26.7911,23.8271,91.86,59.09
250,22,1,168.306,26.8916,23.6983,93.85,59.14
251,22,1,168.229,26.7673,23.8325,92.87,59.28
252,22,1,168.379,26.7919,23.6788,94.16,53.12
253,22,0,0,0,0,0,37.64
254,22,0,0,0,0,0,35.42
255,22,0,0,0,0,0,35.26
0,23,0,0,0,0,0,36.7
1,23,0,0,0,0,0,37.01
2,23,0,0,0,0,0,36.93
3,23,0,0,0,0,0,36.91
4,23,2,130.554,34.12,81.6167,57.99,37.09
5,23,1,131.362,33.2943,80.9464,92.74,52.72
6,23,1,131.263,33.2957,81.0321,92.35,56.23
7,23,1,131.332,33.2467,81.0143,91.85,56.41
8,23,1,131.193,33.3028,81.0712,93.11,56.27
9,23,1,131.39,33.255,80.974,93.52,56.16
10,23,1,131.234,33.2843,81.0312,93.3,56.43
11,23,1,131.178,33.2622,81.0522,92.79,56.3
12,23,1,131.372,33.262,80.9483,93.66,56.53
13,23,1,131.162,33.2707,81.0772,91.18,56.48
14,23,1,131.36,33.2736,80.9939,93.63,55.62
15,23,1,131.365,33.2831,81.0062,91.91,56.3
16,23,1,131.323,33.2873,80.9891,93.12,56.85
17,23,1,131.198,33.3724,81.1364,92.52,57.18
18,23,1,131.196,33.2452,81.0485,93.7,56.52
19,23,1,131.413,33.2593,80.9686,93.6,56.42
20,23,1,131.307,33.3269,81.0887,91.84,56.97
21,23,1,131.203,33.3608,81.1535,92.11,56.68
22,23,1,131.326,33.2266,80.9906,93.36,56.3
23,23,1,131.376,33.2137,80.9687,92.9,56.69
24,23,1,131.212,33.2789,81.038,93.02,56.94
25,23,1,131.293,33.2387,81.0225,94.39,56.72
26,23,1,131.268,33.2839,81.0143,91.97,57.15
27,23,1,131.351,33.2552,80.969,94.05,56.35
28,23,1,131.331,33.2634,80.9726,92.63,57.17
29,23,1,131.345,33.2644,80.9543,91.89,57.47
30,23,1,131.278,33.2692,80.9975,91.68,57.08
31,23,1,131.379,33.2246,80.9342,92.76,57.19
32,23,1,131.371,33.2056,80.9205,91.22,55.13
33,23,1,131.345,33.2252,80.9542,93.32,58
34,23,1,131.331,33.2455,80.9696,91.57,56.44
35,23,1,131.33,33.263,80.9751,91.88,57.13
36,23,1,131.229,33.2304,80.9987,93.09,57.16
37,23,1,131.403,33.2321,80.9429,92.69,57.09
38,23,1,131.254,33.2028,80.9807,91.68,56.55
39,23,1,131.375,33.2401,80.932,92.26,56.63
40,23,1,131.374,33.2464,80.9611,92.65,57.25
41,23,1,131.402,33.223,80.8409,92.15,56.62
42,23,1,131.43,33.1745,80.8707,94.14,54.75
43,23,0,0,0,0,0,52.28
44,23,1,355.329,18.6131,86.032,84.39,50.46
45,23,1,355.997,11.9772,24.1556,93.57,56.39
46,23,1,356.11,11.9716,24.0929,94.21,58.56
47,23,1,356.009,11.9806,24.1783,95.61,58.43
48,23,1,356.051,11.9863,24.0067,94.86,59.02
49,23,1,355.993,12.0283,24.1596,96.98,58.67
50,23,1,355.969,12.0069,24.1941,95.52,59.25
51,23,1,355.875,12.0019,24.279,95.37,58.66
52,23,1,355.995,11.9756,24.1319,95.54,58.26
53,23,1,356.149,11.9863,24.0742,95.25,59.24
54,23,1,355.951,11.9897,24.2102,96.25,58.44
55,23,1,355.98,11.9741,24.1562,95.38,58.94
56,23,1,355.853,11.9785,24.2666,94,59.53
57,23,1,355.885,12.0403,24.2186,97.02,58.88
58,23,1,355.996,11.9962,24.1128,96.66,58.43
59,23,1,356.117,11.9695,23.9988,97.66,59.21
60,23,1,355.655,11.9573,24.541,97.12,58.46
61,23,1,355.668,11.982,24.4588,95.92,58.33
62,23,1,355.885,11.9536,24.2854,95.55,58.77
63,23,1,355.847,11.9875,24.3588,96.91,59.15
64,23,1,355.852,11.9882,24.2531,96.07,59.42
65,23,1,355.671,12.055,24.4431,97.49,58.39
66,23,1,355.879,11.9837,24.2379,95,58.1
67,23,1,355.661,11.9878,24.4759,96.9,59.33
68,23,1,355.73,11.9872,24.4425,97.5,58.57
69,23,1,355.61,12.011,24.5611,95.31,59.24
70,23,1,355.682,11.9947,24.4513,94.39,59.43
71,23,1,355.705,11.9718,24.3968,94.94,59.47
72,23,1,355.864,11.9718,24.3338,95.35,58.72
73,23,1,355.612,11.9913,24.4809,95.39,59.26
74,23,1,355.779,11.9811,24.3413,97.17,59.42
75,23,1,355.728,11.9751,24.4188,93.62,59.06
76,23,1,355.618,11.9739,24.4233,96.12,59.45
77,23,1,355.55,12.0604,24.5092,96.88,58.75
78,23,1,355.697,11.972,24.4891,93.52,59.04
79,23,1,355.515,11.9846,24.5611,95.42,59.33
80,23,1,355.793,11.9906,24.2831,95.68,59.9
81,23,1,355.59,12.0051,24.487,95.06,58.41
82,23,1,355.671,12.0138,24.4085,96.86,59.12
83,23,1,355.545,12.0209,24.5617,96.16,59.37
84,23,1,355.638,12.0479,24.4383,95.83,58.64
85,23,1,355.634,12.0532,24.4458,95.21,59.82
86,23,1,355.751,12.0115,24.4366,94.82,59.21
87,23,1,355.617,12.0581,24.5597,98.17,59.36
88,23,1,355.598,11.986,24.5137,92.71,58.93
89,23,1,355.936,12.017,24.0999,95.83,59.87
90,23,1,355.731,12.0521,24.394,96.16,60.22
91,23,1,355.689,12.0063,24.3914,95.28,59.55
92,23,1,355.608,12.0587,24.5249,96.48,59.24
93,23,1,355.668,12.0431,24.4368,94.81,59.6
94,23,1,355.498,12.0477,24.5016,95.82,58.77
95,23,1,355.658,12.0144,24.401,94.84,59.56
96,23,1,355.339,12.0586,24.8292,95.62,59.6
97,23,1,355.526,12.0555,24.5617,96.38,59.37
98,23,1,355.174,12.1627,24.8716,95.48,58.85
99,23,0,0,0,0,0,55.03
100,23,1,128.074,39.3729,38.4086,96.05,55.1
101,23,1,128.096,39.3515,38.3671,94.87,56.49
102,23,1,128.171,39.3381,38.3499,95.52,56.4
103,23,1,128.05,39.3996,38.3446,95.63,56.27
104,23,1,128.125,39.3404,38.3471,98.2,56.21
105,23,1,128.104,39.3538,38.3557,94.07,55.8
106,23,1,128.137,39.3562,38.3783,97.36,56.42
107,23,1,128.146,39.3789,38.3408,97.6,56.59
108,23,1,128.178,39.3977,38.2987,97.21,57.66
109,23,1,128.172,39.3844,38.2942,95.64,56.13
110,23,1,128.072,39.3675,38.3588,96,56.43
111,23,1,128.07,39.3543,38.4607,95.8,55.98
112,23,1,128.184,39.3349,38.3279,95.84,55.08
113,23,0,0,0,0,0,56.12
114,23,1,355.328,11.9793,24.7251,96.28,58
115,23,1,355.279,11.9956,24.8011,96.12,58.49
116,23,1,355.084,12.0517,24.9931,95.21,58.65
117,23,1,355.216,11.9808,24.8469,95.87,58.57
118,23,1,355.207,11.9712,24.9441,94.85,59.33
119,23,1,355.114,12.0492,25.0362,97.59,58.74
120,23,1,355.203,11.9761,24.9304,95.25,59.12
121,23,1,355.402,11.9777,24.7306,96.67,58.44
122,23,1,355.239,11.9852,24.9043,95.48,59.2
123,23,1,355.2,12.0862,24.9085,95.57,59.06
124,23,1,355.185,11.9686,24.8927,94.45,59.01
125,23,1,355.246,11.982,24.8539,95,59.08
126,23,1,355.271,11.9882,24.7106,95.82,59.18
127,23,1,355.132,11.9745,24.9087,95.98,58.98
128,23,1,354.94,12.0062,25.2132,94.15,58.55
129,23,1,354.957,12.0415,25.1093,96.69,58.87
130,23,1,355.1,11.9758,24.9754,97.08,58.91
131,23,1,355.05,12.0415,24.9716,97.87,58.6
132,23,1,355.084,11.9937,24.9745,95.17,59.16
133,23,1,355.188,12.0788,24.9106,95.82,58.48
134,23,1,355.002,12.0152,25.0897,95.15,58.07
135,23,1,355.018,11.9743,25.0396,94.88,59.4
136,23,1,355.09,11.9772,24.9839,96.28,59.94
137,23,1,355.03,12.0085,25.0911,96.29,58.5
138,23,1,354.636,12.0309,25.5013,97.33,58.21
139,23,1,354.912,12.0436,25.1993,96.8,59.3
140,23,1,355.061,11.9877,24.9773,96.16,59.32
141,23,1,355.051,11.9892,24.9678,95.96,58.81
142,23,1,354.854,12.0358,25.2791,96.74,59.26
143,23,1,354.975,11.9746,25.134,96.87,58.47
144,23,1,355.145,11.9616,24.9313,95.55,59.42
145,23,1,354.946,11.9957,25.0879,95.16,59.31
146,23,1,354.909,12.0452,25.1242,93.49,59.36
147,23,1,354.757,12.0835,25.3339,94.13,58.7
148,23,1,355.019,11.9852,25.0375,95.84,59.69
149,23,1,354.882,12.0565,25.2122,94.53,58.7
150,23,1,354.819,12.0055,25.2275,95.02,59.37
151,23,1,354.828,12.1246,25.2646,95.33,59.06
152,23,1,354.77,12.0404,25.3611,95.89,60
153,23,1,354.969,11.9934,25.1102,96.72,58.95
154,23,1,354.83,11.9924,25.2168,94.41,59.58
155,23,1,354.724,12.0249,25.3189,94.75,59.51
156,23,1,354.508,12.0247,25.5769,95.75,57.35
157,23,0,0,0,0,0,55.01
158,23,1,236.835,41.6077,12.2573,93.71,54.66
159,23,1,236.934,41.6717,12.1511,91.69,54.68
160,23,1,236.876,41.6258,12.2546,96.24,53.89
161,23,1,236.894,41.5959,12.2637,93.51,54.96
162,23,1,236.894,41.655,12.1622,94.36,54.86
163,23,1,236.935,41.6534,12.2113,94.64,55.65
164,23,1,236.908,41.6452,12.2263,94.06,54.72
165,23,1,236.888,41.6435,12.2271,94.1,55.11
166,23,1,236.88,41.6332,12.2387,93.85,55.02
167,23,1,236.907,41.6651,12.1926,94.54,54.99
168,23,1,236.788,41.6439,12.2299,92.99,54.93
169,23,1,236.84,41.6687,12.2407,94.24,54.91
170,23,1,236.846,41.6608,12.1478,92.85,55.65
171,23,1,236.897,41.6767,12.1499,94.45,55.39
172,23,1,236.852,41.6456,12.2298,95.09,55.08
173,23,1,236.811,41.6712,12.1416,91.95,54.83
174,23,1,236.868,41.6536,12.2309,94.09,54.77
175,23,1,236.94,41.6687,12.1154,91.77,55.48
176,23,1,236.93,41.6794,12.1034,93.56,55.73
177,23,1,236.994,41.6775,12.1141,93.8,55.12
178,23,1,236.946,41.6944,12.1223,96.2,55.97
179,23,1,236.944,41.6515,12.219,95.95,55.41
180,23,1,236.843,41.6545,12.1572,96.86,55.26
181,23,1,236.821,41.6799,12.2357,93.01,54.79
182,23,1,236.782,41.6175,12.2607,95.54,55.18
183,23,1,236.92,41.6865,12.1789,92.36,55.57
184,23,1,236.908,41.7052,12.1775,91.23,56.3
185,23,1,236.811,41.6733,12.2243,93.24,55.28
186,23,1,236.879,41.7117,12.1341,94.56,55.05
187,23,1,236.893,41.7031,12.1175,94.76,55.43
188,23,1,236.892,41.6553,12.2208,93.7,54.21
189,23,1,236.835,41.7022,12.2075,91.39,55.98
190,23,1,236.942,41.7248,12.0959,91.65,54.67
191,23,1,236.868,41.7035,12.2289,93.06,54.85
192,23,1,236.988,41.7263,12.1588,94.82,54.7
193,23,1,236.841,41.675,12.2062,92.93,55.26
194,23,1,236.966,41.7123,12.1186,94.26,55.33
195,23,1,236.981,41.723,12.0922,94.58,55.68
196,23,1,236.78,41.66,12.2503,92.99,54.88
197,23,1,236.793,41.652,12.2664,92.81,55.98
198,23,1,236.983,41.6888,12.1786,93.26,55.14
199,23,1,236.868,41.7011,12.209,94.77,55.38
200,23,1,236.836,41.6946,12.2433,94.55,54.97
201,23,1,236.932,41.7687,12.138,95.77,54.03
202,23,1,236.995,41.7495,12.1199,81.4,51.76
203,23,2,62.8721,9.75112,56.0292,52.03,54.12
204,23,1,60.8797,10.0033,58.5418,89.54,57.73
205,23,1,60.9217,9.95715,58.5781,89.32,58.6
206,23,1,61.0216,10.0172,58.3959,88.18,59.5
207,23,1,60.8195,9.9742,58.6482,89.03,59.5
208,23,1,60.9275,9.97426,58.431,88.26,55.5
209,23,1,221.8,34.0402,38.6503,89.84,56.42
210,23,1,221.857,34.0067,38.614,90.4,57.19
211,23,1,221.762,33.9885,38.6488,92.24,56.81
212,23,1,222.16,33.8285,38.1444,88.58,57.85
213,23,1,221.95,34.0085,38.5535,93.99,58.71
214,23,1,222.198,33.8247,38.1178,89.21,57.83
215,23,1,221.928,34.007,38.5334,94.9,57.2
216,23,1,342.706,21.5041,66.8233,83.85,54.25
217,23,1,342.678,21.4768,66.823,96.2,57.1
218,23,1,342.692,21.5516,66.7308,93.22,56.79
219,23,1,342.572,21.4147,66.8054,91.65,57.19
220,23,1,342.74,21.5373,66.6868,91.48,57.08
221,23,1,342.481,21.394,66.9576,89.81,57.99
222,23,1,342.582,21.4147,66.8922,92.2,57.77
223,23,1,342.712,21.5056,66.726,93.42,57.3
224,23,1,342.466,21.4315,66.9277,93.48,57.04
225,23,1,342.609,21.4762,66.7652,90.76,57.8
226,23,1,342.657,21.5445,66.8018,91.23,56.98
227,23,1,342.54,21.4473,66.8363,92.67,56.9
228,23,1,342.747,21.5264,66.7532,94.09,57.72
229,23,1,342.705,21.5205,66.7269,86.66,54.86
230,23,1,168.006,26.7601,23.9777,93.86,56.74
231,23,1,168.081,26.8218,23.963,94.3,57.65
232,23,1,168.199,26.8599,23.7635,93.28,59.3
233,23,1,168.099,26.7942,23.9345,95.92,58.7
234,23,1,168.098,26.8004,23.937,92.9,58.08
235,23,1,168.136,26.8056,23.9376,95.16,58.6
236,23,1,168.231,26.8176,23.8191,93.88,58.84
237,23,1,167.999,26.833,23.9042,91.45,59.4
238,23,1,168.173,26.8017,23.8565,94.9,58.5
239,23,1,168.139,26.7687,23.8778,94.97,58.38
240,23,1,168.046,26.773,23.9482,95.51,58.76
241,23,1,168.083,26.7669,23.9012,95.23,58.81
242,23,1,168.074,26.8462,23.8261,92.5,58.99
243,23,1,168.386,26.9155,23.6476,94.46,58.75
244,23,1,168.106,26.787,23.8991,93.63,58.64
245,23,1,168.052,26.7868,23.8955,94.62,58.76
246,23,1,168.283,26.857,23.6894,92.87,60.27
247,23,1,168.228,26.8064,23.8156,94.36,58.55
248,23,1,168.359,26.7786,23.7195,95.93,59.7
249,23,1,168.201,26.8012,23.8262,95.2,58.97
250,23,1,168.232,26.8064,23.8353,94.01,59.29
251,23,1,168.304,26.8024,23.789,93.47,58.88
252,23,1,168.3,26.9068,23.6385,92.41,52.52
253,23,0,0,0,0,0,36.14
254,23,0,0,0,0,0,36.18
255,23,0,0,0,0,0,34.41
0,24,0,0,0,0,0,36.27
1,24,0,0,0,0,0,37.29
2,24,0,0,0,0,0,37.57
3,24,0,0,0,0,0,57.06
4,24,1,131.18,33.3903,80.965,81.84,37.04
5,24,1,131.261,33.2941,81.0093,92.22,54.07
6,24,1,131.336,33.2735,81.0022,92.86,56.02
7,24,1,131.269,33.3008,81.0051,94.53,56.91
8,24,1,131.312,33.2823,81.0035,92.79,57.31
9,24,1,131.237,33.2895,81.0322,91.4,56.06
10,24,1,131.263,33.2944,81.0227,92.04,56.91
11,24,1,131.234,33.2674,81.0529,92.2,56.49
12,24,1,131.228,33.3162,81.0514,92.69,57.05
13,24,1,131.271,33.2647,81.0265,93.37,56.26
14,24,1,131.228,33.2485,81.0302,93.32,56.39
15,24,1,131.224,33.2549,81.0639,91.98,56.87
16,24,1,131.265,33.2588,81.0355,91.68,57.12
17,24,1,131.253,33.305,81.0142,94.23,57.14
18,24,1,131.284,33.2897,81.019,92.59,57.25
19,24,1,131.275,33.221,81.009,93.05,56.04
20,24,1,131.364,33.2661,80.9793,92.38,57.21
21,24,1,131.253,33.2565,81.0248,93.44,56.6
22,24,1,131.243,33.2884,81.0247,92.36,57.05
23,24,1,131.205,33.2749,81.0462,92.83,56.65
24,24,1,131.335,33.2351,81.0065,92.48,56.43
25,24,1,131.369,33.2588,80.9704,92.08,57.12
26,24,1,131.288,33.2697,81.0084,93.58,57.22
27,24,1,131.262,33.2628,81.0144,92.41,57.67
28,24,1,131.238,33.2543,81.0192,92.79,56.77
29,24,1,131.305,33.2185,80.9928,93.81,56.3
30,24,1,131.279,33.2405,80.9735,94.12,57.32
31,24,1,131.355,33.2504,80.9623,92.2,57.17
32,24,1,131.309,33.2347,80.9525,93.12,56.06
33,24,1,131.302,33.236,80.9662,91.97,57.41
34,24,1,131.311,33.2573,80.9741,93.06,57.43
35,24,1,131.374,33.2561,80.938,92.3,57.46
36,24,1,131.392,33.2155,80.9352,93.9,56.93
37,24,1,131.274,33.2687,80.9768,93.52,57.5
38,24,1,131.366,33.2397,80.9451,90.61,57.37
39,24,1,131.322,33.2352,80.9547,92.98,57.23
40,24,1,131.324,33.2246,80.9495,93.19,57.36
41,24,1,131.34,33.1938,80.936,94.1,55.81
42,24,0,0,0,0,0,52.39
43,24,1,355.471,18.6404,85.8041,93.68,51.36
44,24,1,355.634,18.597,85.6945,85.83,51.7
45,24,1,355.961,11.9805,24.1237,93.04,57.63
46,24,1,355.99,11.9953,24.1502,95.42,57.96
47,24,1,355.897,11.9875,24.2567,95.19,58.13
48,24,1,356.034,11.9918,24.1009,96.46,58.22
49,24,1,356.103,11.997,24.0016,96.33,58.91
50,24,1,355.805,12.1076,24.3332,97.25,57.82
51,24,1,356.113,11.9706,24.0902,95.94,59.35
52,24,1,356.112,11.9656,24.1177,92.98,59.33
53,24,1,355.653,12.0171,24.6437,95.91,58.97
54,24,1,355.924,12.0363,24.1446,96,58.96
55,24,1,355.891,11.9775,24.2659,94.67,59.06
56,24,1,355.906,11.9823,24.1879,93.87,59.42
57,24,1,355.914,11.9711,24.2079,95.15,59.57
58,24,1,355.663,12.0539,24.4338,96.57,58.91
59,24,1,355.847,11.9955,24.3475,95.27,58.37
60,24,1,355.76,11.9511,24.4021,94.97,59.36
61,24,1,355.773,11.9901,24.3797,96.43,58.7
62,24,1,356.108,11.9729,23.9395,97.52,59.34
63,24,1,355.744,11.9781,24.3955,95.24,59.34
64,24,1,355.58,12.0335,24.523,97.51,59.85
65,24,1,355.799,11.9768,24.2715,95.31,59.54
66,24,1,355.807,11.9777,24.2606,96.04,58.65
67,24,1,355.742,11.98,24.362,95.84,59.23
68,24,1,355.623,11.9886,24.5435,96.83,59.21
69,24,1,355.554,12.023,24.5657,95.76,59.22
70,24,1,355.775,11.9775,24.4566,94.73,59.82
71,24,1,355.827,11.9593,24.2547,95.93,58.73
72,24,1,355.745,11.9829,24.4249,94.49,58.61
73,24,1,355.552,12.0453,24.6045,95.62,59.01
74,24,1,355.709,11.9942,24.3947,96.15,58.69
75,24,1,355.586,11.9739,24.4924,95.41,58.98
76,24,1,355.84,11.9743,24.2692,97.35,59.26
77,24,1,355.678,11.9846,24.5008,96.29,59.85
78,24,1,355.269,12.0811,24.827,96.26,58.72
79,24,1,355.664,12.0317,24.4753,94.36,59.67
80,24,1,355.775,12.0721,24.3461,96.73,60.28
81,24,1,355.886,12.026,24.2181,96.51,59.77
82,24,1,355.999,12.0077,24.0574,96.24,59.19
83,24,1,355.852,12.0366,24.2749,96,59.28
84,24,1,355.957,12.0086,24.1372,94.33,59.52
85,24,1,355.808,12.0558,24.3945,93.42,59.97
86,24,1,355.868,12.019,24.1642,96.32,60
87,24,1,355.859,12.0118,24.2977,96.26,59.38
88,24,1,355.864,11.9993,24.2099,95.58,60.38
89,24,1,355.865,12.0425,24.2091,96.3,58.87
90,24,1,355.824,12.0253,24.2869,95.46,59.79
91,24,1,355.891,12.0179,24.1685,94.82,59.61
92,24,1,355.78,12.0093,24.3015,94.1,59.75
93,24,1,355.6,12.0766,24.5067,96.98,59.77
94,24,1,355.472,12.0597,24.7029,94.93,59.57
95,24,1,355.697,12.0215,24.389,95.48,59.83
96,24,1,355.608,12.011,24.5114,96.11,59.78
97,24,1,355.624,12.0224,24.4228,94.68,59.35
98,24,1,355.318,12.0055,24.7454,94.34,57.22
99,24,1,128.053,39.4094,38.429,88.78,55.97
100,24,1,128.228,39.4159,38.3088,95.61,56.19
101,24,1,128.054,39.4159,38.3898,94.22,56.22
102,24,1,128.02,39.422,38.401,95.32,56.61
103,24,1,128.14,39.3793,38.3657,96.18,56.41
104,24,1,128.208,39.3817,38.344,95.66,56.99
105,24,1,128.149,39.3591,38.3448,95.55,56.68
106,24,1,128.083,39.382,38.3474,93.95,56.71
107,24,1,128.1,39.3716,38.3452,96.74,56.71
108,24,1,128.029,39.3894,38.375,96.88,56.74
109,24,1,128.103,39.3568,38.3585,96.23,56.8
110,24,1,128.183,39.3548,38.4142,96.62,57.14
111,24,1,128.148,39.344,38.341,95.69,55.72
112,24,0,0,0,0,0,54.57
113,24,1,355.171,12.0083,24.8967,96.16,57.26
114,24,1,355.415,12.0249,24.5832,94.51,58.66
115,24,1,355.242,12.0416,24.9154,97.62,58.58
116,24,1,355.438,12.0101,24.6671,96.62,59.44
117,24,1,355.252,12.0508,24.7592,94.58,58.92
118,24,1,355.461,11.9729,24.6613,95.99,60.13
119,24,1,355.264,11.979,24.7291,95.54,59.12
120,24,1,355.317,11.9787,24.6737,95.84,58.82
121,24,1,355.286,12.0431,24.7973,95.99,58.54
122,24,1,355.073,12.0498,25.0589,94.97,58.91
123,24,1,355.112,11.9771,25.0192,96.28,59.22
124,24,1,355.167,11.9815,24.9554,94.55,59.2
125,24,1,355.205,11.9695,24.9984,93.91,59.64
126,24,1,355.186,11.9859,24.8737,93.48,59.89
127,24,1,355.194,11.9837,24.9016,96.54,59.2
128,24,1,355.17,12.0089,24.882,95.18,59.08
129,24,1,355.053,11.9909,25.0218,95.4,59.08
130,24,1,354.933,12.0781,25.1831,96.94,59.25
131,24,1,355.036,11.9896,25.0838,96.72,58.68
132,24,1,355.053,11.991,25.0059,95.35,59.17
133,24,1,355.258,11.9725,24.8404,95.2,59.72
134,24,1,355.049,11.9736,25.0778,95.24,58.89
135,24,1,355.169,12.0727,24.7855,95.37,59.8
136,24,1,355.008,11.9816,25.1023,94.64,59.48
137,24,1,355.105,11.9828,24.9513,96.1,59.74
138,24,1,354.934,12.0951,25.3034,94.01,59.03
139,24,1,354.939,11.9961,25.0954,94.33,59.04
140,24,1,355.198,12.0046,24.8187,96.47,59.57
141,24,1,354.948,12.0133,25.0982,97.82,59.22
142,24,1,354.862,12.0347,25.3066,95.51,59.25
143,24,1,355.075,12.0085,25.0348,94.37,59.76
144,24,1,354.956,11.9839,25.1308,95.47,59.22
145,24,1,354.908,11.9879,25.182,95.57,59.75
146,24,1,354.67,12.0387,25.5279,94.79,59.5
147,24,1,354.946,11.991,25.1585,95.72,58.93
148,24,1,354.939,12.0225,25.0947,95.47,58.56
149,24,1,355.199,11.9775,24.9053,96.48,59.44
150,24,1,354.895,11.985,25.1933,95.41,59.1
151,24,1,354.846,11.9892,25.1296,96.8,59.23
152,24,1,354.831,12.129,25.2079,94.73,58.63
153,24,1,354.781,12.0337,25.3144,95.96,59.83
154,24,1,354.833,11.9828,25.1417,95.67,59.39
155,24,1,354.661,12.0108,25.3383,96.17,57.97
156,24,0,0,0,0,0,55.02
157,24,1,236.952,41.6271,12.188,85.03,53.2
158,24,1,236.86,41.6453,12.2385,95.19,54.12
159,24,1,236.906,41.6349,12.2335,95.06,54.89
160,24,1,236.907,41.6127,12.2669,94.66,53.76
161,24,1,237.014,41.681,12.1369,92.86,55.39
162,24,1,236.82,41.6338,12.2158,94.7,54.43
163,24,1,236.825,41.6129,12.2566,90.99,53.99
164,24,1,236.889,41.6393,12.2231,93.19,54.54
165,24,1,236.826,41.6587,12.2662,92.92,55.2
166,24,1,236.833,41.6408,12.255,92.45,55.17
167,24,1,236.926,41.6417,12.2214,94.4,55.96
168,24,1,236.958,41.6406,12.2358,93.73,54.88
169,24,1,236.945,41.6776,12.1339,93.09,54.85
170,24,1,236.904,41.6594,12.1462,95.21,55.33
171,24,1,236.812,41.649,12.2618,94.31,54.73
172,24,1,236.819,41.6533,12.2384,94.56,54.3
173,24,1,236.903,41.6164,12.2352,95.69,55.95
174,24,1,236.953,41.6922,12.1152,93.14,55.15
175,24,1,236.854,41.6149,12.2389,95.23,56
176,24,1,236.927,41.6374,12.2286,96.57,55.95
177,24,1,236.877,41.6614,12.1997,95.47,54.92
178,24,1,236.916,41.6974,12.1098,93.66,55.52
179,24,1,236.836,41.6836,12.2113,93.4,55.37
180,24,1,236.851,41.6543,12.1708,95.04,55.91
181,24,1,236.891,41.672,12.2178,92.34,54.74
182,24,1,236.928,41.6863,12.1541,95.43,55.39
183,24,1,236.906,41.6988,12.1028,93.63,54.85
184,24,1,236.905,41.6601,12.2206,95.27,56.31
185,24,1,236.892,41.6982,12.2062,92.77,54.77
186,24,1,236.979,41.6941,12.1883,93.31,55.32
187,24,1,236.797,41.6767,12.2168,95.45,55.57
188,24,1,236.904,41.6679,12.2001,93.72,55.39
189,24,1,236.863,41.6785,12.2139,92.89,55.53
190,24,1,236.962,41.7094,12.0978,93.1,55.73
191,24,1,236.93,41.7017,12.2028,93.9,55.93
192,24,1,236.844,41.7043,12.1938,94.27,54.61
193,24,1,236.813,41.6785,12.22,93.92,55.19
194,24,1,236.935,41.693,12.2033,93.25,54.92
195,24,1,236.851,41.6941,12.2133,93.4,55
196,24,1,236.865,41.6679,12.264,92.62,55.11
197,24,1,236.797,41.6589,12.2819,93.88,55.81
198,24,1,236.926,41.7123,12.119,92.64,55.04
199,24,1,236.903,41.686,12.2266,93.81,55.15
200,24,1,236.964,41.769,12.1766,94.09,54.44
201,24,1,236.946,41.7799,12.1545,91.36,55.35
202,24,1,236.952,41.7492,12.1409,94,54.2
203,24,1,236.962,41.7409,12.1293,91.8,52.13
204,24,2,60.8542,10.0362,58.5125,64.6,55.48
205,24,1,61.0168,10.0066,58.4161,90.03,58.81
206,24,1,60.827,9.96293,58.6509,87.31,58.12
207,24,1,60.9642,10.0165,58.3969,88.88,58.92
208,24,1,61.0423,9.97298,58.3268,90.14,57.2
209,24,0,0,0,0,0,55.4
210,24,1,221.867,33.9827,38.5992,95.34,57.81
211,24,1,221.65,33.9915,38.6735,93.55,57.9
212,24,1,221.743,34.0186,38.6375,90.58,57.4
213,24,1,221.884,34.0024,38.5958,95.44,57.66
214,24,1,221.947,34.0071,38.5582,95.14,58.79
215,24,1,222.324,33.7211,38.082,87.39,56.95
216,24,1,221.91,34.0118,38.5455,82.35,54.25
217,24,1,342.733,21.41,66.6075,93.52,56.17
218,24,1,342.603,21.4285,66.798,91.49,56.52
219,24,1,342.728,21.4986,66.7833,92.81,56.92
220,24,1,342.728,21.4897,66.7047,94,57.54
221,24,1,342.739,21.5009,66.735,95.09,57.35
222,24,1,342.626,21.4616,66.9226,96,57.49
223,24,1,342.562,21.4486,66.8427,93.63,58.08
224,24,1,342.49,21.4346,66.8523,91.31,57.91
225,24,1,342.579,21.4913,67.0273,87.55,57.73
226,24,1,342.632,21.4116,66.8447,91.99,58.03
227,24,1,342.478,21.4192,66.956,90.46,58.14
228,24,1,342.513,21.4563,66.7868,91.41,57.89
229,24,1,168.067,26.8941,23.8477,86.45,54.19
230,24,1,168.238,26.914,23.7323,92.7,57.87
231,24,1,168.124,26.8088,23.9224,95.58,58.91
232,24,1,168.278,26.9009,23.7454,91.34,58.9
233,24,1,168.076,26.8438,23.8756,91.17,58.29
234,24,1,168.15,26.808,23.9198,93.49,57.91
235,24,1,168.115,26.8176,23.9171,94.58,58.58
236,24,1,168.338,26.9171,23.6973,93.26,59.05
237,24,1,168.089,26.7918,23.9223,95.05,58.49
238,24,1,167.999,26.8263,23.8922,90.16,59.29
239,24,1,168.006,26.808,23.9979,95.11,59.64
240,24,1,168.146,26.7763,23.8744,94.17,58.68
241,24,1,168.265,26.7804,23.8191,96.43,59.33
242,24,1,168.196,26.7792,23.878,93.73,57.98
243,24,1,168.109,26.8908,23.7834,92.01,58.9
244,24,1,168.086,26.7807,23.8944,95.27,58.98
245,24,1,168.309,26.7962,23.806,95.2,58.63
246,24,1,167.97,26.8384,23.9319,90.76,59.19
247,24,1,168.197,26.7989,23.8305,93.26,58.82
248,24,1,168.241,26.8001,23.797,94.21,58.27
249,24,1,168.09,26.8217,23.8133,90.76,58.72
250,24,1,168.274,26.8744,23.7114,91.1,58.83
251,24,1,168.174,26.7791,23.8325,95.73,59.49
252,24,1,168.295,26.8035,23.7762,91.26,55.01
253,24,0,0,0,0,0,37.51
254,24,0,0,0,0,0,36.44
255,24,0,0,0,0,0,34.94
0,25,0,0,0,0,0,58
1,25,0,0,0,0,0,37.32
2,25,0,0,0,0,0,37.58
3,25,0,0,0,0,0,37.15
4,25,2,130.954,34.1375,81.0275,54.3,37.22
5,25,1,131.277,33.298,81.0272,92.34,53.25
6,25,1,131.286,33.2309,81.0228,92.99,55.56
7,25,1,131.238,33.2429,81.0418,91.41,56.01
8,25,1,131.267,33.2509,81.028,93.59,56.26
9,25,1,131.262,33.3693,81.1345,92.85,57.04
10,25,1,131.306,33.2664,80.9906,93.39,56.07
11,25,1,131.159,33.2966,81.0467,91.4,56.32
12,25,1,131.373,33.2622,80.9993,93.48,56.02
13,25,1,131.281,33.2757,81.0194,94.66,57.18
14,25,1,131.216,33.2954,81.0382,92.11,55.76
15,25,1,131.189,33.2759,81.0674,93.95,56.63
16,25,1,131.219,33.2473,81.0693,91.33,56.37
17,25,1,131.325,33.2919,81.0133,91.97,57.28
18,25,1,131.29,33.2458,81.0069,94.37,56.04
19,25,1,131.286,33.2768,80.9997,94.03,56.63
20,25,1,131.31,33.2753,81.0045,92,57.07
21,25,1,131.384,33.2352,80.9732,94.15,56.74
22,25,1,131.354,33.2692,80.9679,93.11,57.26
23,25,1,131.288,33.2822,81.0119,91.52,56.86
24,25,1,131.313,33.2917,81.004,92.72,57
25,25,1,131.378,33.2632,80.9586,90.75,56.87
26,25,1,131.506,33.0456,80.8724,84.82,57.19
27,25,1,131.316,33.2596,80.9794,93.91,57.48
28,25,1,131.342,33.2628,80.9832,93.7,57.02
29,25,1,131.306,33.2705,80.9844,93.37,56.65
30,25,1,131.331,33.2531,80.9715,92.77,57.41
31,25,1,131.311,33.2551,80.9712,93.41,57.38
32,25,1,131.341,33.2541,80.9805,92.57,56.61
33,25,1,131.041,33.0584,80.954,82.98,57.29
34,25,1,131.284,33.2471,80.9836,92.87,56.61
35,25,1,131.196,33.2488,80.9992,93.54,57.4
36,25,1,131.293,33.2531,80.9725,91.73,56.51
37,25,1,131.228,33.2361,81.0018,91.36,57.67
38,25,1,131.38,33.2066,80.8981,93.54,56.35
39,25,1,131.342,33.2431,80.953,93.71,57.16
40,25,1,131.385,33.2377,80.9438,92.45,56.91
41,25,1,131.292,33.1636,80.9773,92.16,54.84
42,25,1,355.572,18.6063,85.6106,85.24,52.13
43,25,1,355.291,18.6743,85.8287,87.05,50.7
44,25,0,0,0,0,0,51.48
45,25,1,355.957,11.9896,24.1891,96.36,57.32
46,25,1,355.977,11.9965,24.1624,94.95,57.16
47,25,1,356.021,11.9778,24.0775,95.22,58.67
48,25,1,355.974,11.9712,24.2292,95.39,58.74
49,25,1,356.173,11.9848,24.035,95.34,59.4
50,25,1,355.993,11.9925,24.1568,96.6,58.68
51,25,1,356.08,12.0021,24.0484,97.5,58.97
52,25,1,355.864,11.9925,24.1399,96.61,58.44
53,25,1,355.866,11.9822,24.1726,95.72,59.33
54,25,1,355.813,11.9753,24.3115,96.14,58.83
55,25,1,355.887,11.9565,24.2689,94.87,58.25
56,25,1,355.779,11.9709,24.3913,95.3,58.95
57,25,1,355.881,12.0226,24.3916,92.8,58.81
58,25,1,355.772,11.9645,24.3494,96.07,58.59
59,25,1,355.713,12.0953,24.4354,97.79,58.98
60,25,1,355.84,11.9664,24.3622,95.38,59.04
61,25,1,355.87,11.9749,24.3824,93.35,59.31
62,25,1,355.681,12.0316,24.3997,96.19,59.05
63,25,1,355.714,12.0343,24.3821,97.17,58.8
64,25,1,355.802,12.0232,24.2657,95.82,59.3
65,25,1,355.657,11.977,24.492,96.6,58.48
66,25,1,355.708,11.9875,24.4308,96.64,58.97
67,25,1,355.638,11.9702,24.5043,95.07,59.18
68,25,1,355.633,11.9836,24.449,95.39,59.66
69,25,1,355.648,12.0657,24.4508,95.93,58.36
70,25,1,355.495,12.0105,24.6026,93.28,58.57
71,25,1,355.742,11.979,24.4066,97.13,59.44
72,25,1,355.733,12.0054,24.3364,95.53,58.43
73,25,1,355.737,11.9964,24.3861,96.52,59.54
74,25,1,355.854,12.0036,24.3097,96.35,58.55
75,25,1,355.916,12.0145,24.1523,96.57,60.03
76,25,1,355.727,12.0349,24.2803,95.78,58.16
77,25,1,355.802,12.0109,24.2901,96.47,59.26
78,25,1,355.732,12.0253,24.3638,97.11,58.07
79,25,1,355.995,12.0335,24.2423,91.06,59.37
80,25,1,356.051,12.0308,24.0765,94.24,60.06
81,25,1,356.069,12.0433,24.1701,92.36,60.13
82,25,1,356.128,12.0027,24.0412,95.1,60.24
83,25,1,356.052,12.0147,24.0159,95.11,60.16
84,25,1,356.058,12.0331,24.0772,95.12,60.43
85,25,1,355.934,12.0112,24.1994,95.18,60.05
86,25,1,355.982,12.0226,24.1609,95.87,59.89
87,25,1,355.94,12.0136,24.2019,95.06,59.89
88,25,1,356.053,12,23.9663,96.63,60.63
89,25,1,355.901,12.0464,24.082,95.46,59.75
90,25,1,355.991,11.9939,24.0113,96.01,59.3
91,25,1,355.873,12.0015,24.1313,96.15,59.32
92,25,1,355.864,12.0167,24.1701,94.57,59.83
93,25,1,355.746,12.0099,24.3539,94.5,59.81
94,25,1,355.801,11.9929,24.2528,95.39,59.83
95,25,1,355.74,12.0135,24.26,96.02,59.13
96,25,1,355.539,11.9892,24.5768,96.57,59.31
97,25,1,355.334,12.0497,24.8575,95.32,57.67
98,25,0,0,0,0,0,54.87
99,25,1,128.118,39.4805,38.3779,94.31,55.68
100,25,1,128.003,39.4797,38.3802,95.91,57.26
101,25,1,128.113,39.4749,38.3541,96.45,56.3
102,25,1,127.999,39.4914,38.3912,93.89,56.56
103,25,1,128.118,39.4549,38.3661,93.1,56.54
104,25,1,128.114,39.4795,38.3543,94.68,56.26
105,25,1,128.006,39.4585,38.4407,94.45,57.31
106,25,1,128.181,39.4209,38.3256,97.11,57.63
107,25,1,128.175,39.427,38.2984,94.74,57.44
108,25,1,128.076,39.46,38.3377,95.58,56.83
109,25,1,128.165,39.4134,38.3391,95.27,56.96
110,25,1,128.108,39.4071,38.4271,94.78,55.98
111,25,1,128.059,39.3797,38.3606,89.31,54.87
112,25,0,0,0,0,0,55.79
113,25,1,355.356,11.9843,24.6846,95.37,58.01
114,25,1,355.196,11.9834,24.9203,96.19,58.49
115,25,1,355.266,11.9872,24.8583,93.99,58.56
116,25,1,355.143,11.9784,24.9003,95.34,58.95
117,25,1,355.297,11.9739,24.803,96.6,59.48
118,25,1,355.172,11.9783,24.8902,96.47,59.2
119,25,1,355.225,12.0783,24.9104,94.61,59.93
120,25,1,355.145,11.984,24.9328,94.98,59
121,25,1,355.121,12.0068,24.9144,95.3,58.7
122,25,1,355.25,11.9848,24.779,95.69,59.7
123,25,1,355.151,12.0182,24.9563,95.79,59.49
124,25,1,355.222,12.0261,25.0084,95.39,58.86
125,25,1,354.895,12.0294,25.2481,95.82,58.25
126,25,1,355.14,12.0051,24.9007,96.11,59.29
127,25,1,355.116,11.9699,24.9948,96.28,58.74
128,25,1,355.021,11.9906,25.0625,93.85,58.2
129,25,1,355.115,12.0127,24.9346,96.18,59.37
130,25,1,355.13,12.0455,24.9477,95.1,58.94
131,25,1,355.062,12.02,24.9583,95.07,59.79
132,25,1,355.05,12.0134,25.0173,96.83,60.4
133,25,1,355.039,11.9843,24.9809,94.81,58.84
134,25,1,355.059,11.986,24.9974,96.23,59.04
135,25,1,354.932,12.0377,25.1327,96.56,59.03
136,25,1,354.938,12.0544,25.1219,97.68,59.11
137,25,1,355.074,11.9763,25.0043,96.04,59.37
138,25,1,355.021,11.9676,25.1159,93.65,59.73
139,25,1,355.078,12.0458,24.9261,95.37,59.43
140,25,1,355.112,11.9849,24.9649,97,58.69
141,25,1,355.114,11.9717,24.943,97.01,59.45
142,25,1,354.979,12.0359,25.1183,97.3,59.01
143,25,1,355.177,12.0063,24.8998,96.98,58.84
144,25,1,354.925,11.9792,25.1653,95.08,58.91
145,25,1,355.018,11.9678,25.1061,94.68,59.36
146,25,1,354.881,12.1351,25.1939,96.46,58.89
147,25,1,354.866,11.9852,25.217,93.5,59.95
148,25,1,354.917,12.0016,25.0809,97.02,59.53
149,25,1,354.965,12.0347,25.0346,96.6,59.73
150,25,1,354.965,11.9898,25.0158,96.1,59.19
151,25,1,354.774,12.0236,25.2486,95.65,58.54
152,25,1,354.912,11.9938,25.1201,94.51,58.83
153,25,1,354.891,11.9679,25.2012,95.29,59.36
154,25,1,354.572,12.0521,25.5682,97.54,57.89
155,25,1,354.657,11.9341,25.4398,85.92,55.98
156,25,0,0,0,0,0,54.8
157,25,1,236.979,41.6714,12.1564,94.23,54.53
158,25,1,236.815,41.6398,12.253,92.53,54.39
159,25,1,236.931,41.6476,12.2357,93.51,55.34
160,25,1,236.869,41.6407,12.2231,94.46,53.57
161,25,1,236.883,41.6411,12.1541,94.28,55.26
162,25,1,236.832,41.655,12.2495,93.58,54.34
163,25,1,236.905,41.6459,12.178,95.38,55.11
164,25,1,236.844,41.6523,12.2359,92.42,54.68
165,25,1,236.786,41.6351,12.2501,92.37,55.36
166,25,1,236.765,41.6445,12.2357,93.76,54.98
167,25,1,236.825,41.6483,12.2041,94.71,53.74
168,25,1,236.858,41.6585,12.2107,94.08,55.16
169,25,1,236.963,41.6711,12.212,92.65,54.49
170,25,1,236.856,41.659,12.1615,93.82,55.59
171,25,1,236.898,41.6604,12.1282,93.02,55.24
172,25,1,236.916,41.6689,12.1623,91.89,54.95
173,25,1,236.809,41.6721,12.171,94.27,56.36
174,25,1,236.766,41.6364,12.2809,93.79,55.55
175,25,1,236.912,41.6823,12.2091,92.48,54.9
176,25,1,236.94,41.6739,12.1419,92.95,55.27
177,25,1,236.906,41.6525,12.1739,94.98,54.71
178,25,1,236.862,41.688,12.1398,94.87,55.38
179,25,1,236.842,41.6614,12.2261,94.6,55.98
180,25,1,236.855,41.6782,12.1975,93.34,55.03
181,25,1,236.896,41.6336,12.2211,93.2,55.4
182,25,1,236.887,41.6883,12.1594,94.54,55.14
183,25,1,236.914,41.6854,12.2034,92.48,54.29
184,25,1,236.991,41.7113,12.1055,93.72,54.38
185,25,1,236.815,41.6778,12.2145,94.58,55.66
186,25,1,236.864,41.6958,12.2171,96.37,54.57
187,25,1,236.896,41.6959,12.1186,94.05,55.23
188,25,1,236.911,41.7008,12.157,94.09,55.85
189,25,1,236.862,41.6785,12.2013,95.78,55.98
190,25,1,236.811,41.6768,12.2241,94.43,54.59
191,25,1,236.857,41.682,12.2084,94.04,54.77
192,25,1,236.921,41.6994,12.1305,92.93,55.27
193,25,1,236.938,41.6905,12.1969,95.04,55.54
194,25,1,236.912,41.7069,12.1846,91.36,55.3
195,25,1,236.97,41.6879,12.1493,93.67,55.07
196,25,1,236.81,41.6777,12.2834,93.52,55.32
197,25,1,236.857,41.637,12.2388,94.18,54.81
198,25,1,236.84,41.7103,12.2531,92.88,55.15
199,25,1,236.921,41.7506,12.1971,93.3,55.16
200,25,1,236.877,41.7515,12.2072,92.67,55.58
201,25,1,236.932,41.8086,12.1523,92.6,55.54
202,25,1,236.923,41.7661,12.1569,91.45,55.19
203,25,1,236.895,41.7443,12.1521,95.1,54.73
204,25,0,0,0,0,0,53.08
205,25,1,61.1627,9.98357,58.2974,89.47,57.98
206,25,1,60.9797,9.99503,58.4682,86.63,58.35
207,25,1,61.0732,9.95127,58.4111,93.55,59.31
208,25,1,61.0811,9.96588,58.2692,89.94,58.96
209,25,0,0,0,0,0,55.81
210,25,1,221.878,33.9897,38.5823,89.76,55.53
211,25,1,221.783,34.0007,38.6414,92.01,58.39
212,25,1,221.784,33.9962,38.6414,92.45,57.33
213,25,1,221.915,34.011,38.5491,92.32,57.83
214,25,1,221.755,34.0114,38.6235,92.03,57.51
215,25,1,221.863,34.0122,38.5704,93.63,57.72
216,25,1,221.822,34.0151,38.5639,85.5,55.22
217,25,1,342.772,21.5126,66.7019,97.39,56.17
218,25,1,342.665,21.4504,66.7716,92.45,56.87
219,25,1,342.475,21.3988,66.9768,92.41,57.6
220,25,1,342.8,21.5317,66.6123,93.56,57.46
221,25,1,342.713,21.4923,66.7998,92.93,58.12
222,25,1,342.654,21.4475,66.8024,91.91,56.92
223,25,1,342.573,21.4316,66.8709,93.06,57.67
224,25,1,342.687,21.4882,66.8725,92.88,56.98
225,25,1,342.568,21.4341,66.9036,92.72,57.89
226,25,1,342.682,21.4259,66.5599,91.75,57.41
227,25,1,342.615,21.4645,66.7252,92.68,57.06
228,25,1,342.444,21.4157,66.9356,92.72,57.03
229,25,1,168.194,26.9121,23.7997,87.16,55.9
230,25,1,168.08,26.8006,23.9606,94.67,57.77
231,25,1,168.13,26.8716,23.8627,93.32,57.92
232,25,1,168.189,26.7882,23.9093,97.91,58.28
233,25,1,168.09,26.8394,23.8806,92.01,57.83
234,25,1,168.114,26.8579,23.8553,91.36,59.11
235,25,1,168.096,26.9096,23.8997,93.1,59.44
236,25,1,168.097,26.9003,23.8281,91.62,58.98
237,25,1,168.173,26.9027,23.7764,90.92,59.16
238,25,1,168.102,26.7958,23.9312,95.84,59.31
239,25,1,168.136,26.8825,23.7978,91.82,59.23
240,25,1,168.056,26.7841,23.9396,96.34,58.68
241,25,1,168.193,26.8588,23.7583,93.12,58.55
242,25,1,168.04,26.8108,23.9415,94.71,57.87
243,25,1,168.199,26.8659,23.7665,93.34,59.41
244,25,1,168.014,26.7703,23.9148,93.7,58.23
245,25,1,168.083,26.8612,23.7898,93.13,59.06
246,25,1,168.208,26.8542,23.747,90.2,56.53
247,25,1,168.19,26.8558,23.7468,90.53,58.46
248,25,1,168.204,26.7763,23.7862,94.8,58.41
249,25,1,168.239,26.8597,23.7059,91.83,58.78
250,25,1,168.001,26.8114,23.8804,91.67,58.64
251,25,1,168.217,26.8429,23.7336,91.91,58.78
252,25,1,168.307,26.776,23.7491,96.07,57.22
253,25,1,168.263,26.8472,23.7771,84.57,39.35
254,25,0,0,0,0,0,35.24
255,25,0,0,0,0,0,35.69
0,26,0,0,0,0,0,36.46
1,26,0,0,0,0,0,37.32
2,26,0,0,0,0,0,37.25
3,26,0,0,0,0,0,36.81
4,26,1,131.283,33.3405,80.9944,84.52,36.74
5,26,1,131.234,33.3181,81.0145,92.89,52.96
6,26,1,131.351,33.2635,80.9793,94.48,56.15
7,26,1,131.402,33.2434,80.9513,92.98,55.79
8,26,1,131.278,33.2671,81.0165,94.13,55.76
9,26,1,131.29,33.2407,81.0196,90.54,56.18
10,26,1,131.34,33.2967,80.9938,92.09,56.95
11,26,1,131.292,33.2874,81.0072,92.51,56.46
12,26,1,131.192,33.2677,81.0606,90.82,56.21
13,26,1,131.168,33.2644,81.04,92.28,56.33
14,26,1,131.317,33.275,81.0065,94.75,56.76
15,26,1,131.3,33.283,81.0202,92.71,57.3
16,26,1,131.372,33.2815,80.9796,92.62,56.26
17,26,1,131.26,33.2837,81.0252,92.91,56.85
18,26,1,131.24,33.266,81.0202,94.29,56.88
19,26,1,131.204,33.28,81.0463,92.62,56.63
20,26,1,131.264,33.2896,80.9949,93.84,56.91
21,26,1,131.27,33.3582,81.1195,93.24,56.77
22,26,1,131.208,33.2567,81.0346,91.87,56.99
23,26,1,131.238,33.2469,81.0157,92.07,56.11
24,26,1,131.25,33.2486,81.0019,92.8,56.58
25,26,1,131.268,33.2519,81.0288,91.29,56.68
26,26,1,131.371,33.247,80.9185,93.48,56.86
27,26,1,131.231,33.2748,80.9874,92.7,56.25
28,26,1,131.327,33.2708,80.9803,92.24,56.83
29,26,1,131.326,33.2656,80.9804,93.48,57.09
30,26,1,131.258,33.2794,81.0012,92.26,56.48
31,26,1,131.276,33.2238,80.9811,92.32,56.31
32,26,1,131.289,33.2183,80.9616,92.48,56.46
33,26,1,131.371,33.2475,80.9396,91.7,57.09
34,26,1,131.259,33.2372,81.0115,91.75,56.58
35,26,1,131.339,33.2004,80.9387,93.26,56.82
36,26,1,131.269,33.2459,80.9635,92.52,57.75
37,26,1,131.213,33.2424,80.9988,92.72,57.15
38,26,1,131.324,33.2622,80.9578,92.16,56.64
39,26,1,131.122,33.0389,80.9404,83.31,57.32
40,26,1,131.274,33.1862,80.9599,93.77,55.67
41,26,0,0,0,0,0,52.79
42,26,1,355.281,18.7009,85.9861,92.17,52.07
43,26,1,355.543,18.6709,85.7328,93.12,50.9
44,26,0,0,0,0,0,52.02
45,26,1,356.214,11.963,23.8864,94.65,58.37
46,26,1,355.976,11.9799,24.1383,96.72,58.48
47,26,1,356.17,11.9573,23.932,94.24,59.23
48,26,1,355.993,11.9894,24.1155,94.8,58.53
49,26,1,356.099,11.963,24.0645,96.14,58.15
50,26,1,356.095,12.0437,23.9376,94.82,58.62
51,26,1,355.736,12.0251,24.4781,96.41,59.52
52,26,1,356.006,11.9605,24.0652,95.61,58.9
53,26,1,355.937,11.9713,24.1568,96.13,59.16
54,26,1,355.877,12.0249,24.2474,95.44,59.03
55,26,1,355.986,11.9568,24.1498,97.18,59.05
56,26,1,355.879,11.9681,24.295,94.86,58.43
57,26,1,355.906,12.0055,24.2364,94.49,59.07
58,26,1,355.959,11.9778,24.1849,94.25,59.71
59,26,1,355.705,11.9837,24.3797,94.12,58.94
60,26,1,355.8,11.9737,24.3113,94.35,59.39
61,26,1,355.867,11.9531,24.2469,95.82,59.32
62,26,1,355.652,12.0007,24.4869,95,58.41
63,26,1,355.654,12.0407,24.5378,96.9,59.08
64,26,1,355.73,11.9684,24.4616,96.16,58.88
65,26,1,355.655,11.9667,24.5465,96.36,58.26
66,26,1,355.821,12.0428,24.3338,95.89,59.36
67,26,1,355.809,12.0388,24.3126,95.83,59.15
68,26,1,355.788,11.9808,24.3262,95.41,58.71
69,26,1,355.831,11.9721,24.3375,94.91,58.95
70,26,1,355.707,11.9802,24.3722,96.3,58.25
71,26,1,355.55,11.9598,24.6236,95.92,59.11
72,26,1,355.772,12.0705,24.294,96.59,59.03
73,26,1,356.024,12.0212,24.0663,94.31,60.64
74,26,1,356.129,12.046,23.9834,95.45,59.51
75,26,1,356.157,12.069,23.9401,96.33,60.06
76,26,1,356.177,12.066,23.9016,96.04,59.25
77,26,1,356.153,12.0351,23.9249,95.78,58.93
78,26,1,355.709,12.0245,24.4494,94.54,58.04
79,26,1,356.098,12.0266,24.049,95.37,59.73
80,26,1,356.011,12.0389,24.078,96.78,58.96
81,26,1,356.114,12.0452,24.038,94.22,59.47
82,26,1,356.181,12.0112,24.0577,94.08,60.52
83,26,1,356.238,12.0523,23.7942,95.37,59.62
84,26,1,356.009,12.0205,24.0281,94.49,60.23
85,26,1,356.159,12.004,23.9658,97.11,59.86
86,26,1,356.078,12.0038,24.0886,94.43,60.26
87,26,1,356.011,12.0033,24.0992,95.75,59.79
88,26,1,355.839,12.0309,24.2257,95.81,58.85
89,26,1,355.944,11.982,24.1961,94.85,60.07
90,26,1,355.896,11.9747,24.1962,95.87,59.83
91,26,1,355.985,11.9875,24.1394,95.31,59.65
92,26,1,355.727,11.9776,24.4068,94.74,59.52
93,26,1,355.704,11.9827,24.4288,95.68,59.57
94,26,1,355.802,11.9888,24.2343,96.88,60.15
95,26,1,355.768,11.9812,24.2964,95.9,59.4
96,26,1,355.489,12.0237,24.5623,96.11,58.68
97,26,1,355.395,11.9569,24.7636,88.96,56.23
98,26,1,128.147,39.4955,38.3394,87.21,54.9
99,26,1,128.098,39.5128,38.3439,96.01,56.96
100,26,1,128.282,39.5033,38.2362,96.63,57.43
101,26,1,128.174,39.4886,38.2948,94.58,57.02
102,26,1,128.126,39.491,38.3117,95.54,57.36
103,26,1,128.187,39.495,38.3059,95.41,56.69
104,26,1,128.16,39.5087,38.3249,93.89,56.5
105,26,1,128.099,39.5226,38.3371,96.01,57.16
106,26,1,128.305,39.4498,38.2505,96.99,57.14
107,26,1,128.127,39.499,38.3136,94.48,56.34
108,26,1,128.101,39.4797,38.3446,96.39,56.53
109,26,1,128.367,39.4508,38.2018,96.55,57.47
110,26,1,128.138,39.4015,38.4354,94.88,55.72
111,26,0,0,0,0,0,55.51
112,26,1,355.215,11.9912,24.8943,96.57,58.3
113,26,1,355.419,11.9685,24.6116,95.65,58.99
114,26,1,355.344,11.9907,24.9151,93.88,58.87
115,26,1,355.416,11.9801,24.6996,96.46,58.84
116,26,1,355.293,11.9884,24.8328,94.05,59.15
117,26,1,355.227,12.0705,24.8998,97.34,58.24
118,26,1,355.047,12.0395,25.0396,96.07,59.99
119,26,1,355.127,12.0463,24.9329,95.06,58.23
120,26,1,355.278,11.9748,24.8185,95.13,58.84
121,26,1,355.224,11.9899,24.8763,95.44,59.4
122,26,1,355.249,12.0306,24.8684,96.04,58.74
123,26,1,355.054,11.9877,25.0202,95.53,58.71
124,26,1,355.229,12.0441,24.9506,96.97,59.63
125,26,1,355.225,11.9788,24.9259,95.97,58.96
126,26,1,355.261,11.9774,24.7298,96.1,59.54
127,26,1,355.008,12.0229,25.1653,95.49,58.74
128,26,1,355.07,12.0052,25.0054,96.02,59.05
129,26,1,355.137,11.997,24.9329,96.09,59.05
130,26,1,355.169,11.9764,24.8903,94.83,58.73
131,26,1,355.01,12.0524,25.0684,96.78,59.88
132,26,1,354.975,11.9818,25.0774,94.37,59.85
133,26,1,355.288,11.9787,24.7198,96.86,58.95
134,26,1,355.056,12.0345,25.0182,96.71,59.85
135,26,1,354.778,12.0451,25.3082,95.82,58.95
136,26,1,355.056,11.9699,24.9672,95.17,59.21
137,26,1,355.04,12.0434,25.0162,95.84,58.88
138,26,1,355.108,11.9812,24.9601,95.82,59.05
139,26,1,355.132,11.9722,24.9247,88.15,59.37
140,26,1,354.966,11.9736,25.0851,95.68,59.34
141,26,1,355.091,11.9875,24.9896,95.07,59.09
142,26,1,354.899,12.0137,25.0952,95.42,59.45
143,26,1,354.928,12.1145,25.1496,97.11,59.07
144,26,1,354.843,12.0447,25.3018,95.14,58.56
145,26,1,355.016,11.9702,25.0547,94.98,59.48
146,26,1,354.955,12.0029,25.0576,96.41,59.36
147,26,1,354.926,12.0066,25.1745,94.98,58.77
148,26,1,354.903,11.9861,25.1817,95.6,59.83
149,26,1,354.984,12.0363,25.0785,96.67,59.59
150,26,1,354.887,11.9837,25.2275,93.78,58.31
151,26,1,354.874,11.9938,25.1399,95.67,59.34
152,26,1,354.569,12.044,25.5137,95.63,57.81
153,26,1,354.527,12.0344,25.4656,95.68,58.06
154,26,1,354.417,12.0314,25.7021,94.19,56.63
155,26,0,0,0,0,0,54.79
156,26,1,236.942,41.6893,12.1198,93.51,54.34
157,26,1,236.901,41.6793,12.2184,93.24,54.65
158,26,1,236.815,41.6284,12.2079,95.37,54.58
159,26,1,236.922,41.6487,12.253,93.97,54.9
160,26,1,236.811,41.6173,12.2636,95.17,54.62
161,26,1,236.872,41.6276,12.2599,94.24,54.52
162,26,1,236.907,41.6585,12.1703,93.58,54.33
163,26,1,236.884,41.6436,12.1821,94.65,55.51
164,26,1,236.809,41.6455,12.2691,91.69,55.81
165,26,1,236.78,41.6343,12.2311,93.81,54.88
166,26,1,236.914,41.6479,12.2499,91.5,55.38
167,26,1,236.915,41.6474,12.2353,95.4,55.42
168,26,1,236.915,41.6417,12.2107,91.5,55.67
169,26,1,236.898,41.6622,12.2063,91.41,55.39
170,26,1,236.922,41.6672,12.2291,93.33,55.19
171,26,1,236.936,41.67,12.1201,92.65,55.43
172,26,1,236.93,41.6563,12.2225,93.53,55.28
173,26,1,236.948,41.6804,12.2148,92.19,54.53
174,26,1,236.896,41.6816,12.2024,94.06,55.1
175,26,1,236.746,41.6359,12.2544,94.85,55.76
176,26,1,236.843,41.6444,12.2452,93.47,54.95
177,26,1,236.907,41.6976,12.1538,92.68,54.53
178,26,1,236.884,41.6703,12.1972,94.76,54.93
179,26,1,236.805,41.6543,12.2285,95.29,55.05
180,26,1,236.791,41.6595,12.2613,92.67,54.02
181,26,1,236.871,41.6215,12.2355,95.22,55.95
182,26,1,236.872,41.7008,12.2064,92.01,55.49
183,26,1,236.809,41.6756,12.2572,94.02,54.61
184,26,1,236.861,41.6527,12.2453,92.89,55.89
185,26,1,236.969,41.657,12.2149,94.42,55.69
186,26,1,236.938,41.7087,12.1592,92.88,56.12
187,26,1,236.772,41.6782,12.2555,92.36,55
188,26,1,236.794,41.6859,12.2167,91.91,54.55
189,26,1,236.77,41.6704,12.2326,96.04,54.78
190,26,1,236.825,41.6883,12.2275,94.18,54.86
191,26,1,236.889,41.6831,12.1867,94.26,55.88
192,26,1,236.959,41.7242,12.0974,93.93,54.81
193,26,1,236.859,41.6997,12.2271,93.23,55.35
194,26,1,236.996,41.713,12.1531,95.76,55.86
195,26,1,236.828,41.7018,12.2147,92.03,54.94
196,26,1,236.871,41.6938,12.2379,93.4,55.95
197,26,1,236.848,41.6365,12.301,93.98,55.59
198,26,1,236.929,41.7339,12.1115,93.19,55.37
199,26,1,236.847,41.7555,12.1357,94.32,55.98
200,26,1,236.935,41.7941,12.1827,94.34,56.09
201,26,1,236.844,41.776,12.1637,94.8,55.91
202,26,1,236.993,41.7824,12.0843,92.72,54.95
203,26,1,236.886,41.7535,12.1935,91.99,55.67
204,26,1,236.952,41.7767,12.1116,87.75,52.76
205,26,1,61.038,10.0011,58.4344,89.02,57.08
206,26,1,61.3039,9.98135,58.1795,88.59,59.1
207,26,1,61.1127,9.9542,58.2885,92.78,58.33
208,26,1,61.0928,9.97373,58.3447,91.91,58.93
209,26,1,60.7378,10.0124,58.6212,87.77,56.4
210,26,1,221.703,33.977,38.6685,93.65,56.47
211,26,1,221.781,34.0037,38.644,92.47,57.28
212,26,1,221.718,33.9946,38.6834,93.92,57.27
213,26,1,221.854,34.0082,38.6099,92.73,57.3
214,26,1,221.898,33.9979,38.5512,92.68,58.33
215,26,1,221.85,34.053,38.6324,94.44,57.31
216,26,1,221.849,33.9964,38.542,91.82,55.53
217,26,1,342.672,21.4335,66.7175,90.75,54.81
218,26,1,342.637,21.437,66.709,91.44,57.23
219,26,1,342.709,21.4567,66.6599,91.76,56.35
220,26,1,342.735,21.453,66.6137,91.82,56.63
221,26,1,342.598,21.3983,66.9075,91.4,57.4
222,26,1,342.7,21.4519,66.6472,91.63,56.91
223,26,1,342.617,21.4356,66.7846,93.22,57.69
224,26,1,342.764,21.5466,66.7172,93.78,57.1
225,26,1,342.835,21.4604,66.6476,94.03,56.83
226,26,1,342.62,21.4994,66.8731,95.79,58.11
227,26,1,342.51,21.4647,67.0707,94.64,57.82
228,26,1,342.592,21.4389,66.7728,91.54,55.66
229,26,1,168.127,26.868,23.8809,94.17,56.09
230,26,1,168.102,26.7847,23.9092,96.08,58.56
231,26,1,168.168,26.8693,23.8505,91.77,58.47
232,26,1,168.097,26.808,23.9404,93.02,58.27
233,26,1,168.254,26.7958,23.8083,94.69,59.19
234,26,1,167.977,26.8279,23.9304,91.44,58.34
235,26,1,168.16,26.8142,23.8823,95.61,58.75
236,26,1,168.199,26.8811,23.7902,91.59,59.23
237,26,1,168.202,26.888,23.7909,94.09,59.64
238,26,1,168.08,26.8661,23.8468,91.48,58.38
239,26,1,168.098,26.822,23.9415,93.72,58.49
240,26,1,168.262,26.876,23.7194,92.96,59.53
241,26,1,168.092,26.8655,23.8291,90.26,58.58
242,26,1,168.184,26.8791,23.7573,91.87,58.32
243,26,1,168.212,26.7628,23.829,96.75,59.12
244,26,1,168.144,26.8937,23.7884,92.59,58.64
245,26,1,168.096,26.9017,23.8558,92.6,57.59
246,26,1,168.036,26.8306,23.8963,91.5,54.77
247,26,1,168.227,26.8887,23.6997,91.91,57.46
248,26,1,168.308,26.8071,23.75,95.27,58.86
249,26,1,168.111,26.8389,23.8308,89.95,59.13
250,26,1,168.228,26.7533,23.7657,93.82,59.7
251,26,1,168.209,26.78,23.8112,93.81,59.08
252,26,1,168.272,26.7974,23.7808,94.3,55.24
253,26,1,168.386,26.7568,23.6362,87.39,39.66
254,26,0,0,0,0,0,35.98
255,26,0,0,0,0,0,53.71
0,27,0,0,0,0,0,35.68
1,27,0,0,0,0,0,37.01
2,27,2,337.686,47.5893,24.0875,47.95,36.89
3,27,0,0,0,0,0,37.01
4,27,2,131.389,33.8237,81.038,66.08,36.95
5,27,1,131.201,33.2915,81.0532,91.47,52.9
6,27,1,131.329,33.2427,81.0033,92.18,55.22
7,27,1,131.338,33.2381,80.9895,93.52,55.72
8,27,1,131.194,33.2615,81.0562,91.99,56.53
9,27,1,131.267,33.2648,81.0162,92.91,56.03
10,27,1,131.282,33.255,81.0087,94.35,56.45
11,27,1,131.241,33.2727,81.0455,92.66,56.01
12,27,1,131.142,33.2976,81.0628,93.77,56.87
13,27,1,131.192,33.3595,81.1407,93.19,56.9
14,27,1,131.134,33.2663,81.0893,90.92,56.7
15,27,1,131.177,33.3364,81.1115,92.47,56.24
16,27,1,131.281,33.2974,81.024,92.81,57.25
17,27,1,131.244,33.2969,81.025,92.13,57.35
18,27,1,131.31,33.2791,80.9806,93.68,57.03
19,27,1,131.215,33.2767,81.0323,92.98,57.1
20,27,1,131.294,33.2709,80.9944,93.33,56.92
21,27,1,131.397,33.2543,80.9682,93.71,56.94
22,27,1,131.352,33.2403,80.9426,92.55,56.9
23,27,1,131.374,33.2602,80.9634,92.11,56.67
24,27,1,131.256,33.24,81.0142,91.69,56.4
25,27,1,131.327,33.2544,80.9761,93.67,57.54
26,27,1,131.17,33.0865,80.8816,82.75,57.54
27,27,1,131.292,33.2434,80.993,93.95,57.2
28,27,1,131.078,33.0727,80.9848,82.35,56.98
29,27,1,131.393,33.2455,80.9594,93.6,57.41
30,27,1,131.314,33.2613,80.9707,91.74,56.86
31,27,1,131.315,33.2618,80.9701,93.81,56.92
32,27,1,131.177,33.2697,81.032,91.79,56.66
33,27,1,131.396,33.2414,80.9296,92.18,56.57
34,27,1,131.305,33.233,80.9725,91.25,57.17
35,27,1,131.245,33.27,80.9915,93.84,56.86
36,27,1,131.348,33.2392,80.945,93.21,56.77
37,27,1,131.344,33.2396,80.9495,92.15,56.97
38,27,1,131.342,33.2504,80.9557,92.99,56.86
39,27,1,131.288,33.2306,80.9699,91.47,57.03
40,27,1,131.316,33.1672,80.9759,87.49,53.58
41,27,1,355.352,18.6596,85.964,92.55,51.25
42,27,1,355.414,18.7142,85.7863,95.02,52.12
43,27,1,355.264,18.6594,86.0836,93.18,51.53
44,27,0,0,0,0,0,52.83
45,27,1,356.036,11.9789,24.123,93.88,57.85
46,27,1,356.177,12.0131,23.9433,96.9,59.26
47,27,1,355.824,12.01,24.3808,94.81,58.43
48,27,1,355.953,11.9658,24.1517,95,58.87
49,27,1,355.91,11.9778,24.1652,96.15,58.63
50,27,1,355.9,11.9779,24.1453,96.3,58.53
51,27,1,355.844,11.9942,24.2726,93.96,58.15
52,27,1,356.085,11.9577,23.9866,96.86,58.73
53,27,1,355.847,12.033,24.312,97.43,58.82
54,27,1,355.895,11.9832,24.1807,94.89,59.01
55,27,1,356.058,11.9648,24.1257,97.15,59.35
56,27,1,355.944,11.9752,24.2681,97.29,59.22
57,27,1,355.845,11.9607,24.3451,95.18,58.07
58,27,1,355.889,11.9705,24.2386,94.5,59.41
59,27,1,355.517,12.0308,24.6867,96.4,58.29
60,27,1,355.969,12.0308,24.1055,96.53,58.12
61,27,1,356.034,11.9531,24.1706,94.03,58.97
62,27,1,355.719,11.9719,24.3834,97.52,59.19
63,27,1,355.653,11.9727,24.5184,96.56,58.47
64,27,1,355.794,11.9677,24.3235,95.66,59.84
65,27,1,355.734,11.9761,24.3876,95.52,59.28
66,27,1,355.698,11.9826,24.3869,95.03,58.85
67,27,1,355.724,11.989,24.3575,96.14,58.53
68,27,1,355.666,11.9754,24.4097,95.12,58.11
69,27,1,355.868,11.9868,24.1823,95.74,58.98
70,27,1,355.781,11.9927,24.2902,94.43,59.17
71,27,1,355.911,12.0294,24.1929,95.72,59.11
72,27,1,355.969,12.017,24.1536,94.68,59.23
73,27,1,356.24,12.075,23.8118,94.16,60.07
74,27,1,356.463,12.0694,23.6261,94.07,59.86
75,27,1,356.581,12.0827,23.5172,97.42,60.22
76,27,1,356.327,12.0506,23.8836,95.13,59.15
77,27,1,356.221,12.0603,23.9366,93.89,58.52
78,27,1,355.762,11.9948,24.3539,95.56,58.71
79,27,1,356.073,12.0294,24.0232,95.58,59.76
80,27,1,356.231,11.9862,23.9557,94.95,59.73
81,27,1,356.117,12.0224,24.0355,95.41,60.21
82,27,1,355.872,12.0206,24.3114,95.93,58.81
83,27,1,355.867,12.0041,24.2891,96.56,59.69
84,27,1,355.92,12.0029,24.2285,95.17,59.13
85,27,1,356.076,12.0059,24.0921,95.13,60.25
86,27,1,355.911,12.0075,24.1771,95.15,59.48
87,27,1,355.914,11.9943,24.2431,95.98,60.05
88,27,1,355.575,12.0236,24.6223,96.39,59.28
89,27,1,355.626,11.9748,24.4867,95.36,59.75
90,27,1,355.767,11.9854,24.3029,93.99,59.06
91,27,1,355.589,11.9799,24.5259,97.2,59.67
92,27,1,355.542,12.0226,24.5153,95.93,58.94
93,27,1,355.648,11.9605,24.522,97.32,59.36
94,27,1,355.741,11.968,24.4241,96.51,59.64
95,27,1,355.433,11.9914,24.6853,95.81,58.55
96,27,1,355.208,11.9795,24.878,95.48,57.21
97,27,0,0,0,0,0,55.3
98,27,1,128.152,39.4684,38.3211,95.96,56.01
99,27,1,128.18,39.4673,38.3059,94.38,55.73
100,27,1,128.28,39.4727,38.2702,94.34,56.98
101,27,1,128.144,39.4704,38.2771,96.13,57.16
102,27,1,128.174,39.4843,38.2923,95.03,56.45
103,27,1,128.252,39.493,38.2725,95.79,57.3
104,27,1,128.184,39.5059,38.3157,95.97,56.94
105,27,1,128.162,39.4828,38.3106,95.07,56.37
106,27,1,128.2,39.4724,38.2588,96,57.35
107,27,1,128.206,39.4991,38.3128,97.7,58.35
108,27,1,128.086,39.4819,38.3778,97.94,57.86
109,27,1,128.295,39.488,38.2316,97.74,56.64
110,27,0,0,0,0,0,54.85
111,27,1,355.327,11.9692,24.8485,95.36,57.67
112,27,1,355.298,11.9938,24.758,94.51,59.18
113,27,1,355.256,11.9603,24.8244,96.76,59.35
114,27,1,355.362,12.005,24.7145,96.75,58.64
115,27,1,355.214,11.9774,24.9023,96.6,58.96
116,27,1,355.295,11.996,24.8768,96.08,58.63
117,27,1,355.235,11.9668,24.9178,93.94,58.6
118,27,1,355.116,11.9949,24.936,94.83,58.68
119,27,1,355.153,12.0373,24.8606,97.35,59.75
120,27,1,355.138,11.961,24.9636,96.09,58.54
121,27,1,355.042,12.0306,25.1246,97.01,59.28
122,27,1,355.407,11.7562,24.8667,85.84,60.34
123,27,1,355.282,11.9616,24.8703,95.57,58.62
124,27,1,355.016,12.0656,25.1683,96.18,59.34
125,27,1,355.196,11.9733,24.8714,96.68,59.14
126,27,1,355.14,12.002,24.9302,96.11,59.12
127,27,1,355.169,12.0806,24.9646,96.92,59.52
128,27,1,355.052,11.9928,25.0229,96.61,59.5
129,27,1,355.013,11.982,25.077,95.96,59.02
130,27,1,355.103,12.0095,24.982,94.96,58.97
131,27,1,354.948,11.9843,25.1781,95.48,59.26
132,27,1,355.038,11.9789,25.0521,95.49,59.33
133,27,1,355.146,12.0153,24.9046,96.16,58.69
134,27,1,355.091,11.9951,25.0306,94.26,59.2
135,27,1,354.899,11.9559,25.1809,96.43,58.67
136,27,1,354.972,12.0175,25.0754,94.66,59.82
137,27,1,355.037,11.9797,25.0211,94.52,59.22
138,27,1,355.054,11.9756,25.022,94.39,58.56
139,27,1,355.067,12.0542,24.9447,95.96,59.46
140,27,1,354.992,11.9793,25.0787,96.17,59.4
141,27,1,354.983,11.9807,25.0693,96.59,59.78
142,27,1,354.961,12.0019,25.0987,94.13,59.39
143,27,1,354.987,12.0499,24.9598,95.23,59.4
144,27,1,354.908,11.9694,25.2652,93.63,58.78
145,27,1,354.977,11.9824,25.1151,94.27,59.33
146,27,1,354.879,11.985,25.1689,96.34,59.12
147,27,1,354.834,12.0609,25.2598,98.11,59.17
148,27,1,354.983,12.0082,25.1058,95.28,60.02
149,27,1,354.909,11.9888,25.1591,96.53,59.93
150,27,1,355.123,11.9814,24.9971,96.89,59.63
151,27,1,354.682,11.9636,25.361,95.5,57.26
152,27,0,0,0,0,0,55.6
153,27,0,0,0,0,0,54.64
154,27,0,0,0,0,0,54.94
155,27,1,236.908,41.6207,12.2221,94.49,53.63
156,27,1,236.835,41.6204,12.2671,96.38,54.89
157,27,1,236.898,41.6572,12.27,95.61,54.78
158,27,1,236.899,41.6376,12.2006,94.43,54.49
159,27,1,236.9,41.6393,12.2594,94.26,55.08
160,27,1,236.849,41.609,12.2778,93.75,54.96
161,27,1,236.868,41.6499,12.2042,95.7,55.34
162,27,1,236.863,41.6492,12.2316,93.96,53.85
163,27,1,236.901,41.6244,12.2786,93.31,54.35
164,27,1,236.83,41.6352,12.2683,94.68,54.99
165,27,1,236.833,41.6384,12.2634,92.64,55.14
166,27,1,236.905,41.6491,12.2313,94.39,55.49
167,27,1,236.907,41.6728,12.2372,96.14,54.97
168,27,1,236.753,41.6494,12.2373,94.63,54.61
169,27,1,236.98,41.6975,12.1003,95.65,55.1
170,27,1,236.966,41.6668,12.1618,92.59,55.37
171,27,1,236.925,41.6496,12.1743,91.74,55.82
172,27,1,236.949,41.6955,12.1475,94.76,55.68
173,27,1,236.894,41.6375,12.2233,94.72,55.02
174,27,1,236.81,41.663,12.2644,91.67,55.39
175,27,1,236.883,41.6626,12.2135,96.19,55.36
176,27,1,236.812,41.6677,12.2556,92.75,54.75
177,27,1,236.86,41.6652,12.1943,92.22,55.17
178,27,1,236.887,41.6474,12.2246,94.35,54.98
179,27,1,236.841,41.6806,12.1463,95.13,55.12
180,27,1,236.952,41.7198,12.105,93.65,54.94
181,27,1,236.86,41.6837,12.2031,92.61,54.94
182,27,1,236.83,41.6698,12.2113,94.94,55.02
183,27,1,236.853,41.6876,12.1543,96.56,55
184,27,1,236.915,41.7145,12.1336,93.48,55.54
185,27,1,236.897,41.6943,12.1966,95.96,55.22
186,27,1,236.788,41.6687,12.2335,93.44,54.87
187,27,1,236.932,41.7079,12.1154,92.38,54.25
188,27,1,236.982,41.7236,12.0897,95.24,56.19
189,27,1,236.858,41.6539,12.2388,94.3,55.23
190,27,1,236.867,41.6748,12.2292,92.39,54.94
191,27,1,236.895,41.7195,12.2209,93.52,55.58
192,27,1,236.827,41.6932,12.1947,92.46,55.36
193,27,1,236.866,41.7156,12.1516,93.76,55.86
194,27,1,236.827,41.6833,12.2492,95.35,55.33
195,27,1,236.809,41.6756,12.2921,92.43,55.19
196,27,1,236.784,41.6853,12.2832,93.9,54.26
197,27,1,236.805,41.693,12.2442,95.41,56.35
198,27,1,236.811,41.7253,12.2926,92.73,55.48
199,27,1,236.844,41.7579,12.2572,94.7,55.14
200,27,1,236.916,41.8001,12.1814,96.61,55.96
201,27,1,236.857,41.7842,12.2195,94.59,54.92
202,27,1,236.799,41.7344,12.2197,92.32,56.29
203,27,1,236.863,41.7499,12.2018,91.99,55.42
204,27,1,236.985,41.8001,12.1295,91.59,52.01
205,27,1,61.3285,9.98036,58.119,87.96,57.05
206,27,1,60.7422,9.99565,58.7842,88.84,58.72
207,27,1,60.9735,9.95994,58.5395,92.61,58.7
208,27,1,60.8531,9.9987,58.5613,87.58,59.16
209,27,1,60.7957,9.97225,58.7224,86.97,57.6
210,27,0,0,0,0,0,55.25
211,27,1,221.601,33.9732,38.6953,94.89,57.2
212,27,1,221.759,34.0172,38.6712,93.51,57.64
213,27,1,221.769,34.0159,38.6295,94.91,57.93
214,27,1,222.194,33.8338,38.1212,88.31,57.22
215,27,1,222.164,33.8405,38.134,87.8,58.94
216,27,1,221.903,33.9942,38.5463,92.61,57.8
217,27,0,0,0,0,0,53.81
218,27,1,342.704,21.4434,66.7705,93.62,56.52
219,27,1,342.665,21.4245,66.8303,91.18,57.18
220,27,1,342.748,21.4657,66.7893,92.46,56.96
221,27,1,342.745,21.4461,66.6237,92.24,57.7
222,27,1,342.78,21.5552,66.6096,93.1,57.34
223,27,1,342.549,21.4139,66.8708,92.63,57.9
224,27,1,342.649,21.4685,66.7287,91.33,57.46
225,27,1,342.58,21.4521,66.8067,91.78,58.15
226,27,1,342.415,21.3916,67.0578,90.69,58.07
227,27,1,342.616,21.4623,66.7425,94.26,57.05
228,27,1,342.65,21.5088,66.8249,86.75,54.92
229,27,1,167.997,26.7974,24.0207,95.2,57.11
230,27,1,168.061,26.8495,23.9139,90.52,58.09
231,27,1,168.205,26.9005,23.7845,93.28,59.12
232,27,1,168.083,26.7837,23.9617,94.59,59.24
233,27,1,168.199,26.8308,23.9087,93.65,58.41
234,27,1,168.088,26.8725,23.8287,93.39,59.29
235,27,1,168.178,26.8843,23.7933,90.68,58.56
236,27,1,168.168,26.8356,23.8999,94.6,58.47
237,27,1,168.17,26.8175,23.8947,95.08,59.13
238,27,1,168.101,26.8744,23.8182,93.65,59.12
239,27,1,168.063,26.7666,23.9261,95.74,58.7
240,27,1,168.302,26.8978,23.7335,93.37,59.44
241,27,1,168.045,26.7619,23.9492,96.15,59
242,27,1,168.017,26.8447,23.8947,90.25,60.06
243,27,1,168.122,26.8723,23.7891,91.23,58.73
244,27,1,167.968,26.8495,23.9192,91.9,59.16
245,27,1,168.069,26.8379,23.9741,94.87,58.52
246,27,1,168.1,26.9098,23.8485,89.89,55.19
247,27,1,168.336,26.8317,23.7272,95.28,57.28
248,27,1,168.287,26.7979,23.7142,94.8,58.87
249,27,1,168.31,26.7791,23.7071,94.27,58.98
250,27,1,168.249,26.779,23.7831,92.7,59.46
251,27,1,168.172,26.7953,23.8381,95.38,58.93
252,27,1,168.415,26.9071,23.6011,92.51,55.99
253,27,1,168.206,26.752,23.6508,92.05,39.86
254,27,0,0,0,0,0,56.09
255,27,0,0,0,0,0,52.89
0,28,0,0,0,0,0,56.15
1,28,0,0,0,0,0,37.04
2,28,0,0,0,0,0,36.94
3,28,0,0,0,0,0,54.84
4,28,1,131.338,33.3283,81.0319,85.94,37.33
5,28,1,131.378,33.2736,80.9945,93.71,54.37
6,28,1,131.164,33.2651,81.0461,94.31,56.07
7,28,1,131.288,33.2711,81.0306,91.94,56.4
8,28,1,131.276,33.3146,81.0343,93.27,56.87
9,28,1,131.274,33.2524,81.0183,91.82,55.88
10,28,1,131.373,33.2844,80.995,92.21,56.9
11,28,1,131.212,33.2874,81.0638,93,56.36
12,28,1,131.303,33.3114,81.0221,91.7,56.82
13,28,1,131.282,33.305,81.0244,92.78,56.07
14,28,1,131.284,33.2978,81.0202,92,56.99
15,28,1,131.276,33.2535,81.0435,91.55,56.78
16,28,1,131.377,33.2389,80.9617,95,56.91
17,28,1,131.262,33.29,81.0236,92.32,56.72
18,28,1,131.256,33.2887,81.0156,91.92,56.89
19,28,1,131.267,33.2657,81.0085,93.95,56.77
20,28,1,131.226,33.3427,81.1624,93.9,56.26
21,28,1,131.165,33.2742,81.0498,91.68,57.02
22,28,1,131.329,33.2808,80.9801,92.9,57.44
23,28,1,131.349,33.2767,80.9508,92.7,57.26
24,28,1,131.277,33.284,81.001,93.26,57.24
25,28,1,131.206,33.2483,81.0348,90.93,56.34
26,28,1,131.223,33.2895,81.002,93.9,56.59
27,28,1,131.298,33.2225,80.9765,92.45,56.44
28,28,1,131.284,33.2189,80.9693,92.53,57.08
29,28,1,131.15,33.0729,80.936,82.54,57.54
30,28,1,131.37,33.2622,80.9697,93.01,56.54
31,28,1,131.23,33.2274,81.0212,92.59,56.88
32,28,1,131.346,33.259,80.9513,92,57.36
33,28,1,131.278,33.2741,80.9985,90.33,57.14
34,28,1,131.339,33.2379,80.9316,93.04,57.23
35,28,1,131.232,33.0986,80.8198,84.14,58.03
36,28,1,131.305,33.2491,80.9802,93.26,56.92
37,28,1,131.26,33.2449,80.9867,91.55,56.93
38,28,1,131.358,33.2439,80.9576,91.66,56.77
39,28,1,131.46,33.1691,80.8968,92.37,55.2
40,28,0,0,0,0,0,51.86
41,28,1,355.303,18.6574,86.0328,92.93,50.79
42,28,1,355.287,18.6373,85.9212,90.18,52.94
43,28,1,355.401,18.6402,85.8371,88.03,51.62
44,28,0,0,0,0,0,53.61
45,28,1,356.041,11.9694,24.0987,94.06,58.02
46,28,1,355.9,11.9858,24.2551,95.85,58.94
47,28,1,356.02,11.9893,24.2034,93.16,58.38
48,28,1,355.897,11.9825,24.2799,96.27,58.54
49,28,1,355.986,12.0351,24.0368,95.7,58.29
50,28,1,356.047,11.9645,24.0609,95.8,59.05
51,28,1,355.827,11.9695,24.2869,93.46,58.47
52,28,1,355.996,11.9866,24.1131,95.76,57.91
53,28,1,356.063,11.9589,24.1563,92.92,58.65
54,28,1,355.886,11.9608,24.2874,95.84,57.96
55,28,1,355.98,11.9582,24.2485,94.51,59.3
56,28,1,355.824,11.9356,24.4206,92.14,58.8
57,28,1,355.951,12.0581,24.1135,96.63,58.51
58,28,1,355.832,11.9693,24.2869,96.83,58.93
59,28,1,355.681,12.0223,24.4782,96.27,58.51
60,28,1,355.738,11.9741,24.4081,96.28,58.39
61,28,1,355.829,11.9654,24.3444,96.28,59.45
62,28,1,355.591,12.0582,24.4693,94.79,59.05
63,28,1,355.461,12.03,24.6156,95.13,58.08
64,28,1,355.599,11.9823,24.5244,95.81,58.83
65,28,1,355.834,11.996,24.2538,96.59,60.03
66,28,1,355.724,11.9729,24.3432,95.99,59.75
67,28,1,355.865,12.0219,24.2547,97.5,59.94
68,28,1,355.777,12.0343,24.3463,95.74,58.98
69,28,1,355.84,11.9829,24.233,96.45,59.46
70,28,1,356.085,11.9796,24.046,92.97,59.7
71,28,1,356.108,11.9795,24.0417,93.91,59.1
72,28,1,356.384,12.0381,23.6857,96.36,59.92
73,28,1,356.481,12.0279,23.6251,95.42,59.64
74,28,1,356.273,12.0678,23.8693,94.27,59.48
75,28,1,356.43,12.0574,23.6473,95.33,60.14
76,28,1,356.291,12.0264,23.7882,95.41,59.15
77,28,1,356.028,11.9894,24.0417,96.43,58.7
78,28,1,356.101,11.9892,24.0148,97.95,58.83
79,28,1,356.047,11.9736,24.0826,96.29,59.12
80,28,1,355.982,11.9671,24.1851,96.23,60.36
81,28,1,355.8,12.0967,24.3454,96.19,58.81
82,28,1,355.816,11.9941,24.3035,94.22,59.43
83,28,1,355.989,11.9882,24.1176,95,59.48
84,28,1,355.722,12.0198,24.3554,95.41,58.43
85,28,1,356.015,12.008,24.1133,96.44,60.01
86,28,1,355.841,12.0793,24.2302,96.84,58.92
87,28,1,355.76,11.9891,24.4087,92.88,58.98
88,28,1,355.583,12.0319,24.5968,96.76,59.44
89,28,1,355.763,11.9775,24.3366,96.42,59.15
90,28,1,355.685,11.9728,24.4339,96.46,58.98
91,28,1,355.634,11.977,24.6086,94.62,59.28
92,28,1,355.462,11.9712,24.6367,94.48,59.04
93,28,1,355.443,12.0016,24.7119,96.91,58.9
94,28,1,355.632,11.973,24.5203,96.06,59.28
95,28,1,355.63,12.0295,24.3654,95.86,58.58
96,28,0,0,0,0,0,54.66
97,28,1,128.041,39.4043,38.4241,95.42,55.46
98,28,1,128.118,39.3895,38.3753,95.41,56.27
99,28,1,128.238,39.3995,38.2407,95.74,56.46
100,28,1,128.193,39.4246,38.277,95.27,55.67
101,28,1,128.048,39.4015,38.4021,93.42,56.13
102,28,1,128.217,39.3933,38.3097,95.13,57.09
103,28,1,128.146,39.4094,38.3108,95.83,55.63
104,28,1,128.147,39.4479,38.2791,94.83,56.93
105,28,1,128.127,39.4198,38.3083,95.56,56.05
106,28,1,128.193,39.4125,38.2908,95.46,56.61
107,28,1,128.165,39.4347,38.3145,94.31,56.17
108,28,1,128.188,39.4083,38.2734,95.48,57.19
109,28,1,128.215,39.3869,38.3157,96.52,55.36
110,28,0,0,0,0,0,55.24
111,28,1,355.481,11.9767,24.6156,95.83,57.89
112,28,1,355.303,11.9651,24.7433,97.06,59.41
113,28,1,355.27,11.9586,24.8286,94.92,58.75
114,28,1,355.406,11.9781,24.6297,96.39,58.82
115,28,1,355.264,11.9596,24.7719,96.07,59
116,28,1,355.219,11.9905,24.8904,96.35,58.64
117,28,1,355.346,11.9727,24.7933,96.31,59.48
118,28,1,355.226,12.0929,24.8847,97.14,58.73
119,28,1,355.202,11.9863,24.7653,94.95,58.31
120,28,1,355.249,11.9772,24.822,93.58,58.86
121,28,1,355.249,11.9646,24.7778,97.07,58.9
122,28,1,355.42,11.9615,24.6287,95.95,59.98
123,28,1,355.395,11.9782,24.6403,95.72,59.22
124,28,1,355.025,11.9593,25.0827,95.72,58.61
125,28,1,355.255,11.9755,24.7807,96.4,58.63
126,28,1,355.245,11.9638,24.817,96.52,59.25
127,28,1,355.123,11.9738,24.9707,97.09,59.05
128,28,1,355.103,11.9773,24.9902,95.56,58.59
129,28,1,355.312,12.0056,24.778,94.17,58.87
130,28,1,355.095,11.9741,24.9621,95.57,59.08
131,28,1,355.029,11.9819,25.0463,95.81,58.45
132,28,1,355.164,11.9814,24.8953,95.71,59.67
133,28,1,355.02,11.9819,25.0908,95.4,59.48
134,28,1,355.03,12.0028,25.02,95.35,58.92
135,28,1,355.137,11.9766,24.9215,94.29,59.29
136,28,1,354.987,12.0274,25.0898,97.41,58.65
137,28,1,355.037,11.9869,25.0183,96.03,58.86
138,28,1,354.831,11.9641,25.2308,93.39,59.89
139,28,1,355.084,12.053,25.0174,95.72,59.32
140,28,1,354.917,11.969,25.1551,94.83,58.88
141,28,1,355.029,11.9805,25.0066,95.93,58.84
142,28,1,354.986,11.9807,25.0665,97.11,59.33
143,28,1,355.089,12.0249,24.9928,93.94,58.69
144,28,1,354.901,12.038,25.2823,94.85,59.9
145,28,1,355.032,12.028,24.9696,95.8,58.57
146,28,1,354.9,11.9952,25.2079,95.5,58.78
147,28,1,355.074,11.961,25.0072,95.83,58.78
148,28,1,354.986,12.0543,25.1136,97.18,58.92
149,28,1,354.891,11.9749,25.1445,94.26,59.76
150,28,1,354.789,12.0298,25.2215,94.6,58.21
151,28,1,354.703,11.9123,25.2494,84.13,55.84
152,28,1,236.982,41.6579,12.1388,88.11,54.77
153,28,1,237.01,41.6736,12.1101,84.52,54.13
154,28,1,236.913,41.6494,12.2078,92.33,53.7
155,28,1,236.899,41.6008,12.2824,95.92,54.93
156,28,1,236.811,41.6473,12.1678,92.87,54.45
157,28,1,236.917,41.6467,12.2364,94.37,55.48
158,28,1,236.89,41.6553,12.2475,92.91,55.64
159,28,1,236.86,41.645,12.218,93.96,55.15
160,28,1,236.948,41.6452,12.2411,95.46,53.94
161,28,1,236.804,41.6563,12.2632,92.55,53.67
162,28,1,236.866,41.6645,12.1726,92.95,54.7
163,28,1,236.885,41.6554,12.1466,93.9,55.45
164,28,1,236.795,41.6504,12.2577,93.6,55.76
165,28,1,236.875,41.6343,12.2532,94.42,54.97
166,28,1,236.851,41.646,12.2114,93.7,54.67
167,28,1,236.901,41.6626,12.1481,94.83,56.06
168,28,1,236.894,41.6816,12.2069,93.01,54.7
169,28,1,236.826,41.655,12.1539,95.63,55.15
170,28,1,236.848,41.6561,12.261,94.86,54.88
171,28,1,236.898,41.6949,12.225,92.94,55.26
172,28,1,236.845,41.6682,12.1744,94.82,54.73
173,28,1,236.937,41.6876,12.2252,94.9,55.59
174,28,1,236.799,41.6503,12.2127,96.29,55.21
175,28,1,236.819,41.677,12.2696,93.58,54.71
176,28,1,236.903,41.6957,12.1356,93.39,54.59
177,28,1,236.961,41.7085,12.1425,93.9,54.22
178,28,1,236.916,41.6718,12.2198,93.08,55.25
179,28,1,236.861,41.6948,12.2451,94.32,55.13
180,28,1,236.993,41.6967,12.1388,93.31,55.37
181,28,1,236.888,41.6855,12.2163,93.37,55.51
182,28,1,236.915,41.707,12.2239,93.79,56.04
183,28,1,236.828,41.636,12.2366,93.33,54.37
184,28,1,236.908,41.6782,12.2121,95.98,54.93
185,28,1,236.821,41.6976,12.1209,93.48,55.68
186,28,1,236.862,41.6932,12.1377,97.09,54.56
187,28,1,236.951,41.6868,12.2335,94.39,55.64
188,28,1,236.91,41.6948,12.2372,93.69,55.04
189,28,1,236.972,41.7136,12.1615,94.38,54.32
190,28,1,236.9,41.7156,12.1288,92.67,55.1
191,28,1,236.851,41.6791,12.1891,96.47,55.11
192,28,1,236.962,41.6839,12.2172,94.17,55.49
193,28,1,236.846,41.7037,12.2447,92.32,55.08
194,28,1,236.782,41.6826,12.2677,95.1,54.52
195,28,1,236.876,41.7075,12.2518,94.41,55.17
196,28,1,236.93,41.7204,12.1686,92.48,55.28
197,28,1,236.806,41.7118,12.2997,93.09,55.38
198,28,1,236.832,41.7632,12.302,92.37,55.54
199,28,1,236.913,41.8022,12.1562,93.77,54.83
200,28,1,236.918,41.782,12.2314,93.74,55.09
201,28,1,236.899,41.7993,12.1383,93.06,55.92
202,28,1,236.899,41.7785,12.1879,91.91,54.89
203,28,1,236.887,41.7672,12.1549,94.82,55.28
204,28,1,236.936,41.7663,12.1002,93.12,52.85
205,28,1,61.0436,10.0037,58.3843,86.81,56.39
206,28,1,61.0964,10.0022,58.3354,89.62,59.11
207,28,1,61.2548,9.95849,58.1156,91.49,58.75
208,28,1,61.2624,9.98134,58.1098,89.82,59.5
209,28,1,61.1325,9.9628,58.3155,89.7,58.74
210,28,1,60.4432,9.98276,59.1055,85.37,55.9
211,28,1,221.602,33.9902,38.7252,96.33,56.52
212,28,1,221.741,33.997,38.6771,91.13,57.67
213,28,1,221.783,34.0215,38.6617,93.57,58
214,28,1,221.74,34.0151,38.6434,93.04,57.11
215,28,1,221.812,34.0414,38.6403,93.62,56.92
216,28,1,221.95,34.0333,38.5457,94.87,58.52
217,28,1,221.89,34.0143,38.5617,86.27,55.34
218,28,1,342.752,21.5043,66.7404,92.74,56.71
219,28,1,342.696,21.4551,66.7045,91.65,56.78
220,28,1,342.689,21.4299,66.6819,92.03,57.08
221,28,1,342.633,21.4267,66.8529,92.43,57.23
222,28,1,342.664,21.3632,66.7404,91.08,58.24
223,28,1,342.813,21.5532,66.6868,94.18,57.33
224,28,1,342.641,21.3988,66.7197,91.6,57.36
225,28,1,342.625,21.446,66.7184,93.07,56.7
226,28,1,342.528,21.4731,66.8829,92.7,57.4
227,28,1,342.5,21.4248,66.9084,92.17,57.22
228,28,1,168.069,26.7731,24.0217,89.24,55.12
229,28,1,168.031,26.8256,24.0053,93.63,58.54
230,28,1,168.178,26.8846,23.8443,92.98,58.97
231,28,1,168.064,26.8212,23.9857,94.71,58.06
232,28,1,168.184,26.8293,23.9274,95.19,58.9
233,28,1,168.115,26.8161,23.9363,95.75,57.84
234,28,1,168.24,26.9083,23.7681,93.8,58.92
235,28,1,168.059,26.9049,23.9234,91.41,59.91
236,28,1,168.083,26.8149,23.9347,93.15,58.5
237,28,1,168.19,26.8833,23.7973,92.48,58.61
238,28,1,168.14,26.8188,23.9343,94.79,60.01
239,28,1,168.168,26.8721,23.809,91.54,59.27
240,28,1,168.159,26.8784,23.7924,92.94,58.99
241,28,1,168.1,26.8815,23.8258,92.85,58.97
242,28,1,168.053,26.8805,23.8756,91.21,59.55
243,28,1,168.335,26.8903,23.6826,94.1,59.07
244,28,1,168.175,26.8786,23.7704,90.33,59.07
245,28,1,168.167,26.8332,23.936,95.25,58.91
246,28,1,168.23,26.88,23.8266,95.08,56.79
247,28,1,168.191,26.8077,23.807,93.04,57.8
248,28,1,168.093,26.8027,23.9046,93.39,59.16
249,28,1,168.176,26.8724,23.7412,92.52,58.81
250,28,1,168.211,26.8089,23.8141,96.57,58.6
251,28,1,168.172,26.8176,23.8422,94.69,57.73
252,28,1,168.224,26.7896,23.7682,92.67,55.88
253,28,1,168.075,26.8064,23.7376,89.99,38.19
254,28,0,0,0,0,0,35.49
255,28,0,0,0,0,0,53.08
0,29,0,0,0,0,0,55.6
1,29,0,0,0,0,0,36.4
2,29,0,0,0,0,0,34.71
3,29,0,0,0,0,0,36.1
4,29,1,130.737,33.3032,81.2885,86.34,38.2
5,29,1,131.327,33.2701,80.9878,93.91,53.79
6,29,1,131.128,33.2923,81.0779,92.56,56.23
7,29,1,131.621,33.1062,80.7947,87.39,56.48
8,29,1,131.255,33.2831,81.0548,91.64,55.91
9,29,1,131.263,33.264,81.0383,92.77,56.66
10,29,1,131.203,33.2791,81.0471,92.78,56.25
11,29,1,131.286,33.261,81.007,90.82,56.7
12,29,1,131.319,33.2776,81.0012,93.71,56.8
13,29,1,131.446,33.2294,80.9408,94.39,56.53
14,29,1,131.354,33.2996,80.9892,94.31,56.75
15,29,1,131.334,33.2967,81.0018,92.86,57.09
16,29,1,131.256,33.2883,81.0318,92.71,56.84
17,29,1,131.255,33.2663,81.0224,93,56.03
18,29,1,131.335,33.2721,80.9944,92.38,56.45
19,29,1,131.34,33.2643,80.9936,92.22,56.29
20,29,1,131.292,33.2867,81.0069,93.59,57.43
21,29,1,131.333,33.2621,80.9685,91.99,56.98
22,29,1,131.233,33.2378,81.0206,91.78,56.39
23,29,1,131.33,33.272,81.0014,93.92,56.4
24,29,1,131.305,33.2677,80.9843,93.95,57.13
25,29,1,131.24,33.2577,81.0161,92.12,56.58
26,29,1,131.258,33.2526,81.0153,92.64,56.9
27,29,1,131.32,33.2706,80.9767,94.56,57.19
28,29,1,131.264,33.2476,81.0076,91.07,55.98
29,29,1,131.307,33.2106,81.0135,92.83,56.27
30,29,1,131.261,33.2716,80.995,93.71,57.4
31,29,1,131.278,33.2706,80.9975,92.47,56.69
32,29,1,131.505,33.0413,80.8468,86.35,57.08
33,29,1,131.278,33.2821,80.9741,91.47,57.09
34,29,1,131.315,33.2454,80.9664,92.85,57.68
35,29,1,131.328,33.213,80.9576,92.84,55.98
36,29,1,131.305,33.2591,80.9574,92.72,57.23
37,29,1,131.445,33.2082,80.886,94.1,56.39
38,29,1,131.235,33.2066,80.9826,93.84,55.86
39,29,0,0,0,0,0,52.7
40,29,1,355.328,18.6433,86.1156,84.36,51.51
41,29,1,355.453,18.6298,85.7713,91.98,51.71
42,29,1,355.216,18.6593,86.041,89.95,51.5
43,29,1,355.27,18.6286,85.8499,90.15,51.24
44,29,1,356.097,11.9949,23.9368,86.87,54.31
45,29,1,355.857,11.9774,24.2408,94.31,58.29
46,29,1,356.094,11.989,24.0611,96.5,57.75
47,29,1,355.857,11.9595,24.3226,95.08,58.28
48,29,1,356.09,11.9633,24.059,95.46,58.4
49,29,1,355.895,11.9812,24.2336,95.76,58.58
50,29,1,356.006,11.953,24.282,95.05,58.84
51,29,1,355.902,11.9611,24.2192,95.65,58.61
52,29,1,355.982,11.9903,24.1266,96.35,58.78
53,29,1,355.957,11.9785,24.1741,95.11,58.15
54,29,1,355.727,11.968,24.4769,94.91,58.36
55,29,1,355.793,11.9757,24.3199,95.62,57.97
56,29,1,355.866,11.9761,24.243,95.34,59.17
57,29,1,355.676,11.9932,24.4868,96.12,58.1
58,29,1,355.74,11.976,24.3101,94.9,59.01
59,29,1,355.789,11.9673,24.3156,96.22,58.84
60,29,1,355.796,11.9705,24.2556,96.86,58.67
61,29,1,355.885,12.0204,24.2526,94.19,58.64
62,29,1,355.774,11.9489,24.2992,96.24,58.98
63,29,1,355.675,11.9739,24.3892,97.06,58.83
64,29,1,355.766,11.9653,24.477,93.29,58.12
65,29,1,355.825,11.9722,24.2533,95.21,59.14
66,29,1,355.895,11.9798,24.1976,96.1,58.97
67,29,1,356.039,11.9789,24.1235,95.5,59.31
68,29,1,355.993,11.9865,24.1211,96.92,59.96
69,29,1,356.045,11.9918,24.0429,94.7,59.37
70,29,1,356.159,12.0025,23.9556,95.9,59.79
71,29,1,356.178,12.0235,23.9576,95.26,59.74
72,29,1,355.953,11.9855,24.2105,96.49,59.72
73,29,1,355.969,12.0196,24.1557,94.83,59.21
74,29,1,356.059,11.9965,24.102,96.21,59.35
75,29,1,356.166,12.0061,23.9528,94.58,60.11
76,29,1,355.886,11.9814,24.3057,95.16,59.58
77,29,1,355.875,11.9701,24.2417,96.5,59.59
78,29,1,355.743,11.949,24.4298,95.22,58.9
79,29,1,355.73,11.989,24.3724,96.86,58.98
80,29,1,355.746,12.0385,24.3554,96.79,59.22
81,29,1,355.426,12.0271,24.7056,96.84,58.61
82,29,1,355.663,11.9882,24.4302,95.37,59.07
83,29,1,355.596,11.9741,24.5332,97.31,58.83
84,29,1,355.585,11.9756,24.5302,96.12,59.9
85,29,1,355.675,11.9682,24.3709,93.69,59.08
86,29,1,355.624,11.9787,24.5103,95.98,58.63
87,29,1,355.687,11.9831,24.419,95.89,59.46
88,29,1,355.674,12.0392,24.4644,96.38,59.29
89,29,1,355.5,11.932,24.7247,95.85,59.61
90,29,1,355.563,11.9178,24.5638,96.09,58.89
91,29,1,355.375,11.9662,24.737,94.68,58.41
92,29,1,355.628,11.9533,24.4754,96.5,59.3
93,29,1,355.591,11.9854,24.5312,95.83,59.18
94,29,1,355.377,11.9527,24.7707,93.46,59.01
95,29,0,0,0,0,0,55.5
96,29,1,127.996,39.3825,38.3924,88,54.04
97,29,1,128.15,39.377,38.3422,96.45,56.28
98,29,1,128.168,39.3747,38.3506,95.74,55.63
99,29,1,128.118,39.3636,38.3371,94.22,56.12
100,29,1,128.145,39.3533,38.3654,94.55,56.08
101,29,1,128.068,39.3853,38.3555,96.04,56.11
102,29,1,128.184,39.364,38.3122,95.87,56.05
103,29,1,128.024,39.3898,38.3669,96.17,55.84
104,29,1,128.097,39.3681,38.3711,94.8,55.59
105,29,1,128.213,39.3731,38.3617,97.88,56.86
106,29,1,128.155,39.3615,38.3432,96.04,56.77
107,29,1,128.054,39.3791,38.355,96.22,55.95
108,29,1,128.163,39.3636,38.3246,94.72,55.45
109,29,0,0,0,0,0,54.2
110,29,1,355.392,11.9903,24.7434,96.23,57.28
111,29,1,355.154,11.9788,24.9868,95.08,58.78
112,29,1,355.222,11.9901,24.8871,95.2,58.07
113,29,1,355.43,11.9545,24.6581,95.74,59.26
114,29,1,355.436,11.9434,24.6497,95.62,58.39
115,29,1,355.231,11.9863,24.8606,95.65,58.47
116,29,1,355.376,11.9921,24.7466,95.79,58.52
117,29,1,355.422,12.0961,24.6502,95.72,59.15
118,29,1,355.382,12.0307,24.7335,96.49,59.06
119,29,1,355.115,11.9483,25.0344,96.39,58.61
120,29,1,355.314,11.9991,24.805,94.99,59.31
121,29,1,355.096,11.9504,24.9859,95.07,58.59
122,29,1,355.302,11.9552,24.7804,96.76,59.26
123,29,1,355.262,11.9635,24.765,96.91,58.54
124,29,1,355.347,11.9592,24.7164,95.73,58.74
125,29,1,355.31,11.973,24.7074,96.45,58.64
126,29,1,355.362,11.9685,24.6919,94.58,58.94
127,29,1,355.189,11.9906,24.8816,95.8,58.76
128,29,1,355.087,11.9759,24.9874,94.41,58.97
129,29,1,355.379,11.9424,24.7223,94.5,58.24
130,29,1,355.087,11.9937,24.9809,95.61,59.07
131,29,1,355.179,12.0174,24.89,96.34,59.61
132,29,1,355.184,12.0106,24.9936,96.09,58.87
133,29,1,354.83,11.9472,25.2163,95.52,58.48
134,29,1,355.167,11.9538,24.9473,95.19,58.82
135,29,1,355.09,11.9476,24.9731,96.5,59.39
136,29,1,354.978,11.9673,25.0781,95.22,59.2
137,29,1,354.937,12.0166,25.1799,95.1,59.55
138,29,1,355.1,11.9902,24.9509,95.67,59.18
139,29,1,355.069,12.0216,24.9888,97.17,59.84
140,29,1,354.984,12.0187,25.1172,96.23,59.17
141,29,1,355.109,11.9665,24.9862,95.99,59.81
142,29,1,354.848,12.066,25.229,96.69,58.93
143,29,1,354.942,12.0189,25.0562,95.6,60.11
144,29,1,355.103,12.0349,24.9728,95.18,59.38
145,29,1,355.032,12.0009,25.0711,96.19,58.82
146,29,1,354.92,11.9939,25.0947,96.71,59.97
147,29,1,354.988,12.0226,25.1099,96.39,59.34
148,29,1,354.966,11.981,25.1428,94.34,59.11
149,29,1,355.179,12.0439,24.9059,95.71,59.24
150,29,1,354.576,12.0338,25.4753,96.08,56.7
151,29,1,236.867,41.6157,12.2947,88.44,53.2
152,29,1,236.787,41.618,12.2454,93.68,54.54
153,29,1,236.873,41.5975,12.2675,95.22,54.51
154,29,1,236.913,41.6439,12.2516,93.1,53.85
155,29,1,236.84,41.6149,12.2614,92.32,55.05
156,29,1,236.829,41.6119,12.28,93.08,54.35
157,29,1,236.801,41.6352,12.1699,94.79,55.17
158,29,1,236.826,41.6375,12.2456,94.66,55.94
159,29,1,236.835,41.6212,12.2547,92.4,54.99
160,29,1,236.863,41.6467,12.2705,94.64,55.51
161,29,1,236.898,41.6546,12.2551,92.8,55.25
162,29,1,236.905,41.6371,12.2664,93.91,55.64
163,29,1,236.798,41.6156,12.2564,92.69,55.1
164,29,1,236.899,41.6548,12.1653,94.01,55.9
165,29,1,236.908,41.6661,12.1938,93.71,55.37
166,29,1,236.874,41.668,12.1604,93.91,54.32
167,29,1,236.895,41.6748,12.1258,94.22,54.93
168,29,1,236.904,41.6817,12.1362,94.17,54.83
169,29,1,236.861,41.6512,12.2373,92.25,55.61
170,29,1,236.877,41.6463,12.199,93.59,55.69
171,29,1,236.872,41.6795,12.1686,94.65,55.9
172,29,1,236.857,41.6758,12.1546,95.65,54.88
173,29,1,236.895,41.6866,12.2043,92.43,55.43
174,29,1,236.961,41.7105,12.0954,93.79,54.83
175,29,1,236.811,41.6833,12.2207,92.53,54.8
176,29,1,236.845,41.6896,12.2153,92.82,54.27
177,29,1,236.836,41.6598,12.2532,93.68,55.26
178,29,1,236.941,41.7114,12.2021,92.73,54.53
179,29,1,236.845,41.6938,12.2521,92.5,55.28
180,29,1,236.81,41.6785,12.2547,95.24,55.32
181,29,1,236.876,41.6903,12.2026,92.68,54.95
182,29,1,236.951,41.7215,12.106,92.75,55.06
183,29,1,236.874,41.6703,12.2487,93.49,55.52
184,29,1,236.939,41.6846,12.2289,90.58,54.35
185,29,1,236.861,41.6853,12.2136,93.33,55.04
186,29,1,236.834,41.6783,12.2142,95.7,56.01
187,29,1,236.812,41.702,12.2113,91.24,55.68
188,29,1,236.873,41.7013,12.1472,96.44,54.55
189,29,1,236.861,41.7005,12.1935,92.55,55.53
190,29,1,236.925,41.7176,12.1945,92.37,54.9
191,29,1,236.835,41.7049,12.1476,92.44,55.61
192,29,1,236.876,41.7079,12.2261,91.34,55.47
193,29,1,236.812,41.6641,12.2611,94.33,55.59
194,29,1,236.775,41.6846,12.2769,94.64,55.69
195,29,1,236.93,41.7085,12.2258,92.45,55.63
196,29,1,236.87,41.7167,12.2564,94.73,54.95
197,29,1,236.902,41.7418,12.2507,94.32,55.3
198,29,1,236.893,41.781,12.2005,93.85,54.89
199,29,1,236.937,41.816,12.2125,93.22,55.25
200,29,1,236.994,41.8249,12.2039,91.45,56.06
201,29,1,236.93,41.7761,12.1547,92.83,55.31
202,29,1,236.867,41.8024,12.1417,94.78,54.95
203,29,1,236.867,41.7578,12.189,93.54,55.04
204,29,1,236.932,41.7844,12.1562,92.21,52.77
205,29,1,61.0118,10.0203,58.3807,90.5,56.54
206,29,1,61.1975,9.9533,58.2422,90.7,58.41
207,29,1,61.1169,9.92563,58.3897,94.22,59.04
208,29,1,61.3664,9.96136,58.0828,84.23,58.57
209,29,1,60.4644,10.0175,58.9379,89.17,58.8
210,29,1,61.1581,9.98731,58.2877,88.23,57.54
211,29,0,0,0,0,0,55.22
212,29,1,221.639,33.997,38.687,91.49,55.99
213,29,1,221.905,34.0231,38.585,91.5,57.25
214,29,1,221.866,34.0178,38.5906,94.86,58.14
215,29,1,221.727,34.02,38.661,93.83,57.46
216,29,1,221.81,34.0092,38.5935,92.86,58.19
217,29,1,221.705,34.0159,38.6736,93.81,55.1
218,29,1,342.779,21.4765,66.8434,93.05,54.61
219,29,1,342.865,21.4978,66.6261,93.95,56.59
220,29,1,342.833,21.4789,66.7404,95.92,56.9
221,29,1,342.714,21.4192,66.6419,93.69,56.72
222,29,1,342.607,21.364,66.8838,91.7,58.09
223,29,1,342.658,21.4131,66.7709,92.47,57.91
224,29,1,342.653,21.4946,66.8757,95.39,57.28
225,29,1,342.669,21.5094,66.8578,93.87,57.39
226,29,1,342.662,21.4847,66.8616,96.15,58.05
227,29,1,342.582,21.416,66.8042,90.95,56.42
228,29,1,167.914,26.8576,24.0132,93.29,55.97
229,29,1,168.045,26.7963,24.0045,95.64,59.18
230,29,1,168.078,26.8074,23.9873,95.42,58.59
231,29,1,168.152,26.8261,23.9442,95.14,59.18
232,29,1,167.968,26.827,23.9417,90.56,58.25
233,29,1,167.994,26.8449,23.9089,91.19,58.58
234,29,1,168.064,26.8787,23.8624,92.92,59.9
235,29,1,168.158,26.8867,23.7992,93.88,58.76
236,29,1,168.224,26.8185,23.8646,95.22,58.44
237,29,1,168.163,26.8154,23.8968,95.12,58.88
238,29,1,168.012,26.8305,23.9816,94.57,58.59
239,29,1,168.05,26.8505,23.8597,92.06,58.79
240,29,1,168.157,26.8765,23.7861,93.28,59.74
241,29,1,168.097,26.8781,23.8249,91.2,58.92
242,29,1,168.142,26.8232,23.8833,95.47,59.49
243,29,1,168.034,26.8718,23.8055,93.27,59.03
244,29,1,168.18,26.8147,23.8562,93.45,58.48
245,29,1,168.248,26.8074,23.7702,95.03,59.94
246,29,1,168.284,26.8607,23.8012,93.03,58.41
247,29,1,168.187,26.815,23.8128,95.45,59.16
248,29,1,168.08,26.8777,23.7958,91.5,59.24
249,29,1,168.196,26.8242,23.8114,94.68,59.14
250,29,1,168.127,26.8054,23.8495,92.61,58.92
251,29,1,168.111,26.7823,23.8421,95.1,58.51
252,29,1,168.206,26.8296,23.7877,93.1,56.43
253,29,1,168.303,26.8567,23.5667,83.31,38.97
254,29,0,0,0,0,0,57.16
255,29,0,0,0,0,0,52.62
0,30,0,0,0,0,0,54.97
1,30,0,0,0,0,0,35.8
2,30,0,0,0,0,0,35.94
3,30,0,0,0,0,0,35.45
4,30,1,131.263,33.4079,80.9944,88.24,37.57
5,30,1,131.318,33.2886,81.0053,93.91,53.79
6,30,1,131.255,33.2748,81.026,92.55,56.17
7,30,1,131.311,33.2763,81.0261,90.48,56.01
8,30,1,131.41,33.2692,80.9794,94.36,56.71
9,30,1,131.36,33.2582,80.965,92.75,55.4
10,30,1,131.238,33.2535,81.0434,93.34,55.89
11,30,1,131.361,33.2459,80.9599,94.86,56.22
12,30,1,131.25,33.2764,81.0603,93.12,56.66
13,30,1,131.237,33.2794,81.053,91.28,56.63
14,30,1,131.201,33.2543,81.0704,91.14,56.51
15,30,1,131.394,33.2436,80.9656,93.26,57.02
16,30,1,131.222,33.2536,81.0128,90.97,56.48
17,30,1,131.12,33.0771,80.9797,83.49,57.39
18,30,1,131.314,33.2515,80.9874,92.28,57.17
19,30,1,131.381,33.2504,80.9591,95,56.85
20,30,1,131.221,33.2766,81.0122,93.81,56.68
21,30,1,131.236,33.2527,81.0199,92.89,56.41
22,30,1,131.284,33.2955,81.0203,90.86,56.65
23,30,1,131.321,33.2613,80.9724,92.13,57.06
24,30,1,131.377,33.2346,80.9345,95,56.35
25,30,1,131.212,33.2768,81.0077,92.96,56.54
26,30,1,131.327,33.2226,80.9613,94.23,56.52
27,30,1,131.258,33.2766,81.0015,93.91,57.73
28,30,1,131.435,33.2295,80.9346,94.25,57.68
29,30,1,131.201,33.2533,81.0168,92.44,56.66
30,30,1,131.269,33.2618,81.0052,91.73,56.93
31,30,1,131.377,33.2365,80.9652,93.84,57.99
32,30,1,131.331,33.2689,80.9744,91.54,56.53
33,30,1,131.322,33.2684,80.9608,92.64,56.71
34,30,1,131.408,33.2261,80.9203,93.77,57.06
35,30,1,131.333,33.2205,80.9442,93.9,57.75
36,30,1,131.593,33.026,80.8231,85.43,57.46
37,30,1,131.344,33.2745,80.932,92.45,56.34
38,30,1,131.526,33.1802,80.8659,91.43,53.85
39,30,1,355.735,18.7172,85.6641,88.77,51.16
40,30,1,355.341,18.6344,85.9946,94.61,51.74
41,30,1,355.133,18.6608,86.1504,93.44,52.12
42,30,1,355.182,18.6477,86.2343,89.15,50.81
43,30,1,355.15,18.6265,86.1432,91.94,51.63
44,30,1,355.959,11.9749,24.1331,94.32,53.83
45,30,1,355.862,11.9694,24.3337,95.32,57.87
46,30,1,356.112,11.9486,24.0521,96.18,58.68
47,30,1,355.884,11.9751,24.2785,94.71,58.41
48,30,1,355.901,12.0055,24.1548,96.7,57.91
49,30,1,356.07,11.9607,24.1316,97.07,58.46
50,30,1,355.833,11.9673,24.3287,95.4,58.17
51,30,1,355.935,11.9773,24.213,94.88,58.47
52,30,1,356.085,11.96,24.0607,97.01,58.95
53,30,1,355.957,11.9898,24.1289,95.35,58.81
54,30,1,355.944,11.9569,24.1966,96.53,58.71
55,30,1,356.039,11.9565,24.0057,95.99,59.23
56,30,1,355.941,11.9727,24.1762,96.26,59.32
57,30,1,355.698,11.9883,24.4054,96.28,58.76
58,30,1,355.788,11.9739,24.2466,97.2,58.33
59,30,1,356.065,11.9381,24.1723,94.36,59.21
60,30,1,355.747,11.9775,24.385,97.6,59.23
61,30,1,355.844,11.9481,24.3105,96.21,58.73
62,30,1,355.776,11.9799,24.2218,95.89,58.65
63,30,1,355.751,11.9728,24.3831,96.14,59.22
64,30,1,355.997,12.0049,24.0989,96.75,59.47
65,30,1,356.039,12.005,24.0721,95.43,59.07
66,30,1,356.168,11.9601,24.0229,93.71,59.36
67,30,1,356.24,11.9747,23.91,94.95,59.11
68,30,1,356.237,11.966,23.8382,95.41,59.59
69,30,1,355.825,12.0467,24.327,96.78,59.72
70,30,1,355.971,11.9663,24.1302,95.06,59.02
71,30,1,355.889,11.9807,24.2583,95.74,58.42
72,30,1,355.929,11.9756,24.2712,96.55,59.18
73,30,1,355.817,11.9714,24.2839,95.35,59.95
74,30,1,355.791,11.9438,24.397,95.02,59.5
75,30,1,355.847,11.9792,24.2336,95.43,58.69
76,30,1,355.701,11.9791,24.3789,94.52,58.69
77,30,1,355.555,11.9662,24.5571,96.56,59.28
78,30,1,355.561,11.9758,24.5702,97.17,59.02
79,30,1,355.677,11.9751,24.4509,97.25,58.73
80,30,1,355.569,11.9919,24.5115,95.71,58.87
81,30,1,355.74,11.9706,24.3362,95.53,59.17
82,30,1,355.375,12.0269,24.8277,95.05,58.82
83,30,1,355.391,11.9613,24.6776,95.8,59.45
84,30,1,355.562,12.0225,24.561,97.23,58.9
85,30,1,355.423,11.9678,24.666,96.69,59.33
86,30,1,355.564,11.9771,24.5647,95.62,59.32
87,30,1,355.484,12.0284,24.6404,96.63,59.15
88,30,1,355.646,11.9457,24.4401,98.07,58.65
89,30,1,355.435,11.9852,24.6597,95.06,59.3
90,30,1,355.265,12.079,24.8139,95.31,59.06
91,30,1,355.517,11.9582,24.5703,95.88,58.63
92,30,1,355.39,11.9621,24.6785,96.88,59.17
93,30,1,355.497,11.9656,24.6639,94.81,58.84
94,30,1,355.464,11.9692,24.5963,95.79,57.56
95,30,0,0,0,0,0,54.75
96,30,1,128.051,39.4047,38.4041,94.2,55.33
97,30,1,128.202,39.4013,38.2842,94.75,55.82
98,30,1,128.05,39.3723,38.3777,96.75,56.3
99,30,1,128.142,39.3505,38.3536,95.04,55.35
100,30,1,128.145,39.3915,38.3104,94.66,55.97
101,30,1,128.175,39.3713,38.3302,96.95,56.28
102,30,1,128.135,39.3826,38.3666,95.46,55.58
103,30,1,128.171,39.372,38.3355,94.95,56.31
104,30,1,128.149,39.3674,38.3396,93.82,56.27
105,30,1,128.058,39.3917,38.3741,96.76,55.95
106,30,1,128.098,39.3674,38.3472,95.77,57.09
107,30,1,128.113,39.3724,38.3387,96,55.62
108,30,1,128.173,39.3687,38.3163,87.22,55.17
109,30,0,0,0,0,0,56.23
110,30,1,355.262,11.9736,24.802,93.94,58.31
111,30,1,355.248,11.9873,24.8764,95.53,57.99
112,30,1,355.429,12.026,24.6338,94.93,58.41
113,30,1,355.298,11.9538,24.7139,97.22,59.06
114,30,1,355.337,11.9623,24.8187,96.26,59.06
115,30,1,355.432,11.9703,24.6216,95.22,59.29
116,30,1,355.45,11.9576,24.6937,96.81,59.17
117,30,1,355.079,11.9733,25.0238,95.77,58.62
118,30,1,355.375,12.002,24.5759,96.18,58.98
119,30,1,355.287,11.9895,24.7947,95.92,58.97
120,30,1,355.431,11.9601,24.6227,95.81,58.92
121,30,1,355.234,11.9575,24.8654,95.16,58.63
122,30,1,355.301,11.9559,24.7903,95.41,58.47
123,30,1,355.1,11.9643,24.9653,96.25,59.24
124,30,1,355.135,11.9832,24.9796,94.95,58.99
125,30,1,355.181,11.9958,24.9081,96.41,59.25
126,30,1,355.165,11.98,24.8777,97.15,58.81
127,30,1,354.966,11.9888,25.1152,95.84,58.53
128,30,1,355.088,12.109,24.9995,96.1,58.23
129,30,1,355.113,12.0773,24.9525,95.75,60
130,30,1,354.978,12.0158,25.1046,97.19,58.64
131,30,1,355.116,11.9753,24.9265,95.63,59.41
132,30,1,355.141,11.9472,24.9638,95.15,59.26
133,30,1,355.126,11.9923,24.8726,95.98,59.83
134,30,1,355.061,11.9528,25.0992,96.92,59.05
135,30,1,355.09,12.0118,24.9674,96.75,60.14
136,30,1,355.281,11.9761,24.7888,95.63,59.24
137,30,1,355.049,11.9692,24.9691,96.39,59.04
138,30,1,355.094,11.9668,24.998,96.14,59.82
139,30,1,355.007,11.9719,25.0859,94.67,59.47
140,30,1,354.898,11.9684,25.1911,96.76,59
141,30,1,354.968,11.9373,25.1652,94.32,59.17
142,30,1,354.904,11.9708,25.1613,96.46,59.64
143,30,1,354.906,11.9819,25.2905,94.45,60.69
144,30,1,354.887,11.9696,25.2375,94.8,59.17
145,30,1,354.854,11.9748,25.1738,94.5,59.22
146,30,1,355.064,12.0584,24.976,97.03,59.02
147,30,1,354.803,12.0066,25.2376,95.65,58.6
148,30,1,354.99,12.0156,25.0631,95.3,58.69
149,30,1,354.622,12.0398,25.4483,96.65,58.1
150,30,0,0,0,0,0,53.9
151,30,1,236.827,41.6033,12.2345,94.27,53.77
152,30,1,236.809,41.6266,12.2473,93.89,54.96
153,30,1,236.935,41.6649,12.1807,94,55.43
154,30,1,236.848,41.6391,12.1806,94.59,54.06
155,30,1,236.846,41.6625,12.1489,94.38,53.86
156,30,1,236.865,41.6409,12.2702,95.07,54.46
157,30,1,236.797,41.6121,12.2631,93.26,55.06
158,30,1,236.816,41.6362,12.29,95.05,55.36
159,30,1,236.861,41.6368,12.2357,93.39,54.46
160,30,1,236.869,41.6475,12.2026,92.92,54.74
161,30,1,236.942,41.6644,12.221,93.48,55.27
162,30,1,236.825,41.6474,12.1569,95.72,55.36
163,30,1,236.848,41.6628,12.2593,93.2,55.1
164,30,1,236.866,41.6333,12.2441,94.33,55.86
165,30,1,236.871,41.6689,12.1632,93.62,55.26
166,30,1,236.761,41.6374,12.2592,94.39,54.78
167,30,1,236.861,41.655,12.1839,95.54,54.99
168,30,1,236.864,41.6783,12.1696,94.26,55.54
169,30,1,236.815,41.6451,12.2465,94.6,55.07
170,30,1,236.91,41.6669,12.1865,92.91,54.69
171,30,1,236.948,41.6691,12.1711,94.49,55.19
172,30,1,236.896,41.6629,12.1546,93.91,54.8
173,30,1,236.899,41.6469,12.2458,93.2,54.85
174,30,1,236.88,41.6766,12.1929,92.19,54.79
175,30,1,236.876,41.682,12.1512,96.54,55.15
176,30,1,236.866,41.6595,12.2362,94,54.93
177,30,1,236.874,41.6868,12.2221,93.04,54.83
178,30,1,236.824,41.6874,12.2576,92.37,54.95
179,30,1,236.801,41.689,12.2643,92.63,54.88
180,30,1,236.921,41.7149,12.1446,92.41,54.9
181,30,1,236.923,41.7052,12.1723,94.05,53.81
182,30,1,236.905,41.7141,12.1966,93.42,54.15
183,30,1,236.855,41.6839,12.2094,93.61,55.45
184,30,1,236.86,41.6916,12.2265,91.84,55.2
185,30,1,236.798,41.6618,12.2192,94.85,55.16
186,30,1,236.917,41.711,12.1878,94.43,55.01
187,30,1,236.927,41.6618,12.1895,94.97,55.63
188,30,1,236.801,41.6814,12.2384,91.84,55.12
189,30,1,236.875,41.6764,12.2444,92.15,55.42
190,30,1,236.983,41.7253,12.1431,93.99,54.98
191,30,1,236.906,41.7131,12.2066,92.87,55.19
192,30,1,236.827,41.6884,12.2583,94.33,55.57
193,30,1,236.81,41.6794,12.2602,92.83,54.85
194,30,1,236.839,41.6919,12.262,95.02,55.46
195,30,1,236.772,41.6997,12.243,94.31,55.59
196,30,1,236.849,41.7066,12.2698,94.49,55.23
197,30,1,236.767,41.7053,12.3202,92.55,54.86
198,30,1,236.822,41.7718,12.2484,93.26,55.76
199,30,1,236.856,41.8039,12.2495,92.12,54.73
200,30,1,236.855,41.7756,12.2384,93.14,54.96
201,30,1,236.867,41.7837,12.1532,93.8,55.36
202,30,1,236.852,41.7862,12.1179,93.62,54.19
203,30,1,236.904,41.7597,12.2205,94.07,55.25
204,30,0,0,0,0,0,52.15
205,30,1,61.3446,9.97427,58.1014,89.2,57.74
206,30,1,61.1199,9.99968,58.2926,88.37,59.1
207,30,1,61.2741,9.97736,58.0838,89.64,59
208,30,1,61.3262,9.97369,58.046,89.31,59.2
209,30,1,61.1442,9.98509,58.3012,87.01,58.73
210,30,1,61.0142,9.97145,58.4639,89.15,59.45
211,30,1,60.0156,10.0666,59.3575,78.06,56.33
212,30,1,221.536,34.0042,38.7761,82.15,55.9
213,30,1,221.784,34.0227,38.6326,93.86,57.71
214,30,1,221.81,34.0073,38.628,93.96,56.98
215,30,1,221.744,34.0022,38.6422,93.97,57.66
216,30,1,221.853,34.0032,38.5606,94.3,58.03
217,30,1,221.818,34.0267,38.6004,92.52,56.37
218,30,1,342.796,21.481,66.8013,86.33,53.92
219,30,1,342.862,21.4833,66.6724,93.85,57.06
220,30,1,342.827,21.472,66.4698,91.73,56.9
221,30,1,342.809,21.5027,66.7335,91.37,56.76
222,30,1,342.495,21.3746,66.9651,92.04,57.88
223,30,1,342.742,21.4876,66.7897,91.9,57.23
224,30,1,342.653,21.4613,66.8736,95.4,58.42
225,30,1,342.705,21.4965,66.5631,88.86,56.33
226,30,1,342.585,21.4066,66.8771,85.65,57.81
227,30,1,342.636,21.4303,66.6956,92.98,55.43
228,30,1,168.027,26.7965,24.0252,88.15,55.92
229,30,1,167.893,26.8732,23.9994,92.19,58.11
230,30,1,168.133,26.8215,23.9686,93.56,57.86
231,30,1,168.06,26.877,23.9011,90.42,58.99
232,30,1,168.057,26.7841,23.9386,97.13,58.64
233,30,1,168.131,26.8159,23.9135,92.67,58.39
234,30,1,168.208,26.8404,23.873,94.08,58.8
235,30,1,168.147,26.8969,23.8104,95.44,58.41
236,30,1,168.11,26.8119,23.9165,93.38,59.17
237,30,1,168.223,26.8741,23.7443,91.49,59.33
238,30,1,168.086,26.8122,23.93,95.82,58.75
239,30,1,168.138,26.8637,23.8231,93.88,59.09
240,30,1,168.089,26.7904,23.9194,94.74,60.11
241,30,1,168.271,26.9006,23.7244,93.24,59
242,30,1,168.161,26.9018,23.766,90.53,59.23
243,30,1,168.146,26.8902,23.7448,93.29,59.21
244,30,1,168.167,26.8128,23.8484,95.65,58.79
245,30,1,168.171,26.8459,23.8487,96.04,58.64
246,30,1,168.072,26.8137,23.9608,95.89,59.5
247,30,1,168.186,26.8458,23.8533,94.31,58.48
248,30,1,168.207,26.8214,23.8212,95.42,58.86
249,30,1,168.214,26.9429,23.7405,93.62,58.98
250,30,1,168.239,26.8842,23.6727,92.76,59.73
251,30,1,168.161,26.8198,23.8569,93.81,58.9
252,30,1,168.202,26.8782,23.7592,91.1,56.29
253,30,1,167.676,26.8592,23.9617,69.2,38.49
254,30,0,0,0,0,0,55.44
255,30,0,0,0,0,0,52.57
0,31,0,0,0,0,0,35.62
1,31,0,0,0,0,0,37.15
2,31,0,0,0,0,0,36.48
3,31,0,0,0,0,0,36.25
4,31,1,131.414,33.4116,80.8176,82.16,38.43
5,31,1,131.293,33.2995,80.9665,92.64,54.07
6,31,1,131.2,33.2755,81.0511,91.64,56.4
7,31,1,131.226,33.2755,81.0407,94.61,55.93
8,31,1,131.284,33.2571,81.0051,94.03,56.24
9,31,1,131.262,33.2631,81.0122,94.14,55.73
10,31,1,131.201,33.2557,81.0443,91.6,56.26
11,31,1,131.35,33.2753,81.0002,93.04,56.96
12,31,1,131.274,33.2667,81.0226,93.98,56.11
13,31,1,131.235,33.241,81.0182,93.69,56.19
14,31,1,131.232,33.2955,81.016,93.24,56.91
15,31,1,131.259,33.2576,81.0147,90.61,56.24
16,31,1,131.346,33.278,81.0057,94.82,56.75
17,31,1,131.246,33.2455,81.0299,91.43,56.84
18,31,1,131.404,33.2627,80.9047,94.1,56.38
19,31,1,131.309,33.2283,80.9883,92.8,56.82
20,31,1,131.221,33.2412,81.038,91.23,56.62
21,31,1,131.162,33.2643,81.0503,93.58,57.13
22,31,1,131.276,33.3006,81.007,92.32,57.58
23,31,1,131.523,33.2348,80.9168,94.48,56.71
24,31,1,131.318,33.2822,80.9696,92.34,57.15
25,31,1,131.335,33.2565,80.9729,94.79,56.01
26,31,1,131.328,33.2274,80.9889,93.08,56.82
27,31,1,131.29,33.2767,80.9815,93.05,57.22
28,31,1,131.272,33.2948,80.9856,91.2,57.11
29,31,1,131.358,33.2796,80.9641,91.91,57.38
30,31,1,131.279,33.326,81.0736,94.5,56.93
31,31,1,131.412,33.233,80.9167,92.04,57.1
32,31,1,131.297,33.2123,80.9757,92.48,56.53
33,31,1,131.338,33.2364,80.9539,93.15,56.81
34,31,1,131.144,33.0556,80.9394,82.09,56.73
35,31,1,131.347,33.2768,80.9542,91.7,57.45
36,31,1,131.319,33.2735,80.9672,91.46,56.67
37,31,1,131.301,33.1812,80.9923,93.09,54.96
38,31,0,0,0,0,0,51.44
39,31,1,355.441,18.663,85.8986,92.53,52.46
40,31,1,355.237,18.6518,86.0493,93.4,52.72
41,31,1,355.151,18.6284,86.3247,90.25,52.29
42,31,1,355.111,18.6507,86.2525,91.72,51.92
43,31,1,355.433,18.6277,85.8047,91.54,51.5
44,31,1,355.959,11.9859,24.1514,93.59,56.4
45,31,1,356.004,11.9917,24.1651,96.23,58.11
46,31,1,356.083,11.986,24.143,93.88,57.98
47,31,1,356.041,12.0034,24.0391,95.49,58.93
48,31,1,356.126,11.9434,24.0545,95.43,59.61
49,31,1,355.921,12.0008,24.1879,95.2,57.94
50,31,1,355.77,12.0304,24.3437,97.39,58.72
51,31,1,355.946,11.9497,24.1762,95.7,58.53
52,31,1,355.935,11.9871,24.1763,94.06,58.91
53,31,1,355.967,12.0083,24.1062,96.47,58.34
54,31,1,355.952,11.9628,24.2623,92.47,58.99
55,31,1,355.923,11.9568,24.2012,97.28,58.7
56,31,1,355.94,11.9677,24.2207,96.67,58.71
57,31,1,355.915,11.9906,24.1785,95.37,59.47
58,31,1,355.816,11.9643,24.3611,95.42,58.77
59,31,1,355.832,11.9682,24.2392,95.96,58.18
60,31,1,355.848,11.9528,24.2729,96.36,58.56
61,31,1,355.796,11.9773,24.4109,94.67,58.73
62,31,1,355.947,12.0137,24.1291,95.5,59.8
63,31,1,356.077,11.9864,23.9425,95.53,59.19
64,31,1,356.044,11.9713,24.1177,95.42,59.78
65,31,1,356.019,11.958,24.1307,96.84,58.82
66,31,1,356.048,11.9853,24.0399,96.45,59.23
67,31,1,356.108,11.9689,23.9843,94.8,59.42
68,31,1,356.21,11.9479,23.8816,94.06,59.7
69,31,1,355.964,11.9809,24.0905,95.61,60.05
70,31,1,355.898,11.9487,24.1743,95.42,59.11
71,31,1,355.645,11.9564,24.5239,94.77,58.13
72,31,1,355.739,11.9665,24.4256,96.81,58.56
73,31,1,355.484,12.0246,24.663,95.14,58.82
74,31,1,355.843,11.9663,24.1826,97.64,58.84
75,31,1,355.58,11.972,24.4268,94.59,58.31
76,31,1,355.702,11.9536,24.52,96.18,59.21
77,31,1,355.661,12.0195,24.4543,96.34,58.36
78,31,1,355.68,11.9666,24.4341,96.7,59.22
79,31,1,355.576,11.9592,24.5191,96.83,58.81
80,31,1,355.633,11.9809,24.4479,96.42,58.08
81,31,1,355.741,12.0415,24.3118,95.13,58.93
82,31,1,355.556,11.9668,24.5537,96.84,59.49
83,31,1,355.548,11.9716,24.5465,95.26,58.98
84,31,1,355.578,11.9891,24.5201,96.21,58.31
85,31,1,355.518,11.9625,24.6171,94.95,59.41
86,31,1,355.68,12.0368,24.395,96.31,58.56
87,31,1,355.529,11.9825,24.5498,94.86,59
88,31,1,355.452,11.983,24.6559,95.22,58.01
89,31,1,355.42,11.9541,24.7211,96.2,58.62
90,31,1,355.225,11.9442,24.9115,95.01,58.46
91,31,1,355.53,11.9851,24.5789,96.98,59.71
92,31,1,355.487,11.9765,24.6275,97.58,59.08
93,31,1,355.194,11.9464,24.9204,95.99,58.08
94,31,0,0,0,0,0,55.44
95,31,1,128.124,39.4045,38.404,88.56,54.65
96,31,1,128.159,39.3543,38.3565,94.87,55.24
97,31,1,128.041,39.3889,38.3983,96.11,55.87
98,31,1,128.147,39.3479,38.3438,96.53,55.57
99,31,1,128.143,39.3542,38.3522,97.98,56.44
100,31,1,128.106,39.3625,38.3733,94.66,56.17
101,31,1,128.203,39.3523,38.3176,95.96,56.02
102,31,1,128.225,39.384,38.255,96.13,57
103,31,1,127.935,39.3887,38.4405,94.04,56.97
104,31,1,128.159,39.3613,38.3369,96.3,56.04
105,31,1,128.102,39.3612,38.3504,93.54,56.66
106,31,1,128.186,39.3507,38.3146,97.4,56.26
107,31,1,128.148,39.3945,38.3069,93.74,54.96
108,31,0,0,0,0,0,54.87
109,31,1,355.296,11.9807,24.8117,97.14,57.12
110,31,1,355.345,12.0393,24.7283,95.41,58.61
111,31,1,355.337,11.9963,24.7199,95.24,58.77
112,31,1,355.329,11.95,24.7538,96.08,58.45
113,31,1,355.479,11.9526,24.6124,94.33,58.93
114,31,1,355.193,11.9505,24.8584,93.88,58.49
115,31,1,355.439,11.993,24.5954,96.38,58.89
116,31,1,355.18,11.9433,24.9523,93.36,59
117,31,1,355.307,11.9796,24.7758,95.19,59.06
118,31,1,355.03,11.9228,25.0462,94.59,58.8
119,31,1,355.285,11.9704,24.7868,95.04,58.7
120,31,1,355.129,11.9699,24.9467,96.3,59.58
121,31,1,355.211,12.0128,24.9143,97.22,59.48
122,31,1,355.208,11.975,24.8536,93.86,58.87
123,31,1,355.15,11.9546,25.0001,95.79,59.41
124,31,1,354.971,11.9902,25.1282,96.41,58.39
125,31,1,355.1,11.9631,24.9953,96.21,58.71
126,31,1,355.085,11.9659,24.988,95.39,58.76
127,31,1,355.17,11.9655,24.9809,94.68,59.36
128,31,1,355.193,11.9434,24.9214,94.69,59.33
129,31,1,355.092,11.9662,25.0175,96.61,58.58
130,31,1,355.02,11.9717,25.1436,94.87,59.12
131,31,1,354.978,11.9999,25.1051,94.99,58.72
132,31,1,355.107,11.9499,25.0288,97.04,59.41
133,31,1,355.008,11.9695,25.1557,94.61,59.7
134,31,1,355.03,11.9629,25.1301,95.63,59.54
135,31,1,354.978,11.9699,25.185,94.87,59.74
136,31,1,355.008,11.9627,25.0618,95.72,59.51
137,31,1,355.119,11.9644,25.0722,93.82,59.43
138,31,1,354.831,11.9613,25.2723,95.62,59.69
139,31,1,354.909,11.9739,25.2159,96.42,59.82
140,31,1,355.1,11.9605,24.9592,95.29,59.42
141,31,1,354.883,11.9676,25.0833,95.71,58.36
142,31,1,354.947,11.9713,25.0849,96.72,59.75
143,31,1,355.061,11.985,24.9876,93.81,58.99
144,31,1,355.098,11.9731,24.9949,93.59,59.28
145,31,1,355.012,12.0296,25.0335,94.21,59.69
146,31,1,355.101,11.9672,24.9348,96.35,58.32
147,31,1,354.989,12.0076,24.9544,95.98,59.08
148,31,1,354.999,11.9797,25.1333,93.23,58.26
149,31,0,0,0,0,0,55.9
150,31,1,236.974,41.6775,12.1409,88.3,54.16
151,31,1,236.857,41.6562,12.2626,94.23,54.51
152,31,1,236.88,41.6538,12.1559,94.44,54.93
153,31,1,236.942,41.6252,12.2254,92.26,54.57
154,31,1,236.877,41.6216,12.2449,93.28,54.98
155,31,1,236.949,41.6848,12.1528,94.05,54.94
156,31,1,236.86,41.6576,12.2718,94.09,54.8
157,31,1,236.918,41.6431,12.2282,93.71,55.43
158,31,1,236.94,41.6661,12.1431,93.45,55.18
159,31,1,236.949,41.6529,12.2418,92.3,54.81
160,31,1,236.841,41.6408,12.2491,94.33,55.03
161,31,1,236.876,41.644,12.193,95.13,55.51
162,31,1,236.835,41.6377,12.2531,93.65,55.37
163,31,1,236.869,41.6524,12.2529,93.97,54.9
164,31,1,236.953,41.681,12.1457,93.06,54.73
165,31,1,236.827,41.6447,12.2686,94.05,55.38
166,31,1,236.873,41.6712,12.1328,93.03,54.75
167,31,1,236.859,41.6735,12.266,92.87,55.23
168,31,1,236.962,41.6727,12.1878,93.86,55.63
169,31,1,236.829,41.6541,12.2579,94.18,55.25
170,31,1,236.85,41.6754,12.2428,93.12,55.04
171,31,1,236.92,41.6669,12.1976,92.13,56.23
172,31,1,236.9,41.7005,12.1636,91.46,54.93
173,31,1,236.746,41.6459,12.2498,94.42,54.52
174,31,1,236.866,41.666,12.2266,95.12,55.15
175,31,1,236.933,41.6881,12.2202,93.96,54.48
176,31,1,236.937,41.7043,12.2156,94.89,54.46
177,31,1,236.921,41.6646,12.2309,93.2,55.32
178,31,1,236.891,41.6976,12.1499,93.21,54.79
179,31,1,236.804,41.672,12.2555,96.17,54.71
180,31,1,236.8,41.6697,12.2725,92.93,54.4
181,31,1,236.747,41.6829,12.2607,94.18,54.06
182,31,1,236.911,41.7098,12.1855,94.48,55.27
183,31,1,236.883,41.716,12.242,92.82,55.94
184,31,1,236.888,41.7112,12.2047,91.34,56.84
185,31,1,236.759,41.6849,12.241,91.85,55.09
186,31,1,236.917,41.6694,12.2275,94.64,54.43
187,31,1,236.851,41.6949,12.213,92.65,55.06
188,31,1,236.974,41.728,12.1003,92.73,55.58
189,31,1,236.811,41.6889,12.2202,92.37,54.47
190,31,1,236.93,41.7201,12.1664,91.95,55.67
191,31,1,236.799,41.7009,12.262,93.94,55.17
192,31,1,236.916,41.759,12.1149,93.42,54.85
193,31,1,236.853,41.7085,12.2325,92.39,55.43
194,31,1,236.877,41.7217,12.1617,95.34,54.91
195,31,1,236.843,41.6692,12.2694,92.44,54.55
196,31,1,236.807,41.7023,12.2781,93.02,55.78
197,31,1,236.943,41.7509,12.2455,93.46,55.53
198,31,1,236.898,41.8215,12.115,94.59,55.41
199,31,1,236.976,41.8063,12.1021,91.98,55.33
200,31,1,236.863,41.784,12.1965,93.76,55.73
201,31,1,236.802,41.7174,12.2402,87.9,55.67
202,31,1,236.847,41.7634,12.2331,92.07,55.13
203,31,1,236.933,41.7851,12.1542,94.92,54.3
204,31,0,0,0,0,0,52.74
205,31,1,61.2581,9.97415,58.1658,90.01,58.42
206,31,1,61.3023,9.962,58.0658,90.36,58.67
207,31,1,61.1503,9.97028,58.2867,90.67,58.77
208,31,1,61.2046,9.9805,58.2396,90.36,59.16
209,31,1,61.0868,9.97983,58.3008,88.87,59.05
210,31,1,60.9863,9.97908,58.4674,88.25,59.47
211,31,1,61.1078,9.95192,58.3476,91.18,59.43
212,31,0,0,0,0,0,54.94
213,31,1,221.625,34.0165,38.7008,93.69,56.9
214,31,1,221.758,34.01,38.6474,93.49,57.3
215,31,1,221.864,34.0227,38.5945,93.64,56.98
216,31,1,221.832,34.0142,38.6201,93.02,57.53
217,31,1,221.894,34.0223,38.5752,91.99,57.4
218,31,1,221.882,34.0347,38.5638,84.95,54.36
219,31,1,342.788,21.4406,66.7741,92.76,56.23
220,31,1,342.723,21.4332,66.6818,92.84,57.13
221,31,1,342.594,21.3935,66.9003,93.33,57.57
222,31,1,342.844,21.5526,66.6755,93.59,56.94
223,31,1,342.552,21.3928,66.9262,92.21,57.12
224,31,1,342.666,21.4389,66.8533,94.96,57.98
225,31,1,342.582,21.4482,66.8704,91.98,58.38
226,31,1,342.625,21.468,66.8238,93.52,56.78
227,31,1,168.122,26.7755,23.9522,88.25,55.24
228,31,1,168.101,26.8101,23.9852,94.86,57.25
229,31,1,168.142,26.9066,23.8453,90.77,58.28
230,31,1,168.011,26.8062,24.0256,94.97,59.16
231,31,1,168.165,26.8325,23.9531,95.58,58.57
232,31,1,168.155,26.9007,23.831,92.94,58.62
233,31,1,168.192,26.8075,23.905,97.45,58.88
234,31,1,168.061,26.7934,23.9677,94.67,58.97
235,31,1,168.016,26.8768,23.9095,92.52,58.81
236,31,1,168.094,26.9003,23.8343,94.55,58.68
237,31,1,168.229,26.9061,23.7833,93.98,59.11
238,31,1,168.169,26.818,23.8704,92.7,58.5
239,31,1,168.124,26.8768,23.8132,92.67,58.76
240,31,1,168.171,26.8322,23.862,95.9,58.54
241,31,1,168.247,26.9135,23.7273,92.8,59.62
242,31,1,168.142,26.8767,23.7885,92.17,58.47
243,31,1,168.232,26.9064,23.722,93.37,59.26
244,31,1,168.149,26.822,23.8737,93.24,59.22
245,31,1,168.113,26.8835,23.8039,93.15,58.3
246,31,1,168.241,26.8008,23.8229,93.88,58.46
247,31,1,168.203,26.8164,23.8252,93.16,59.17
248,31,1,168.271,26.8166,23.8105,96,58.9
249,31,1,168.208,26.8909,23.7257,91.67,59.37
250,31,1,168.204,26.9068,23.7335,92.87,59.22
251,31,1,168.14,26.8784,23.7657,91.32,59.34
252,31,1,168.169,26.8062,23.8357,93.23,55.98
253,31,0,0,0,0,0,37.7
254,31,0,0,0,0,0,35.5
255,31,0,0,0,0,0,35.65
0,32,0,0,0,0,0,36.39
1,32,0,0,0,0,0,36.97
2,32,0,0,0,0,0,36.38
3,32,0,0,0,0,0,36.56
4,32,1,131.181,33.4645,81.1557,83.64,37.79
5,32,1,131.365,33.3008,80.9708,93.51,53.49
6,32,1,131.21,33.2767,81.0639,90.95,55.49
7,32,1,131.329,33.2833,80.9881,93.49,56.16
8,32,1,131.274,33.2564,81.0206,92.55,56.22
9,32,1,131.222,33.2548,81.067,90.93,56.25
10,32,1,131.24,33.2612,81.0287,91.44,56.31
11,32,1,131.391,33.2361,80.9667,92.93,56.16
12,32,1,131.111,33.2908,81.0776,92.84,57.05
13,32,1,131.323,33.2508,81.0019,92.7,56.74
14,32,1,131.356,33.2514,80.994,90.71,56.39
15,32,1,131.257,33.2772,81.0225,94.36,56.53
16,32,1,131.316,33.2422,80.9821,93.78,56.49
17,32,1,131.244,33.2775,81.0153,93.42,56.62
18,32,1,131.276,33.2793,81.0014,92.75,56.54
19,32,1,131.289,33.2634,80.9873,93.53,56.58
20,32,1,131.263,33.2479,81.0065,92.84,56.71
21,32,1,131.235,33.2455,81.0201,90.32,56.51
22,32,1,131.325,33.2847,80.9613,91.15,57.59
23,32,1,131.339,33.255,80.984,93.44,57.46
24,32,1,131.387,33.2643,80.9469,91.83,57.88
25,32,1,131.257,33.2371,80.9861,92.42,56.79
26,32,1,131.306,33.2754,80.9846,93.26,56.75
27,32,1,131.3,33.2697,80.9663,93.44,57.06
28,32,1,131.362,33.276,80.9582,92.53,57
29,32,1,131.195,33.2735,81.0331,91.98,56.68
30,32,1,131.314,33.2847,80.9753,92.38,57.41
31,32,1,131.291,33.2553,80.9725,94.12,57.42
32,32,1,131.291,33.2638,80.9784,93.58,57.35
33,32,1,131.299,33.2686,80.9677,89.54,57.1
34,32,1,131.301,33.2696,80.9648,91.63,58.05
35,32,1,131.309,33.2596,80.9519,92.79,57.14
36,32,1,131.31,33.2222,80.9324,92.73,55.87
37,32,0,0,0,0,0,54.07
38,32,1,355.403,18.6408,85.9285,94.17,50.65
39,32,1,355.507,18.6333,85.7614,94.23,51.03
40,32,1,355.193,18.654,86.1751,92.31,51.85
41,32,1,355.38,18.7121,85.9983,89.93,51.22
42,32,1,355.104,18.643,86.1272,89.65,51.8
43,32,1,355.679,18.5664,85.7453,90.52,50.59
44,32,1,355.979,11.9678,24.1679,96.46,56.43
45,32,1,355.947,11.9667,24.1307,96.34,58.05
46,32,1,355.822,11.9814,24.3462,96.98,58.6
47,32,1,355.916,11.9723,24.2143,94.35,58.84
48,32,1,356.025,12.0305,24.0662,95.82,59.52
49,32,1,356.094,12.0237,23.9872,95.98,58.3
50,32,1,355.746,12.0163,24.3765,95.83,58.63
51,32,1,355.775,12.0109,24.4045,96.46,59.22
52,32,1,355.958,11.9575,24.2357,96.82,58.9
53,32,1,355.866,11.972,24.2716,96.22,58.23
54,32,1,355.785,11.9508,24.393,94.54,58.41
55,32,1,355.825,11.9904,24.2657,96.86,58.81
56,32,1,355.833,11.9482,24.2423,96.82,59.3
57,32,1,355.98,11.9675,24.1823,93.24,59.08
58,32,1,355.971,11.996,24.0806,96.44,58.41
59,32,1,355.862,11.9817,24.2294,95.56,59.59
60,32,1,355.92,11.9962,24.1878,96.47,59.33
61,32,1,355.893,11.9839,24.1925,94.28,59.47
62,32,1,355.908,12.004,24.2405,96.5,58.41
63,32,1,356.03,11.9856,24.0811,96.89,59.32
64,32,1,356.212,11.9831,23.8742,95.98,58.89
65,32,1,356.218,11.9668,23.9073,96.47,59.61
66,32,1,356.257,11.9654,23.799,94.78,59.15
67,32,1,356.155,11.9704,24.0178,94.64,59.16
68,32,1,355.725,11.9472,24.3572,95.27,60.04
69,32,1,355.845,11.9541,24.3117,95.74,59.47
70,32,1,355.766,11.9551,24.3681,96.07,58.39
71,32,1,355.652,11.9552,24.4964,96.54,58.89
72,32,1,355.64,11.9666,24.4765,95.99,58.87
73,32,1,355.683,12.0107,24.3259,96.68,59.18
74,32,1,355.749,12.0747,24.3674,95.7,58.87
75,32,1,355.757,11.9553,24.4442,92.46,59.09
76,32,1,355.608,11.947,24.5143,95.69,59.29
77,32,1,355.563,11.95,24.5127,95.05,58.56
78,32,1,355.629,11.9578,24.4298,96.48,58.71
79,32,1,355.732,11.945,24.4087,96.5,59.56
80,32,1,355.567,11.9788,24.5398,96.71,59.39
81,32,1,355.473,11.9824,24.7354,96.61,58.41
82,32,1,355.478,12.0774,24.5653,95.36,59.19
83,32,1,355.625,11.9569,24.5053,95.75,58.73
84,32,1,355.543,11.9489,24.539,96.65,59.33
85,32,1,355.448,11.9767,24.6425,95.89,58.51
86,32,1,355.319,11.995,24.8122,96.17,58.09
87,32,1,355.533,11.9593,24.6391,96.29,59.41
88,32,1,355.476,11.9668,24.5968,96.21,58.76
89,32,1,355.386,11.9719,24.7191,97.41,58.64
90,32,1,355.462,12.0091,24.7345,96.27,58.95
91,32,1,355.388,11.9492,24.7698,96.77,59.36
92,32,1,355.592,12.042,24.538,96.97,59.65
93,32,1,355.416,11.9547,24.7633,93.26,56.12
94,32,0,0,0,0,0,53.71
95,32,1,128.132,39.4025,38.3352,94.6,54.84
96,32,1,128.192,39.3879,38.3396,95.21,56.29
97,32,1,128.196,39.4152,38.2821,94.46,56.54
98,32,1,128.19,39.3941,38.3004,96.92,55.52
99,32,1,128.049,39.3922,38.3877,94.36,55.89
100,32,1,128.127,39.3778,38.35,96.28,57.11
101,32,1,128.036,39.3657,38.4068,96.63,55.53
102,32,1,128.122,39.3813,38.357,94.99,55.76
103,32,1,128.146,39.3534,38.3109,94.78,56
104,32,1,128.011,39.3786,38.4142,93.61,56.2
105,32,1,128.078,39.376,38.3641,96.84,56.9
106,32,1,128.193,39.3533,38.3043,94.95,56.4
107,32,0,0,0,0,0,54.04
108,32,1,355.44,11.9817,24.6364,96.72,56.12
109,32,1,355.324,11.9353,24.7933,95.81,58.79
110,32,1,355.311,11.953,24.6821,95.35,58.3
111,32,1,355.354,12.0034,24.7848,97.79,59
112,32,1,355.526,12.0388,24.4523,94.68,59.14
113,32,1,355.471,11.9217,24.5979,96.63,58.89
114,32,1,355.257,11.9605,24.8413,96.17,59.63
115,32,1,355.266,11.9619,24.7969,96.05,59.81
116,32,1,355.225,11.9481,24.8526,95.25,58.74
117,32,1,355.369,11.9328,24.7675,96.65,59.87
118,32,1,355.189,11.9508,24.9054,96.23,58.88
119,32,1,355.226,11.9532,24.8705,96.52,59.13
120,32,1,355.311,11.9552,24.8248,94.71,59.54
121,32,1,355.175,11.9795,24.8862,96.54,58.74
122,32,1,355.143,11.9714,24.9691,97.01,58.65
123,32,1,355.168,11.9739,24.892,96.51,59.09
124,32,1,355.345,11.9983,24.7655,96.13,59.21
125,32,1,355.228,11.9577,24.905,93.93,59.38
126,32,1,355.166,11.9968,24.9833,95.84,58.98
127,32,1,355.095,12.0223,24.9801,94.34,59.61
128,32,1,355.13,11.9478,24.9969,94.91,59.16
129,32,1,355.242,11.9722,24.8735,95.17,59.59
130,32,1,355.155,11.9535,24.9199,96.46,59.16
131,32,1,355.064,11.9526,25.0075,95.9,60.16
132,32,1,355.076,12.1002,25.0367,97.55,59.08
133,32,1,355.043,11.9646,25.0284,95.33,59.1
134,32,1,355.083,11.9889,24.9194,94.46,59.82
135,32,1,355.09,11.9695,25.0017,95.92,58.77
136,32,1,354.935,11.9954,25.1159,95.7,58.96
137,32,1,355.08,11.9619,24.9931,95.63,59.25
138,32,1,355.056,12.0304,25.0714,96.7,59.32
139,32,1,355.008,11.9658,25.0839,96.15,59.69
140,32,1,354.742,12.0469,25.3758,96.47,58.56
141,32,1,354.964,11.9778,25.0696,95.74,59.95
142,32,1,354.999,11.9745,25.0181,95.93,59.68
143,32,1,354.793,12.0956,25.3348,96.77,58.77
144,32,1,354.777,11.9737,25.292,94.39,58.65
145,32,1,355.018,11.9617,25.057,94.48,59.05
146,32,1,355.072,11.9626,25.0195,95.65,59.28
147,32,1,355.008,11.9719,24.9908,95.91,59.32
148,32,1,354.815,12.0383,25.2127,95.37,58.88
149,32,0,0,0,0,0,54.23
150,32,1,236.781,41.6302,12.2802,94.13,53.63
151,32,1,236.877,41.672,12.2102,92.44,54.5
152,32,1,236.852,41.6592,12.1965,94.88,55.21
153,32,1,236.886,41.6328,12.1827,93.64,55.38
154,32,1,236.899,41.6525,12.1338,94.77,54.79
155,32,1,236.916,41.63,12.2396,93.58,54.66
156,32,1,236.96,41.6311,12.1627,93.05,55.93
157,32,1,236.943,41.6428,12.1722,94.01,55.76
158,32,1,236.927,41.6497,12.1985,92.39,54.74
159,32,1,236.966,41.6517,12.2549,92.78,55.21
160,32,1,236.934,41.6432,12.2356,92.59,55.66
161,32,1,236.868,41.6751,12.1379,96.11,54.85
162,32,1,236.879,41.6542,12.2308,94.12,54.84
163,32,1,236.903,41.6614,12.2546,91.12,54.96
164,32,1,236.986,41.699,12.119,90.83,55.17
165,32,1,236.96,41.688,12.134,92.47,55.84
166,32,1,236.876,41.6441,12.2396,92.09,54.95
167,32,1,236.907,41.6781,12.1338,92.69,55.17
168,32,1,236.852,41.6764,12.2458,92.87,55.33
169,32,1,236.933,41.6513,12.2165,92.52,56
170,32,1,236.927,41.6933,12.1338,93.21,54.61
171,32,1,236.844,41.6198,12.2424,94.82,55.24
172,32,1,236.867,41.674,12.222,94.65,55.13
173,32,1,236.885,41.6978,12.1306,94.88,54.49
174,32,1,236.914,41.6366,12.2394,94.62,54.56
175,32,1,236.945,41.7036,12.1228,95,55.78
176,32,1,236.77,41.6575,12.2663,94.33,55.38
177,32,1,236.763,41.6546,12.2497,93.44,55.35
178,32,1,236.849,41.6871,12.1616,94.99,54.84
179,32,1,236.952,41.6679,12.2382,93.92,54.2
180,32,1,236.823,41.6685,12.2724,92.61,54.75
181,32,1,236.838,41.7164,12.1574,95.34,53.96
182,32,1,236.861,41.685,12.2263,93.17,54.54
183,32,1,236.872,41.6791,12.2496,93.13,54.98
184,32,1,236.869,41.7003,12.2405,95.32,55.09
185,32,1,236.893,41.6765,12.1575,94.33,55.57
186,32,1,236.911,41.7156,12.1404,95.97,54.65
187,32,1,236.809,41.6742,12.2277,92.76,54.92
188,32,1,236.841,41.6911,12.2296,94.36,55.82
189,32,1,236.88,41.7073,12.1352,92.52,55.19
190,32,1,236.877,41.7168,12.222,91.17,54.26
191,32,1,236.81,41.7218,12.131,93.95,54.89
192,32,1,236.936,41.669,12.2273,95.86,55.35
193,32,1,236.813,41.6947,12.2712,93.54,55.35
194,32,1,236.841,41.692,12.2451,94.48,55
195,32,1,236.826,41.6952,12.2438,94.3,54.21
196,32,1,236.846,41.7147,12.2385,94.02,55.87
197,32,1,236.871,41.7509,12.2485,94.33,55.6
198,32,1,236.835,41.7995,12.2548,93.35,56.11
199,32,1,236.882,41.7934,12.2055,93.84,55.06
200,32,1,236.881,41.7882,12.2682,93.76,54.81
201,32,1,236.908,41.7724,12.1872,94.06,55.61
202,32,1,236.823,41.7664,12.2276,94.17,54.75
203,32,1,236.931,41.7936,12.1585,92.42,53.17
204,32,1,61.2587,9.96399,58.3058,88.7,56.05
205,32,1,60.9536,9.98502,58.5375,88.34,58.45
206,32,1,61.2699,9.97833,58.145,88.81,58.64
207,32,1,61.1904,9.95587,58.2986,89.69,58.95
208,32,1,61.1902,9.92377,58.3379,93.68,59
209,32,1,60.8849,9.95307,58.6236,93.33,59.28
210,32,1,60.8348,9.96917,58.6445,89.75,59.21
211,32,1,61.0928,9.97123,58.3295,89.52,58.89
212,32,1,61.006,9.95585,58.4626,87.39,56.58
213,32,0,0,0,0,0,55.78
214,32,1,221.743,33.9932,38.6475,92.82,56.59
215,32,1,221.87,33.9869,38.5945,95.8,58.26
216,32,1,221.76,34.0065,38.6451,92.9,57.1
217,32,1,221.79,33.9862,38.6367,94.7,57.77
218,32,1,221.825,33.9937,38.5982,86.27,55.15
219,32,1,342.742,21.4756,66.7893,92.19,55.02
220,32,1,342.732,21.4158,66.6221,91.44,56.69
221,32,1,342.845,21.5447,66.6207,95.07,56.81
222,32,1,342.761,21.5215,66.6873,93.09,56.74
223,32,1,342.761,21.3451,66.6506,94.69,58.17
224,32,1,342.609,21.4591,66.8502,92.92,58.15
225,32,1,342.57,21.4628,66.9184,93.04,57.84
226,32,1,342.464,21.3962,66.9063,92.83,57.48
227,32,1,167.905,26.8909,23.9775,84.84,54.37
228,32,1,167.931,26.7958,24.0799,95.73,57.36
229,32,1,168.022,26.8743,23.907,90.3,59.02
230,32,1,168.169,26.9037,23.8335,92.9,58.88
231,32,1,168.057,26.8944,23.8818,94.12,58.27
232,32,1,168.193,26.9142,23.8025,92.63,59.48
233,32,1,168.04,26.8105,24.0112,93.35,58.19
234,32,1,168.106,26.8191,23.9297,94.62,58.17
235,32,1,168.221,26.9065,23.7887,90.49,58.72
236,32,1,168.144,26.83,23.9319,94.59,59.08
237,32,1,168.148,26.8242,23.8996,94.9,59.1
238,32,1,168.105,26.8038,23.9038,93.67,59.14
239,32,1,168.168,26.8083,23.8638,94.3,58.53
240,32,1,168.181,26.8279,23.848,93.33,59.32
241,32,1,168.157,26.8371,23.8901,94.4,58.85
242,32,1,168.116,26.8059,23.882,95.25,59.36
243,32,1,168.137,26.8283,23.8905,94,59.06
244,32,1,168.134,26.8756,23.7995,91.09,59.35
245,32,1,168.042,26.8825,23.8486,89.62,59.37
246,32,1,168.333,26.823,23.7787,93.27,59.3
247,32,1,168.26,26.9223,23.7101,92.67,59.59
248,32,1,168.19,26.8891,23.7245,90.6,58.98
249,32,1,168.085,26.8502,23.8113,91.68,58.4
250,32,1,168.389,26.9173,23.6438,93.62,59.54
251,32,1,168.193,26.8827,23.746,91.27,58.89
252,32,1,168.13,26.8054,23.8638,94.25,55.72
253,32,0,0,0,0,0,38.5
254,32,2,7.85427,36.5029,25.8516,39.65,36.06
255,32,0,0,0,0,0,34.89
0,33,0,0,0,0,0,36.02
1,33,0,0,0,0,0,37.68
2,33,0,0,0,0,0,37.46
3,33,0,0,0,0,0,57.31
4,33,2,130.633,34.0334,81.7741,61.34,37.98
5,33,1,131.296,33.3705,81.1174,93.29,54.09
6,33,1,131.349,33.2872,80.987,94.68,55.77
7,33,1,131.262,33.274,81.0361,94.58,56.17
8,33,1,131.327,33.286,80.9665,91.38,55.62
9,33,1,131.378,33.2649,80.9674,91.61,56.58
10,33,1,131.388,33.2781,80.9874,93.8,57.28
11,33,1,131.189,33.2933,81.0709,92.89,56.68
12,33,1,131.196,33.2707,81.056,91.88,56.14
13,33,1,131.299,33.2526,81.02,95.82,56.72
14,33,1,131.302,33.2679,81.0091,92.34,56.39
15,33,1,131.366,33.2664,80.9635,92.36,56.77
16,33,1,131.259,33.291,81.0284,91.38,56.37
17,33,1,131.304,33.2606,81.0052,92.98,56.24
18,33,1,131.364,33.2781,80.9809,93.47,57
19,33,1,131.32,33.2459,80.9784,93.74,56.43
20,33,1,131.202,33.2449,81.0406,92.73,56.52
21,33,1,131.252,33.2792,81.034,92.7,56.79
22,33,1,131.22,33.2478,81.0418,92.03,56.39
23,33,1,131.308,33.2399,80.994,92.76,56.48
24,33,1,131.213,33.2519,81.0253,91.75,56.34
25,33,1,131.273,33.2863,80.982,93.98,57.09
26,33,1,131.26,33.2403,80.9821,92.06,57.03
27,33,1,131.33,33.2792,80.9528,92.21,57.09
28,33,1,131.175,33.2722,81.0097,91.91,56.46
29,33,1,131.378,33.2771,80.937,91.37,57.23
30,33,1,131.343,33.2922,80.9625,92.79,57.2
31,33,1,131.3,33.2768,80.9684,94.33,55.97
32,33,1,131.321,33.2821,80.9662,92.18,56.62
33,33,1,131.359,33.2674,80.9354,91.79,57
34,33,1,131.24,33.279,80.9756,91.52,57.23
35,33,1,131.378,33.2531,80.9308,94.01,56.69
36,33,1,131.309,33.1744,80.9557,91.23,53.86
37,33,1,355.618,18.7649,85.7437,86.87,51.1
38,33,1,355.597,18.6665,85.6305,93.81,50.75
39,33,1,355.161,18.6363,86.2381,90.23,52.2
40,33,1,355.256,18.613,86.0643,93.94,52.52
41,33,1,355.334,18.6406,85.9759,93.57,51.66
42,33,1,355.251,18.6468,86.0241,91.27,50.74
43,33,1,355.424,18.5557,85.8598,84.31,51.27
44,33,1,356.09,11.9771,24.0791,95.63,56.21
45,33,1,355.877,11.9881,24.2584,93.93,57.7
46,33,1,356.024,11.9602,24.1181,95.27,58.25
47,33,1,355.781,11.9564,24.4499,95.11,58.08
48,33,1,355.852,12.0388,24.4142,93.8,58.33
49,33,1,356.034,11.9404,24.1882,93.64,58.23
50,33,1,355.798,11.9804,24.28,96.63,59.03
51,33,1,355.843,11.9539,24.2304,93.81,58.24
52,33,1,355.883,11.9718,24.1324,95.25,58.58
53,33,1,355.909,11.9578,24.3008,95.03,58.5
54,33,1,356.038,12.0421,24.0416,96.98,59.37
55,33,1,355.979,11.9608,24.0595,96.21,58.49
56,33,1,355.956,11.9518,24.2205,95.54,59.67
57,33,1,355.993,12.0218,24.1744,96.15,59.26
58,33,1,355.895,11.9644,24.2139,96.48,59.3
59,33,1,355.951,12.0108,24.1765,94.47,58.94
60,33,1,356.08,11.9639,24.0141,96.07,59.56
61,33,1,356.072,11.9708,24.0819,97.38,59.5
62,33,1,355.893,12.0812,24.1006,96,58.82
63,33,1,355.892,11.9857,24.2258,97.27,58.98
64,33,1,355.821,12.0099,24.288,96.54,59.21
65,33,1,355.965,11.9235,24.1923,95.8,59.5
66,33,1,355.953,11.9601,24.1988,95.23,59.56
67,33,1,355.748,11.9464,24.3855,97.19,58.37
68,33,1,355.778,11.9514,24.3639,95.73,58.34
69,33,1,355.733,11.9562,24.4174,94.76,59.1
70,33,1,355.763,11.9973,24.3023,95.75,58.64
71,33,1,355.659,11.9653,24.4724,96.02,58.79
72,33,1,355.64,11.964,24.5299,97.43,59.46
73,33,1,355.72,11.9595,24.3426,97.15,58.39
74,33,1,355.742,11.9738,24.3391,96.51,58.92
75,33,1,355.503,11.9636,24.6251,94.87,58.61
76,33,1,355.615,11.9523,24.5345,95.74,58.86
77,33,1,355.682,11.9504,24.4131,95.9,58.86
78,33,1,355.533,12.0164,24.6799,95.17,59.11
79,33,1,355.518,11.9681,24.6442,95.79,59.54
80,33,1,355.562,11.9625,24.6369,94.63,59.82
81,33,1,355.712,11.9701,24.4227,96.08,58.97
82,33,1,355.876,11.9522,24.2529,96.46,59.07
83,33,1,355.431,11.9619,24.7107,95.78,59.3
84,33,1,355.419,11.9549,24.6684,94.36,59.18
85,33,1,355.446,11.9861,24.6596,96.78,59.99
86,33,1,355.318,11.9549,24.7283,96.45,58.86
87,33,1,355.476,11.9468,24.6748,95.85,58.78
88,33,1,355.351,12.0357,24.8119,94.84,58.12
89,33,1,355.439,11.9658,24.632,94.99,59.11
90,33,1,355.409,11.9687,24.6793,95.84,59.08
91,33,1,355.373,12.0383,24.7818,94.78,58.88
92,33,1,355.225,11.9393,24.8332,96.23,58.2
93,33,0,0,0,0,0,54.97
94,33,1,128.117,39.406,38.3666,94.28,54.01
95,33,1,128.152,39.4273,38.3134,94.56,55.85
96,33,1,128.056,39.4326,38.348,96.72,56.31
97,33,1,128.126,39.4163,38.3377,94.28,55.57
98,33,1,128.151,39.4091,38.3542,95.83,55.98
99,33,1,128.235,39.3511,38.4244,94.73,57
100,33,1,128.145,39.4014,38.314,95.99,56.4
101,33,1,128.147,39.3609,38.3492,94.81,55.96
102,33,1,128.203,39.3724,38.3153,96.78,56.58
103,33,1,128.181,39.3382,38.4161,94.27,56.51
104,33,1,128.143,39.3622,38.3459,95.23,56.24
105,33,1,128.078,39.3547,38.3601,95.29,56.34
106,33,1,128.202,39.3435,38.305,94.64,55.07
107,33,0,0,0,0,0,55.01
108,33,1,355.444,11.9582,24.6984,95.83,57.96
109,33,1,355.402,12.0611,24.6616,96.16,58.21
110,33,1,355.314,11.9567,24.6972,95.03,58.95
111,33,1,355.362,11.9602,24.6484,95.66,58.43
112,33,1,355.347,11.9598,24.7185,94.96,58.76
113,33,1,355.294,11.9453,24.8424,95.45,59.37
114,33,1,355.257,11.9878,24.8582,95,59.15
115,33,1,355.265,11.9981,24.7093,95.05,59.14
116,33,1,355.111,11.9786,24.9572,95.61,58.45
117,33,1,355.422,11.9541,24.615,95.14,58.47
118,33,1,355.2,11.9471,24.8591,95.88,59.13
119,33,1,355.216,11.9414,24.8426,94.92,59.58
120,33,1,355.266,11.9944,24.8068,94.89,59.71
121,33,1,355.17,11.962,24.8355,95.66,59.1
122,33,1,355.489,11.9587,24.5681,96.44,59.43
123,33,1,355.172,11.9684,24.8601,94.71,58.28
124,33,1,355.183,11.9646,24.8584,96.42,58.95
125,33,1,355.148,11.944,25.0162,94.9,59.04
126,33,1,355.029,12.0034,25.0724,96.63,59.07
127,33,1,355.074,11.9793,24.9573,95.58,59.45
128,33,1,355.095,11.9788,24.9257,95.9,59.4
129,33,1,355.116,11.9592,24.9398,97.12,59.45
130,33,1,355.203,11.9467,24.919,94.8,59.49
131,33,1,355.316,11.9422,24.7906,95.92,58.93
132,33,1,355.212,12.0065,24.8393,95.12,59.02
133,33,1,355.068,11.9705,24.9514,96.86,59.22
134,33,1,355.064,11.9867,25.0033,96.13,59.17
135,33,1,354.986,11.9612,25.1041,95.03,57.85
136,33,1,355.057,11.9687,25.0616,98.08,59.15
137,33,1,354.888,11.997,25.2282,95.76,59.83
138,33,1,355.086,12.0569,24.9642,94.78,59.08
139,33,1,355.097,11.9909,24.9358,96.34,59.9
140,33,1,355.126,12.0424,24.8797,95.59,59.48
141,33,1,355.004,11.9633,25.0346,95.93,59.04
142,33,1,354.949,11.9728,25.0828,93.87,59.61
143,33,1,354.99,12.0354,25.0641,95.14,59.71
144,33,1,354.845,11.9697,25.2541,95.64,59.16
145,33,1,354.918,11.9802,25.149,95.71,59.08
146,33,1,354.86,11.9753,25.1685,95.32,59.55
147,33,1,354.87,12.0282,25.2402,97.37,58.82
148,33,1,354.737,11.9139,25.3009,84.87,55.51
149,33,1,236.82,41.6092,12.2525,94.83,52.42
150,33,1,236.817,41.627,12.2854,93.56,54.15
151,33,1,236.901,41.6741,12.1734,93.36,54.8
152,33,1,237.005,41.6813,12.1773,95.72,55.52
153,33,1,236.82,41.6699,12.1834,92.57,55.57
154,33,1,236.831,41.6677,12.2716,94.1,54.46
155,33,1,236.848,41.6854,12.2791,92.22,55.33
156,33,1,236.941,41.7102,12.1015,94.85,55.57
157,33,1,236.89,41.6825,12.1316,94.1,55.18
158,33,1,236.867,41.6846,12.2666,94.4,55.36
159,33,1,236.937,41.6527,12.2421,94.09,55.41
160,33,1,236.831,41.6725,12.2446,94.39,54.68
161,33,1,236.881,41.669,12.2299,92.98,55.5
162,33,1,236.928,41.6823,12.1559,94.19,55.32
163,33,1,236.858,41.6598,12.2641,93.85,55.05
164,33,1,236.897,41.6415,12.2733,96.65,55.39
165,33,1,236.821,41.6327,12.2865,94,55.42
166,33,1,236.87,41.6778,12.1898,95.05,55.49
167,33,1,236.984,41.6696,12.208,93.89,55.6
168,33,1,236.902,41.6864,12.2094,92.92,55.5
169,33,1,236.962,41.689,12.1832,94.7,55.04
170,33,1,236.884,41.6704,12.1429,92.99,55.56
171,33,1,236.8,41.6705,12.2731,94.3,55.53
172,33,1,236.974,41.7155,12.1314,94.25,55.02
173,33,1,236.876,41.6596,12.2495,92.6,55.3
174,33,1,236.906,41.6892,12.1871,93.95,55.46
175,33,1,236.896,41.6601,12.2366,92.92,55.56
176,33,1,236.895,41.7043,12.2268,91.38,54.87
177,33,1,236.94,41.6874,12.2178,92.62,55.21
178,33,1,236.776,41.6658,12.2245,92.64,55.23
179,33,1,236.885,41.6675,12.2615,92.69,55.34
180,33,1,236.888,41.677,12.2537,93.49,55.31
181,33,1,236.842,41.6782,12.2506,93.84,53.86
182,33,1,236.98,41.7245,12.1918,92.87,54.45
183,33,1,236.901,41.7162,12.2047,95.54,53.94
184,33,1,236.885,41.7143,12.2322,91.95,54.38
185,33,1,236.84,41.6893,12.2305,93.02,54.65
186,33,1,236.899,41.7214,12.147,93.57,54.46
187,33,1,236.88,41.7052,12.1661,94.2,55
188,33,1,236.79,41.6842,12.2536,93.55,55.68
189,33,1,236.852,41.6879,12.2122,94.16,55.65
190,33,1,236.849,41.7225,12.1472,94.61,55.77
191,33,1,236.876,41.716,12.1936,95.25,55.64
192,33,1,236.898,41.6957,12.1807,94.29,55.06
193,33,1,236.786,41.697,12.2836,92.92,55.28
194,33,1,236.833,41.6897,12.2718,92.91,55.4
195,33,1,236.872,41.7023,12.2338,94.7,55.61
196,33,1,236.815,41.7086,12.2358,93.85,55.65
197,33,1,236.751,41.74,12.24,92.68,54.63
198,33,1,236.873,41.7997,12.2242,92.03,55.51
199,33,1,236.959,41.8138,12.0983,94.41,55.13
200,33,1,236.838,41.7614,12.2249,92.01,55.12
201,33,1,236.865,41.7566,12.219,94.05,55.91
202,33,1,236.884,41.7722,12.2105,94.62,53.27
203,33,0,0,0,0,0,52.07
204,33,1,61.2117,9.99236,58.2044,87.88,57.46
205,33,1,61.3508,9.969,58.1123,87.93,58.22
206,33,1,61.3101,9.97689,58.0957,86.71,58.63
207,33,1,61.4026,9.96214,58.0249,88.82,58.52
208,33,1,61.4267,9.98033,57.9257,89.82,59.01
209,33,1,60.5816,9.96822,58.9053,91.75,59.12
210,33,1,60.8449,9.95087,58.67,90.3,59.61
211,33,1,61.2549,9.9458,58.1678,91.77,59.59
212,33,1,61.1624,9.9843,58.2455,88.89,59.73
213,33,1,60.931,10.0086,58.4552,75.77,55.96
214,33,0,0,0,0,0,56.02
215,33,1,221.686,33.9875,38.677,92.97,57.21
216,33,1,221.792,34.0096,38.6532,94.4,57.39
217,33,1,221.769,34.0045,38.661,92.94,57.51
218,33,1,221.845,34.0157,38.5967,93.54,56.22
219,33,1,342.842,21.5222,66.6203,87.27,54.19
220,33,1,342.785,21.4344,66.6958,91.55,56.72
221,33,1,342.648,21.4031,66.7733,90.18,56.97
222,33,1,342.806,21.5669,66.8005,94.59,56.92
223,33,1,342.654,21.4409,66.7646,91.72,57.13
224,33,1,342.793,21.5376,66.7626,95.66,57.1
225,33,1,342.63,21.4209,66.7573,92.37,56.44
226,33,1,342.625,21.4139,66.8547,94.77,55.83
227,33,1,167.955,26.8036,24.0773,95.54,56.67
228,33,1,168.087,26.8211,23.9803,94.55,57.95
229,33,1,168.136,26.7903,23.9554,94.57,58.48
230,33,1,168.247,26.9314,23.8137,93.62,58.94
231,33,1,168.159,26.7789,23.9191,94.37,59.24
232,33,1,168.335,26.9279,23.7018,92.27,58.99
233,33,1,168.124,26.8871,23.8412,91.17,59.15
234,33,1,168.256,26.8821,23.7546,92.42,59.62
235,33,1,168.167,26.8899,23.8134,93.63,59.01
236,33,1,168.165,26.8303,23.8943,93,58.14
237,33,1,168.106,26.8011,23.9214,93.74,58.76
238,33,1,168.155,26.9385,23.8481,93.83,59.27
239,33,1,168.184,26.8141,23.8756,95.18,59.23
240,33,1,168.159,26.8155,23.8594,94.88,58.16
241,33,1,168.239,26.8435,23.8577,95.18,58.7
242,33,1,168.142,26.8657,23.8213,92.07,59.45
243,33,1,168.178,26.7957,23.8552,96.42,58.87
244,33,1,168.132,26.8328,23.8977,95.13,59.41
245,33,1,168.187,26.8366,23.8503,92.71,58.76
246,33,1,168.181,26.8333,23.8579,94.28,58.65
247,33,1,168.157,26.8957,23.7997,93.92,59.01
248,33,1,168.163,26.7972,23.8504,95.98,59.13
249,33,1,168.249,26.9039,23.6984,93.35,58.98
250,33,1,168.052,26.8794,23.8335,89.57,58.48
251,33,1,168.369,26.7852,23.7065,96.39,59.22
252,33,1,168.246,26.7737,23.786,95.21,58.11
253,33,1,168.46,26.8583,23.593,85.95,42.66
254,33,0,0,0,0,0,35.14
255,33,0,0,0,0,0,35.5
0,34,0,0,0,0,0,36.97
1,34,0,0,0,0,0,37.51
2,34,0,0,0,0,0,37.74
3,34,0,0,0,0,0,55.71
4,34,1,131.108,33.388,81.0693,84.83,38.47
5,34,1,131.281,33.2938,81.0074,91.19,54.53
6,34,1,131.205,33.2895,81.0476,94.28,55.4
7,34,1,131.337,33.2733,81.0006,93.21,55.61
8,34,1,131.268,33.2842,81.0085,94.03,56.46
9,34,1,131.17,33.2769,81.041,94.05,56.34
10,34,1,131.307,33.3067,81.0153,92.81,56.78
11,34,1,131.266,33.3148,81.023,91.55,57.05
12,34,1,131.203,33.2958,81.0556,93.06,57.43
13,34,1,131.366,33.2712,80.9651,93.35,57.14
14,34,1,131.295,33.2869,80.9909,92.99,56.96
15,34,1,131.313,33.2914,81.0038,92.11,56
16,34,1,131.207,33.3023,81.0266,92.81,56.99
17,34,1,131.287,33.2622,81.0302,92.87,56.05
18,34,1,131.424,33.2629,80.9597,92.62,57.86
19,34,1,131.341,33.266,80.9938,93.22,56.9
20,34,1,131.242,33.2658,81.0421,89.97,57.15
21,34,1,131.283,33.2887,80.994,91.82,56.98
22,34,1,131.297,33.2671,80.9828,93.5,57.41
23,34,1,131.335,33.2282,80.9411,92.79,56.49
24,34,1,131.311,33.2663,80.9743,93.82,57.25
25,34,1,131.315,33.2195,80.9786,93.59,56.73
26,34,1,131.325,33.2603,80.955,93.27,57.03
27,34,1,131.396,33.2632,80.9338,94.95,56.46
28,34,1,131.302,33.2499,80.9773,91.91,57.29
29,34,1,131.295,33.2726,80.9738,92.71,56.74
30,34,1,131.278,33.2877,80.9753,94.09,57.62
31,34,1,131.525,33.06,80.8497,86.56,56.84
32,34,1,131.262,33.2804,80.9958,93.54,57.02
33,34,1,131.147,33.2833,81.0471,89.97,57.78
34,34,1,131.336,33.2733,80.9677,91.73,57.02
35,34,1,131.352,33.1769,80.9712,96.54,54.62
36,34,0,0,0,0,0,52.63
37,34,1,355.423,18.664,85.7911,88.82,51.81
38,34,1,355.255,18.6638,86.1502,91.32,52.36
39,34,1,355.663,18.6047,85.5483,93.55,51.15
40,34,1,355.188,18.6178,86.1074,91.91,52.11
41,34,1,355.425,18.6412,85.8027,93.12,51.82
42,34,1,355.264,18.6123,86.0208,95.64,52.82
43,34,0,0,0,0,0,51.72
44,34,1,356.065,11.9731,24.1294,92.29,57.16
45,34,1,355.86,11.9582,24.2848,95.15,58.23
46,34,1,355.859,11.9745,24.3276,95.81,57.92
47,34,1,355.881,11.9385,24.2686,95.31,59.16
48,34,1,355.883,12.0756,24.2704,96.44,58.59
49,34,1,356.007,12.0182,24.1043,96.26,57.99
50,34,1,355.845,11.9736,24.2267,95.09,59.46
51,34,1,355.706,12.0882,24.442,96.21,58.52
52,34,1,355.982,12.0721,24.1642,96.97,59.69
53,34,1,355.771,12.0355,24.2729,97.13,58.41
54,34,1,355.869,11.9817,24.2009,96.18,59.54
55,34,1,355.867,11.9836,24.2357,95.54,58.81
56,34,1,356.083,11.9886,24.0104,95.66,58.74
57,34,1,356.042,11.9906,24.0722,95.61,58.65
58,34,1,356.143,12.0043,23.8562,93.18,58.91
59,34,1,356.061,12.0854,24.0208,95.56,58.93
60,34,1,356.178,11.9558,23.8854,95.69,59.75
61,34,1,355.966,11.9685,24.1362,96.69,58.26
62,34,1,356.11,11.9542,23.9903,96.68,59.51
63,34,1,355.925,11.9735,24.1521,96.59,59.08
64,34,1,355.783,11.9494,24.3333,96.24,59.3
65,34,1,355.819,11.9628,24.3185,96.03,58.51
66,34,1,355.686,11.9619,24.4453,95.55,58.62
67,34,1,355.692,11.9755,24.3723,95.92,58.65
68,34,1,355.708,11.9464,24.425,96.21,58.77
69,34,1,355.701,11.928,24.4946,95.91,58.67
70,34,1,355.759,12.0071,24.3792,96.87,58.48
71,34,1,355.83,12.0461,24.2127,97.65,58.61
72,34,1,355.565,11.9578,24.5832,96.7,59.49
73,34,1,355.752,11.9486,24.3306,95.37,60.21
74,34,1,355.501,12.03,24.6813,95.07,59.31
75,34,1,355.603,11.9556,24.5794,97.18,59.09
76,34,1,355.758,11.9728,24.3552,95.26,59.35
77,34,1,355.638,11.9444,24.555,95.05,58.91
78,34,1,355.696,12.0332,24.4138,94.87,58.39
79,34,1,355.614,11.9575,24.4712,96.54,58.68
80,34,1,355.564,12.0441,24.5966,97.63,58.85
81,34,1,355.582,12.0279,24.5485,97.12,59.44
82,34,1,355.558,11.958,24.5355,95.95,58.51
83,34,1,355.754,11.9794,24.3515,94.86,58.78
84,34,1,355.582,11.9704,24.5544,95.25,59.1
85,34,1,355.375,11.9807,24.6586,96.3,58.94
86,34,1,355.448,11.9711,24.8002,93.13,58.87
87,34,1,355.608,11.9779,24.4425,96.18,59.09
88,34,1,355.469,11.9855,24.6238,95.74,59.53
89,34,1,355.116,12.0313,25.0004,95.73,58.47
90,34,1,355.311,11.9456,24.7994,96.26,58.3
91,34,1,355.325,11.9878,24.6861,96.48,58.28
92,34,1,355.21,11.9444,24.919,86.13,56.12
93,34,1,128.072,39.4153,38.4216,87.45,54.25
94,34,1,128.136,39.3921,38.3411,94.44,55.29
95,34,1,128.208,39.3734,38.3161,96.62,56.26
96,34,1,128.114,39.4293,38.3607,95.33,56.37
97,34,1,128.145,39.3905,38.3553,95.87,56.05
98,34,1,128.159,39.3863,38.3389,96.16,56.16
99,34,1,128.171,39.3961,38.309,95.85,56.56
100,34,1,128.138,39.4067,38.3724,94.92,56.14
101,34,1,128.142,39.3754,38.3533,96.99,55.75
102,34,1,128.163,39.3522,38.3689,94.1,56
103,34,1,128.06,39.3919,38.371,95.07,56.07
104,34,1,128.066,39.3832,38.3439,94.61,56.12
105,34,1,128.137,39.3619,38.3269,96.81,55.57
106,34,0,0,0,0,0,55.76
107,34,1,355.293,11.9685,24.78,94.33,58.83
108,34,1,355.311,11.9114,24.7609,95.89,59.08
109,34,1,355.417,12.0167,24.7383,95.97,58.64
110,34,1,355.431,11.9485,24.6334,96.94,59.86
111,34,1,355.349,11.9485,24.7696,94.27,58.6
112,34,1,355.344,12.0232,24.7589,97.58,58.8
113,34,1,355.257,11.9231,24.7782,93.91,59.05
114,34,1,355.378,12.0386,24.6117,96.41,58.54
115,34,1,355.376,11.9611,24.7493,95.68,58.32
116,34,1,355.078,11.9413,25.061,96.82,58.49
117,34,1,355.06,12.0939,24.9942,95.12,59.33
118,34,1,355.243,11.9353,24.7628,95.19,58.7
119,34,1,355.288,11.9866,24.7582,96.57,58.67
120,34,1,355.219,11.9363,24.897,93.65,59
121,34,1,355.299,11.9365,24.8044,96.72,59.17
122,34,1,355.125,11.9739,24.9939,94.51,57.96
123,34,1,355.03,11.9611,25.0583,95.09,59.14
124,34,1,355.142,11.9705,24.944,93.86,59.26
125,34,1,355.167,11.979,24.9202,95.16,58.77
126,34,1,355.068,11.9477,24.949,96.55,59.29
127,34,1,355.09,12.0244,25.0394,96.6,59.24
128,34,1,355.077,11.9832,25.0259,96.55,59.5
129,34,1,355.013,11.9679,25.0214,96.28,59.4
130,34,1,355.106,11.9868,24.9974,96.45,59.1
131,34,1,355.108,11.943,25.0278,95.46,59.82
132,34,1,355.065,11.9507,25.0284,95.9,58.8
133,34,1,354.993,11.9685,25.0761,95.02,59.34
134,34,1,355.086,12.0364,24.9539,94.53,59.28
135,34,1,354.935,11.9564,25.1583,96.51,57.84
136,34,1,355.103,12.0113,24.8649,94.66,58.07
137,34,1,354.993,11.9641,25.005,94.86,59.33
138,34,1,355.136,11.9366,24.9497,95.14,58.99
139,34,1,354.975,11.946,25.1053,95.03,58.94
140,34,1,355.021,11.9708,25.0522,97.98,58.91
141,34,1,355.015,11.9628,25.0956,95.17,58.73
142,34,1,354.967,12.0462,25.0509,96.16,58.32
143,34,1,354.903,12.0778,25.1584,96.8,59.6
144,34,1,354.875,11.9651,25.2663,94.31,59.76
145,34,1,354.796,12.03,25.3171,95.71,59.6
146,34,1,354.952,11.9626,25.1005,94.77,59.79
147,34,1,354.828,11.9989,25.285,95.7,57.84
148,34,0,0,0,0,0,53.94
149,34,1,236.86,41.6308,12.2961,93.76,54.47
150,34,1,236.862,41.6059,12.2406,93.17,54.94
151,34,1,236.752,41.5803,12.354,93.67,54.74
152,34,1,236.789,41.645,12.3281,93.03,55.46
153,34,1,236.923,41.6373,12.2918,93.94,55.69
154,34,1,236.895,41.6638,12.264,93.53,55.03
155,34,1,236.85,41.6992,12.1354,91.64,55.28
156,34,1,236.871,41.6862,12.1602,94.67,55.61
157,34,1,236.872,41.6859,12.2462,93.17,55.44
158,34,1,236.808,41.6969,12.2787,93.22,56.32
159,34,1,236.975,41.7042,12.2111,92.23,54.82
160,34,1,236.921,41.6872,12.2449,95.43,54.72
161,34,1,236.835,41.6858,12.2392,93.45,55.83
162,34,1,236.843,41.6566,12.2605,92.67,54.47
163,34,1,236.942,41.6214,12.2285,95.97,55.04
164,34,1,236.857,41.6599,12.2747,92.35,55.56
165,34,1,236.87,41.6496,12.2517,92.18,54.95
166,34,1,236.778,41.6494,12.2856,95.87,54.61
167,34,1,236.922,41.68,12.1673,95.42,54.6
168,34,1,236.798,41.6509,12.2502,94.66,55.79
169,34,1,236.786,41.6425,12.276,92.5,54.85
170,34,1,236.944,41.6847,12.1477,93.61,54.79
171,34,1,236.788,41.6319,12.2812,92.61,54.76
172,34,1,236.868,41.6873,12.2387,93.02,54.96
173,34,1,236.8,41.6513,12.2478,93.99,54.67
174,34,1,236.896,41.6803,12.232,93.73,55.25
175,34,1,236.798,41.6669,12.2766,94.25,55.31
176,34,1,236.889,41.6875,12.2389,94.07,54.7
177,34,1,236.876,41.6988,12.173,95.55,55.51
178,34,1,236.811,41.6852,12.2474,92.73,55.22
179,34,1,236.917,41.6897,12.1447,92.67,55.28
180,34,1,236.873,41.671,12.2495,92.05,54.52
181,34,1,236.873,41.6916,12.1539,95.35,55.7
182,34,1,236.981,41.7173,12.1477,92.72,54.68
183,34,1,236.907,41.7013,12.1638,91.77,55.18
184,34,1,236.815,41.6888,12.2647,94.92,54.57
185,34,1,236.845,41.7125,12.2678,91.32,55.21
186,34,1,236.806,41.7025,12.1927,94.14,55.04
187,34,1,236.8,41.6982,12.1743,95.63,54.61
188,34,1,236.925,41.6902,12.1911,93.97,55.95
189,34,1,236.901,41.6379,12.2329,92.5,54.88
190,34,1,236.825,41.7326,12.268,93.89,55.7
191,34,1,236.815,41.7295,12.2546,90.83,54.97
192,34,1,236.797,41.6817,12.2135,94.96,55.23
193,34,1,236.923,41.7279,12.1747,93.44,55.46
194,34,1,236.779,41.6801,12.2704,92.49,54.67
195,34,1,236.905,41.7075,12.1556,93.92,54.39
196,34,1,236.907,41.7296,12.2275,94.32,55.51
197,34,1,236.875,41.779,12.2229,94.07,55.43
198,34,1,236.913,41.7805,12.1775,93.65,55.37
199,34,1,236.82,41.7707,12.2365,92.55,56.27
200,34,1,236.906,41.7458,12.1446,94.69,55.42
201,34,1,236.891,41.7388,12.2294,93.15,55.58
202,34,1,236.959,41.7943,12.1399,93.47,52.31
203,34,2,63.109,9.75657,55.994,67.21,55.24
204,34,1,61.3515,9.94635,58.1653,90.37,58.07
205,34,1,61.6859,9.94546,57.7891,91.76,59.58
206,34,1,60.7558,9.983,58.6769,90.17,58.43
207,34,1,60.8814,9.95342,58.7194,92.42,59.18
208,34,1,61.2075,9.96907,58.1734,89.64,58.72
209,34,1,61.1083,9.98816,58.2819,88.21,58.63
210,34,1,61.5876,9.88926,58.0148,84.5,60.16
211,34,1,61.019,9.95818,58.4597,93.25,60.46
212,34,1,61.0154,9.94427,58.4892,92.53,59.95
213,34,1,60.7361,9.96955,58.6537,89.38,59.06
214,34,0,0,0,0,0,55.42
215,34,1,221.56,34.0011,38.8014,93.62,56.88
216,34,1,222.132,33.8344,38.1838,84.83,58.13
217,34,1,221.763,34.0003,38.643,92.9,57.68
218,34,1,222.143,33.7043,38.1564,82.87,57.96
219,34,0,0,0,0,0,53.96
220,34,1,342.849,21.4853,66.7213,91.99,56.27
221,34,1,342.726,21.4267,66.6798,92.98,57.5
222,34,1,342.792,21.5335,66.6739,92.92,57.24
223,34,1,342.733,21.4351,66.7441,92.97,56.94
224,34,1,342.672,21.4335,66.8848,94.65,57.48
225,34,1,342.563,21.4554,66.8044,91.15,58.22
226,34,1,342.561,21.3649,66.8709,90.44,55.89
227,34,1,168.146,26.9246,23.8689,94.14,57.48
228,34,1,167.924,26.8705,24.008,89.36,57.78
229,34,1,168.022,26.8789,23.9484,93.77,57.99
230,34,1,168.036,26.8736,23.9338,90.33,58.86
231,34,1,167.953,26.8305,24.0353,93.71,58.73
232,34,1,168.167,26.8074,23.9222,95.44,59.09
233,34,1,168.198,26.8503,23.8775,96.5,58.84
234,34,1,168.113,26.8275,23.947,96.06,59.2
235,34,1,168.11,26.8976,23.8351,92.77,58.34
236,34,1,168.129,26.8399,23.9032,94.33,58.28
237,34,1,168.355,26.885,23.6968,92.77,59.29
238,34,1,167.947,26.8537,23.9487,91.12,58.29
239,34,1,168.207,26.8292,23.8729,93.99,58.19
240,34,1,168.085,26.8028,23.9256,94.13,58.84
241,34,1,168.132,26.8634,23.8006,90.18,58.67
242,34,1,168.232,26.8262,23.8145,93.68,58.18
243,34,1,168.235,26.8699,23.8431,93.96,58
244,34,1,168.195,26.8279,23.8386,97.01,58.53
245,34,1,168.225,26.8164,23.8122,94.61,58.51
246,34,1,168.177,26.837,23.8391,93.57,58.87
247,34,1,168.198,26.8327,23.8598,95.72,59.27
248,34,1,168.127,26.8105,23.8703,96.43,59.33
249,34,1,168.194,26.902,23.7473,93.75,58.87
250,34,1,168.116,26.8983,23.8092,94.24,58.78
251,34,1,168.18,26.8138,23.8808,95.67,58.65
252,34,1,168.227,26.7966,23.8147,95.8,58.58
253,34,1,168.177,26.9143,23.7575,89.49,45.75
254,34,0,0,0,0,0,35.62
255,34,0,0,0,0,0,35.39
0,35,0,0,0,0,0,36.44
1,35,0,0,0,0,0,37.28
2,35,0,0,0,0,0,37.18
3,35,0,0,0,0,0,37.14
4,35,2,130.516,33.3662,81.2196,53.71,37.98
5,35,1,131.2,33.3182,81.0624,91.62,53.74
6,35,1,131.154,33.3014,81.0967,91.51,55.73
7,35,1,131.226,33.2913,81.0442,91.98,56.45
8,35,1,131.427,33.2888,80.9339,93.34,55.99
9,35,1,131.204,33.3104,81.0579,92.43,56.94
10,35,1,131.285,33.2694,81.0345,91.71,56.65
11,35,1,131.396,33.2542,80.9645,95.22,56.35
12,35,1,131.259,33.3223,81.0346,93.52,57.03
13,35,1,131.309,33.3047,81.012,91.66,56.56
14,35,1,131.215,33.2719,81.0283,93.15,55.57
15,35,1,131.201,33.2896,81.0557,93.24,56.94
16,35,1,131.277,33.2465,81.0131,93.04,55.64
17,35,1,131.335,33.2946,80.9995,92.34,57.13
18,35,1,131.339,33.2953,80.9947,93.61,57.26
19,35,1,131.299,33.2487,81.0083,92.91,56.43
20,35,1,131.362,33.2922,80.9617,93.72,56.92
21,35,1,131.29,33.2323,80.9901,93,56.48
22,35,1,131.257,33.2504,81.0155,91.69,56.62
23,35,1,131.281,33.2947,80.9989,91.45,56.28
24,35,1,131.298,33.2463,80.9833,91.77,56.73
25,35,1,131.237,33.2821,80.9805,93.16,57.47
26,35,1,131.267,33.256,81.0026,92.47,56.53
27,35,1,131.128,33.1086,80.8554,84.76,57.24
28,35,1,131.382,33.2285,80.9273,92.58,56.63
29,35,1,131.26,33.2576,80.9902,94.96,57.09
30,35,1,131.392,33.2762,80.9425,92.01,56.9
31,35,1,131.352,33.2685,80.9448,92.75,56.51
32,35,1,131.322,33.2803,80.9634,90.69,56.76
33,35,1,131.215,33.2958,80.973,89.95,56.87
34,35,1,131.216,33.236,80.9764,95.45,56.37
35,35,0,0,0,0,0,52.23
36,35,1,355.6,18.6288,85.6278,90.49,51.65
37,35,1,355.529,18.6185,85.8178,93.27,51.81
38,35,1,355.259,18.6384,86.0299,93.08,51.37
39,35,1,355.082,18.6321,86.3183,92.36,52.25
40,35,1,355.219,18.6181,86.135,95.72,51.82
41,35,1,355.693,18.6011,85.5725,93.58,52.43
42,35,1,355.354,18.6537,85.9451,92.66,52.23
43,35,0,0,0,0,0,53.73
44,35,1,355.886,11.9893,24.1785,95.18,58.53
45,35,1,356.145,11.9777,23.9671,97.25,58.54
46,35,1,356.183,11.9358,24.027,92.55,58.59
47,35,1,355.975,11.9537,24.1911,94.87,58.06
48,35,1,355.783,11.9814,24.323,95.58,59
49,35,1,355.782,12.0766,24.3673,96.98,59.09
50,35,1,355.865,11.948,24.3073,95.09,58.83
51,35,1,356.214,11.9568,23.8333,95.06,58.84
52,35,1,355.97,11.9951,24.1209,95,59.01
53,35,1,355.998,12.0484,24.0958,96.39,59.14
54,35,1,355.969,11.9846,24.1902,96.79,59.14
55,35,1,355.984,11.9694,24.1898,94.44,59.15
56,35,1,355.963,11.9676,24.1869,97.1,58.09
57,35,1,355.966,11.9861,24.1187,94.85,59.05
58,35,1,355.924,11.9505,24.1319,95.95,59.63
59,35,1,356.172,11.9539,24.0391,92.57,59.33
60,35,1,356.199,11.9335,23.8522,95.14,58.81
61,35,1,356.052,11.954,23.9636,97.09,59.43
62,35,1,356.103,11.9343,23.9936,96.68,58.88
63,35,1,355.867,11.9451,24.2875,95.1,58.23
64,35,1,355.798,11.9776,24.3388,97.79,59.04
65,35,1,355.965,11.9551,24.0889,96.35,59.32
66,35,1,355.877,11.9854,24.1577,97.28,58.13
67,35,1,355.59,12.0242,24.6019,94.11,59.08
68,35,1,355.689,11.9629,24.4616,95.36,58.45
69,35,1,355.792,11.9459,24.3511,97.53,59.97
70,35,1,355.805,11.9485,24.2764,95.66,59.62
71,35,1,355.798,11.9437,24.3111,95.49,58.57
72,35,1,355.542,11.9515,24.6403,94.74,59.48
73,35,1,356.278,11.7902,23.9587,89,58.84
74,35,1,355.484,11.9583,24.5531,95.9,58.51
75,35,1,355.72,11.9475,24.3954,96.45,58.52
76,35,1,355.709,11.9539,24.5028,94.98,58.81
77,35,1,355.668,11.9508,24.5336,94.11,58.93
78,35,1,355.657,11.9922,24.3681,96.33,59.49
79,35,1,355.711,11.9714,24.3288,97.19,59.22
80,35,1,355.485,11.9645,24.6066,95.12,58.66
81,35,1,355.246,11.945,25.0157,94.57,58.2
82,35,1,355.558,11.9971,24.5167,95.38,58.6
83,35,1,355.529,11.9598,24.6533,96.02,58.82
84,35,1,355.628,11.9721,24.5136,95.82,58.87
85,35,1,355.557,11.9967,24.5948,95.91,59.69
86,35,1,355.446,11.9972,24.6828,93.77,60.18
87,35,1,355.363,11.9831,24.7594,97.02,58.62
88,35,1,355.353,11.9628,24.8208,95.78,58.74
89,35,1,355.219,11.9482,24.8969,95.17,58.46
90,35,1,355.189,11.9402,24.9608,95.41,59.36
91,35,1,355.124,11.9478,25.039,95.04,56.9
92,35,0,0,0,0,0,54.55
93,35,1,128.155,39.3841,38.3507,97.77,54.9
94,35,1,128.167,39.3714,38.3701,94.12,55.36
95,35,1,128,39.4036,38.3801,96.02,55.94
96,35,1,128.089,39.3918,38.3693,96.17,56.85
97,35,1,128.092,39.3801,38.3744,96.31,54.66
98,35,1,128.172,39.3515,38.3426,96.81,56.41
99,35,1,127.844,39.4168,38.4868,92.17,57.16
100,35,1,128.021,39.3903,38.3715,95.57,56.19
101,35,1,128.076,39.3876,38.3582,95.14,55.55
102,35,1,128.137,39.3611,38.3548,94.73,56.56
103,35,1,128.077,39.3553,38.4229,94.99,56.06
104,35,1,128.12,39.3544,38.3605,95.61,55.88
105,35,0,0,0,0,0,54.48
106,35,1,355.159,11.9601,24.9609,95.21,57.28
107,35,1,355.265,11.9599,24.8085,95.17,57.81
108,35,1,355.348,11.9517,24.6816,96.8,58.19
109,35,1,355.237,11.9364,24.8765,96.53,58.51
110,35,1,355.519,11.9389,24.48,97.09,58.5
111,35,1,355.461,11.9267,24.5892,95.79,58.96
112,35,1,355.315,11.9503,24.7315,94.96,58.79
113,35,1,354.952,11.9921,25.1157,94.7,58.85
114,35,1,355.445,11.9958,24.7143,96.12,59.22
115,35,1,355.412,12.0418,24.6897,95.69,59.54
116,35,1,355.23,11.9508,24.8123,96.23,58.97
117,35,1,355.273,11.9408,24.7693,94.68,59.27
118,35,1,355.14,12.0399,24.9362,97.22,59.52
119,35,1,355.225,11.9603,24.7734,96.06,59.04
120,35,1,355.198,11.9749,24.8447,95.61,59.06
121,35,1,355.166,11.9402,24.873,95.22,58.74
122,35,1,355.203,12.011,24.8941,95.44,59.61
123,35,1,355.138,11.9621,24.8299,95.38,59.34
124,35,1,355.192,11.944,24.9559,95.04,59.68
125,35,1,354.966,12.0669,25.1413,97.7,58.5
126,35,1,355.169,11.9636,24.9254,96.32,58.64
127,35,1,355.248,11.9672,24.7674,96.56,59.43
128,35,1,355.014,12.0055,25.1364,96.08,59.1
129,35,1,354.965,11.9356,25.0845,95.28,58.42
130,35,1,355.074,11.9567,25.034,95.41,59.04
131,35,1,355.113,11.9638,24.9079,96.25,59.68
132,35,1,355.121,11.9544,24.9829,94.77,59.47
133,35,1,355.134,11.9752,24.8705,93.52,59.28
134,35,1,355.091,12.0338,24.9672,95.17,59.16
135,35,1,354.848,11.9711,25.2813,95.02,57.7
136,35,1,354.962,12.0757,25.1368,97.58,59.28
137,35,1,355.17,11.9437,24.9358,93.89,58.62
138,35,1,354.955,11.9664,25.0592,94.39,59.46
139,35,1,355.095,12.0378,24.9098,95.62,59.72
140,35,1,355.013,11.9696,24.9857,94.85,59.86
141,35,1,355.094,11.9716,24.962,95.93,59.31
142,35,1,354.959,11.9824,25.141,96.94,58.87
143,35,1,354.888,11.9691,25.2129,96.16,59.22
144,35,1,355.036,11.9603,25.0344,94.88,59.96
145,35,1,354.997,11.9883,25.0568,97.75,59.69
146,35,1,354.768,12.0109,25.2718,95.02,58.89
147,35,1,354.506,12.0004,25.595,88.3,54.55
148,35,1,236.886,41.6096,12.292,93.22,54.06
149,35,1,236.861,41.6115,12.2132,93.44,54.83
150,35,1,236.929,41.6434,12.1927,93.77,53.84
151,35,1,236.846,41.6439,12.2682,93.03,54.74
152,35,1,236.829,41.6438,12.3254,96.58,55.44
153,35,1,236.862,41.6743,12.2034,94.9,54.94
154,35,1,236.806,41.6026,12.3017,94.84,54.69
155,35,1,236.856,41.6704,12.2936,92.95,55.47
156,35,1,236.823,41.6874,12.2303,94.14,56.38
157,35,1,236.77,41.6823,12.2535,93.21,55.11
158,35,1,236.932,41.7199,12.2531,93.25,55.67
159,35,1,236.864,41.7426,12.1709,93.51,55.28
160,35,1,236.911,41.7131,12.2271,93.39,55.19
161,35,1,236.894,41.6969,12.2571,95.9,55.27
162,35,1,236.83,41.6495,12.2475,94.35,55.52
163,35,1,236.905,41.664,12.2458,95.75,54.79
164,35,1,236.879,41.6793,12.1488,93.18,55.76
165,35,1,236.851,41.6488,12.2572,94.78,56.15
166,35,1,236.916,41.6931,12.247,93.2,55.35
167,35,1,236.878,41.6688,12.262,93.8,55.66
168,35,1,236.819,41.6679,12.2729,93.58,54.97
169,35,1,236.855,41.6598,12.2169,93.88,54.31
170,35,1,236.859,41.6705,12.2351,94.03,54.52
171,35,1,236.869,41.6844,12.1895,94.68,55.11
172,35,1,236.83,41.672,12.2531,93.99,55.22
173,35,1,236.929,41.6633,12.2511,93.5,54.98
174,35,1,236.896,41.6833,12.2003,94.51,55.63
175,35,1,236.922,41.7088,12.1565,95.16,55.81
176,35,1,236.799,41.6906,12.2347,94.96,55.37
177,35,1,236.82,41.686,12.2337,91.7,54.93
178,35,1,236.731,41.6762,12.26,95.11,54.8
179,35,1,236.879,41.6901,12.2262,91.82,55
180,35,1,236.848,41.6697,12.222,95.22,55.23
181,35,1,236.889,41.7103,12.1202,94.19,55.52
182,35,1,236.859,41.6935,12.2212,93.39,54.55
183,35,1,236.895,41.7157,12.1424,93.48,55.57
184,35,1,236.8,41.6943,12.2707,92.13,54.49
185,35,1,236.82,41.7222,12.288,91.82,54.96
186,35,1,236.836,41.7402,12.2428,92.2,54.89
187,35,1,236.914,41.7328,12.2078,94.66,53.98
188,35,1,236.881,41.7206,12.2426,92.39,54.75
189,35,1,236.829,41.7034,12.239,95.14,54.23
190,35,1,236.808,41.7281,12.1805,94.33,55.09
191,35,1,236.866,41.7339,12.2316,94.63,54.92
192,35,1,236.797,41.6741,12.265,87.85,55.32
193,35,1,236.847,41.7092,12.2708,94.58,55.73
194,35,1,236.887,41.7294,12.1717,94.32,55.27
195,35,1,236.953,41.7147,12.2324,93.54,55.48
196,35,1,236.828,41.7169,12.2773,91.9,55.11
197,35,1,236.878,41.7838,12.2219,92.02,56.15
198,35,1,236.88,41.7796,12.1993,90.67,55.45
199,35,1,236.845,41.7636,12.212,93.24,54.02
200,35,1,236.752,41.7405,12.2259,93.02,54.12
201,35,1,236.981,41.7867,12.1382,92.02,54.21
202,35,0,0,0,0,0,52.18
203,35,1,61.195,10.0138,58.2407,88.31,56.06
204,35,1,61.1103,9.93384,58.4092,92.38,59.25
205,35,1,61.2751,9.97364,58.2233,89.05,58.83
206,35,1,61.4426,9.95363,57.9965,89.53,58.13
207,35,1,61.1401,9.98067,58.2666,90,59.1
208,35,1,59.7895,10.1333,59.7147,84.15,59.48
209,35,1,61.1979,9.9543,58.257,90.83,59.01
210,35,1,61.1892,9.96752,58.2323,88.66,59.99
211,35,1,60.8839,9.97223,58.5264,89.04,58.99
212,35,1,61.2736,9.9149,58.2483,92.43,59.71
213,35,1,60.8423,9.92947,58.5931,91.2,59.45
214,35,1,60.9933,9.96083,58.4442,87.96,57.28
215,35,0,0,0,0,0,55.44
216,35,1,221.774,34.0289,38.7017,95.38,57.68
217,35,1,221.632,33.9791,38.7036,93.68,57.41
218,35,1,221.716,33.9859,38.6613,92.77,57.27
219,35,1,221.837,34.0111,38.6058,87.83,54.94
220,35,1,342.645,21.4201,66.7048,88.75,55.38
221,35,1,342.695,21.4159,66.6752,94.23,57.56
222,35,1,342.803,21.5399,66.6622,94.39,57.88
223,35,1,342.72,21.4616,66.6628,93.35,57.2
224,35,1,342.608,21.4041,66.9882,92.37,57.31
225,35,1,342.56,21.4246,66.8575,92.49,56.54
226,35,0,0,0,0,0,54.52
227,35,1,167.887,26.8505,24.0753,91.63,57.85
228,35,1,168.063,26.8889,23.948,91.87,57.66
229,35,1,168.105,26.827,23.9764,96.66,58.84
230,35,1,168.015,26.8292,24.0279,93.6,59.56
231,35,1,168.068,26.8349,23.9833,93.94,58.41
232,35,1,168.084,26.8139,23.9518,94.81,58.85
233,35,1,168.198,26.8338,23.9099,95.18,58.05
234,35,1,168.052,26.8465,23.8499,92.84,59.24
235,35,1,168.088,26.8346,23.9565,93.52,59.02
236,35,1,168.102,26.9161,23.9187,92.59,59.43
237,35,1,168.354,26.9425,23.6762,95.29,59.46
238,35,1,167.988,26.7961,23.9778,96.03,58.52
239,35,1,168.229,26.803,23.795,98.03,59.17
240,35,1,168.165,26.9241,23.8327,91.24,59.34
241,35,1,168.212,26.9093,23.7227,92.72,58.89
242,35,1,168.173,26.8411,23.8696,94.2,58.58
243,35,1,168.293,26.9354,23.6933,93.92,58.4
244,35,1,168.272,26.9213,23.7212,90.78,58.88
245,35,1,168.219,26.8948,23.7115,90.61,59.37
246,35,1,168.118,26.8197,23.8892,94.81,59.36
247,35,1,168.027,26.8097,23.9256,93.76,58.57
248,35,1,168.355,26.8298,23.7762,93.8,58.79
249,35,1,168.196,26.8898,23.742,92.37,58.86
250,35,1,168.287,26.9185,23.7059,94.54,59.47
251,35,1,168.16,26.8757,23.7902,90.58,59.09
252,35,1,168.318,26.8352,23.7393,95.58,57.48
253,35,1,168.301,26.894,23.5991,91.23,43.33
254,35,0,0,0,0,0,36.06
255,35,0,0,0,0,0,35.03
0,36,0,0,0,0,0,36.56
1,36,0,0,0,0,0,36.98
2,36,2,333.376,47.4102,30.2298,36.99,37.66
3,36,0,0,0,0,0,37.07
4,36,1,131.319,33.3686,80.9636,84.92,38.61
5,36,1,131.257,33.3834,81.0958,93.81,54.06
6,36,1,131.208,33.2897,81.0698,91.55,56.07
7,36,1,131.183,33.2902,81.0795,91.75,56.52
8,36,1,131.06,33.318,81.1362,94.03,56.28
9,36,1,131.267,33.2971,81.0316,92.99,56.68
10,36,1,131.327,33.2704,81.0143,92.42,57.11
11,36,1,131.307,33.2908,81.0135,93.72,57.05
12,36,1,131.411,33.2474,80.9678,93.13,56.36
13,36,1,131.235,33.2865,81.0345,93.76,56.73
14,36,1,131.27,33.2477,81.0239,92.98,56.68
15,36,1,131.179,33.2805,81.0555,91.02,57.54
16,36,1,131.328,33.3034,80.9864,92.72,57.7
17,36,1,131.251,33.2941,81.0141,92.86,57.09
18,36,1,131.312,33.2404,80.9872,94.01,56.33
19,36,1,131.331,33.2731,80.9746,92.69,56.76
20,36,1,131.302,33.275,80.99,93.73,57.06
21,36,1,131.261,33.2877,80.9998,92.23,56.38
22,36,1,131.352,33.2678,80.9823,93.99,57.74
23,36,1,131.182,33.2531,81.017,94.22,56.56
24,36,1,131.308,33.2828,80.9845,93.32,57.2
25,36,1,131.345,33.2722,80.9551,92.63,57.19
26,36,1,131.45,33.24,80.9183,95.15,57.49
27,36,1,131.251,33.2691,81.0065,90.64,57.01
28,36,1,131.33,33.2416,80.9625,93.49,56.58
29,36,1,131.341,33.2694,80.9609,94.66,56.82
30,36,1,131.307,33.2319,80.9668,92.7,56.41
31,36,1,131.251,33.282,81.0104,92.37,57.16
32,36,1,131.367,33.259,80.9479,91.51,56.93
33,36,1,131.331,33.2168,80.9544,93.05,56.37
34,36,1,131.494,33.1982,80.8642,96.37,53.89
35,36,1,355.699,18.5857,85.5513,83.71,51.22
36,36,1,355.185,18.6317,86.2335,89.14,51.66
37,36,1,355.197,18.6226,86.151,90.79,51.74
38,36,1,355.098,18.6459,86.1686,93.41,52.72
39,36,1,355.134,18.607,86.2005,90.82,52.03
40,36,1,355.228,18.6169,86.0714,91.42,52.37
41,36,1,355.236,18.6449,86.0392,91.61,51.83
42,36,1,355.42,18.6379,85.8795,94.11,52.27
43,36,0,0,0,0,0,52.8
44,36,1,356.005,11.955,24.1563,96.07,57.35
45,36,1,355.917,11.9755,24.2191,95.48,58.1
46,36,1,355.887,11.9746,24.2692,94.94,58.55
47,36,1,356.015,11.9623,24.0725,95.98,58.7
48,36,1,355.969,11.9428,24.1115,96.57,58.45
49,36,1,355.956,11.9405,24.1498,95.2,57.99
50,36,1,355.743,12.0209,24.4711,96.02,58.98
51,36,1,355.994,11.9618,24.1325,95.49,58.84
52,36,1,356.858,11.9538,23.4961,86.77,59.53
53,36,1,356.005,11.9915,24.0863,96.32,58.8
54,36,1,355.913,11.9967,24.0869,94.13,59.15
55,36,1,355.898,11.9919,24.2202,94.45,58.72
56,36,1,356.237,11.9855,23.9035,95.35,58.9
57,36,1,356.016,12.0834,24.0439,97.28,59.37
58,36,1,355.927,11.941,24.1937,95.96,59.51
59,36,1,355.853,12.0272,24.2456,95.01,59.27
60,36,1,355.764,11.9692,24.401,94.87,58.44
61,36,1,355.883,11.9617,24.1928,94.63,58.7
62,36,1,355.969,11.9418,24.1691,95.76,58.61
63,36,1,355.877,11.9471,24.2605,94.88,59.69
64,36,1,355.812,11.9742,24.2252,93.99,58.28
65,36,1,355.887,11.9994,24.2133,94.15,57.52
66,36,1,355.782,11.9578,24.3605,94.77,55.08
67,36,1,355.475,11.9622,24.6688,95.63,57.69
68,36,1,355.674,11.958,24.3444,95.11,59.53
69,36,1,355.747,12.0006,24.3477,96.39,59.07
70,36,1,355.551,11.9476,24.5056,95.62,59.56
71,36,1,355.766,11.9575,24.3296,94.14,59.1
72,36,1,355.632,11.9813,24.4667,97.02,58.61
73,36,1,355.668,11.9881,24.4393,96,58.43
74,36,1,355.694,11.9514,24.5092,94.67,57.93
75,36,1,355.566,11.93,24.6429,95.34,59.24
76,36,1,355.677,11.9708,24.4373,96.11,59.11
77,36,1,355.598,11.9463,24.5303,96.82,59.21
78,36,1,355.574,11.9548,24.5562,96.44,58.61
79,36,1,355.452,11.9622,24.6191,95.33,58.21
80,36,1,355.498,11.9507,24.6998,95.61,59.4
81,36,1,355.596,11.9428,24.5432,95.59,59.28
82,36,1,355.544,11.9514,24.6408,94.22,58.88
83,36,1,355.644,12.0261,24.5467,95.98,59.6
84,36,1,355.65,12.0357,24.3942,97.43,58.58
85,36,1,355.68,11.9438,24.387,95.64,59.18
86,36,1,355.352,11.9891,24.7758,95.64,59.07
87,36,1,355.504,11.9554,24.5896,96.31,59.43
88,36,1,355.333,12.0217,24.7645,95.57,59.58
89,36,1,355.221,11.9513,24.9847,96.97,59.35
90,36,1,355.19,11.9439,24.9298,94.79,58.78
91,36,0,0,0,0,0,54.93
92,36,1,128.051,39.4103,38.4111,95.43,55.44
93,36,1,128.164,39.3634,38.3711,96.12,56.36
94,36,1,127.995,39.3855,38.4465,93.41,56.29
95,36,1,128.059,39.3939,38.3724,96.95,56.51
96,36,1,128.056,39.396,38.3788,95.29,55.81
97,36,1,128.082,39.3714,38.4176,96.05,56.91
98,36,1,128.161,39.3409,38.3524,96.66,56.4
99,36,1,128.136,39.3724,38.3901,93.71,55.77
100,36,1,128.123,39.3515,38.3534,95.66,56.11
101,36,1,127.982,39.3743,38.3955,94.94,56.26
102,36,1,128.124,39.3503,38.3579,97.59,56.78
103,36,1,128.141,39.356,38.3461,93.97,55.54
104,36,1,128.095,39.363,38.4006,94,54.84
105,36,0,0,0,0,0,55.61
106,36,1,355.292,11.9794,24.7833,96.78,58.06
107,36,1,355.504,11.9498,24.5519,95.51,58.74
108,36,1,355.53,11.9313,24.5778,96.07,58.57
109,36,1,355.411,11.9482,24.6202,94.18,58.78
110,36,1,355.309,11.9398,24.754,96.78,58.95
111,36,1,355.191,11.9599,24.8776,96.81,59.25
112,36,1,355.256,11.9567,24.8595,96.95,59.36
113,36,1,355.188,11.9748,24.8833,96.32,58.76
114,36,1,355.337,11.9416,24.71,95.42,58.77
115,36,1,355.377,11.9338,24.708,96.11,58.87
116,36,1,355.253,11.9577,24.8521,96.39,59.17
117,36,1,355.248,11.9391,24.9223,95.06,59.63
118,36,1,355.324,11.9944,24.7418,94.74,59.4
119,36,1,355.324,11.9225,24.7852,97.1,59.61
120,36,1,355.292,11.9527,24.7782,95.64,60.21
121,36,1,355.197,11.9384,24.7892,96.27,58.81
122,36,1,355.342,12.0015,24.6712,94.56,59.26
123,36,1,355.187,11.9941,24.773,93.67,58.93
124,36,1,355.035,11.9788,24.9949,96.04,58.49
125,36,1,355.147,11.9938,24.849,95.55,59.05
126,36,1,354.827,12.01,25.1909,97.04,58.36
127,36,1,355.255,11.9539,24.7878,95.19,58.97
128,36,1,355.138,11.9496,24.865,95.96,59.44
129,36,1,355.123,11.9573,24.991,96.06,60.06
130,36,1,355.092,11.971,24.9285,97.57,59.18
131,36,1,355.022,11.959,25.0354,94.95,58.71
132,36,1,355.066,11.9511,24.9874,95.62,58.92
133,36,1,355.025,11.9635,25.0275,94.92,58.89
134,36,1,355.151,11.944,24.9043,95.16,58.2
135,36,1,354.878,11.963,25.2042,94.41,58.72
136,36,1,355,11.9536,25.1277,95.06,59.9
137,36,1,355.061,11.9493,25.0145,95.8,59.68
138,36,1,355.055,11.9679,25.0283,95.7,59.53
139,36,1,355.03,11.9737,25.0172,96.36,59.49
140,36,1,355.025,12.0049,25.0077,96.99,59.65
141,36,1,354.821,11.9703,25.2049,95.39,59.35
142,36,1,354.803,12.0156,25.2738,96.57,59.85
143,36,1,355.033,11.9624,24.985,94.45,59.39
144,36,1,355.191,11.9663,24.8422,94.92,59.61
145,36,1,354.701,11.9933,25.3707,95.5,58.69
146,36,1,354.597,12.0579,25.5261,95.78,57.37
147,36,0,0,0,0,0,53.69
148,36,1,236.821,41.6344,12.2209,94.67,54.37
149,36,1,236.851,41.6319,12.1912,94.47,54.57
150,36,1,236.851,41.6419,12.234,93.65,54.77
151,36,1,236.869,41.6652,12.1971,92.93,54.93
152,36,1,236.839,41.6347,12.3047,93.49,55.11
153,36,1,236.888,41.6667,12.1683,94.01,54.42
154,36,1,236.8,41.6256,12.2818,93.35,55.07
155,36,1,236.839,41.6593,12.2715,93.39,55.04
156,36,1,236.816,41.6604,12.2227,93.58,54.96
157,36,1,236.813,41.6408,12.3066,93.96,55.75
158,36,1,236.882,41.6992,12.2364,92.88,54.87
159,36,1,236.775,41.687,12.3056,95.06,55.33
160,36,1,236.832,41.6729,12.3091,94.67,55.16
161,36,1,236.838,41.7042,12.2877,92.4,55.1
162,36,1,236.915,41.6676,12.2139,94.1,56.32
163,36,1,236.837,41.6621,12.2757,94.97,55.42
164,36,1,236.94,41.7043,12.1586,91.81,55.1
165,36,1,236.783,41.6664,12.2631,94.91,55
166,36,1,236.747,41.6581,12.2988,94.43,55.68
167,36,1,236.873,41.6879,12.1713,95.34,53.77
168,36,1,236.881,41.6746,12.1745,92.74,54.8
169,36,1,236.816,41.6399,12.2923,93.9,55.2
170,36,1,236.912,41.6795,12.2624,95.13,55.73
171,36,1,236.916,41.7031,12.1406,93.33,55.37
172,36,1,236.877,41.6241,12.2821,94.28,55.04
173,36,1,236.798,41.6986,12.2642,93.79,54.53
174,36,1,236.788,41.6336,12.3085,93.89,55.6
175,36,1,236.842,41.6762,12.2631,94.09,55.21
176,36,1,236.921,41.6823,12.1991,93.81,54.74
177,36,1,236.923,41.6876,12.2393,94.42,56.03
178,36,1,236.899,41.6955,12.1956,94.08,54.87
179,36,1,236.871,41.6951,12.2243,94.33,54.61
180,36,1,236.891,41.7114,12.1439,93.39,54.51
181,36,1,236.797,41.7011,12.2375,93.73,54.6
182,36,1,236.857,41.7098,12.2184,93.22,54.28
183,36,1,236.859,41.7145,12.2502,93.6,55.17
184,36,1,236.877,41.7487,12.1509,92.75,54.67
185,36,1,236.941,41.7407,12.2515,92.91,56.05
186,36,1,236.877,41.7751,12.1626,92.43,53.86
187,36,1,236.88,41.7591,12.1929,93.36,54.01
188,36,1,236.917,41.7588,12.1643,91.97,54.64
189,36,1,236.89,41.7136,12.2214,94.87,53.63
190,36,1,236.888,41.7381,12.1679,94.25,55.47
191,36,1,236.883,41.7269,12.1501,93.6,54.87
192,36,1,236.863,41.7094,12.2704,93.76,54.94
193,36,1,236.922,41.7213,12.1535,93.12,55.43
194,36,1,236.817,41.6872,12.2655,94.96,55.15
195,36,1,236.877,41.7129,12.2497,95.25,54.95
196,36,1,236.795,41.7274,12.2867,95.93,56.15
197,36,1,236.849,41.7672,12.2452,92.77,56.35
198,36,1,236.945,41.8031,12.1364,93.19,54.88
199,36,1,236.882,41.7705,12.1447,93.96,55.02
200,36,1,236.839,41.7382,12.189,95.88,54.78
201,36,1,236.871,41.7782,12.2291,92.14,52.51
202,36,2,60.7514,10.0769,58.5182,61.3,54.68
203,36,1,61.1696,9.99485,58.3007,85.88,58.43
204,36,1,60.8306,10.0162,58.5576,90.02,58.73
205,36,1,61.4637,9.97174,57.9441,93.5,58.66
206,36,1,60.8978,9.96021,58.5381,95.36,59.06
207,36,1,60.9685,9.97246,58.4231,91.18,58.97
208,36,1,61.3344,9.94294,58.1246,90.71,59.02
209,36,1,60.9666,9.9427,58.4896,92.62,59.96
210,36,1,61.1751,9.95122,58.2974,88.99,59.59
211,36,1,60.6003,9.95337,58.8556,88.29,58.81
212,36,1,61.1388,9.97795,58.2857,88.05,59.08
213,36,1,61.2937,9.93673,58.141,90.63,59.37
214,36,1,60.8361,9.93666,58.6135,88.05,59.57
215,36,1,60.9173,9.97273,58.4809,88.61,56.37
216,36,0,0,0,0,0,55.9
217,36,1,221.862,34.0221,38.6581,93.09,57.81
218,36,1,221.812,34.0134,38.6144,92.51,56.99
219,36,1,221.822,34.012,38.5772,93.09,55.36
220,36,1,342.84,21.4255,66.468,86.74,54.86
221,36,1,342.728,21.4686,66.7746,95.33,57.03
222,36,1,342.896,21.5464,66.7347,94.64,56.55
223,36,1,342.719,21.478,66.7603,94.01,56.96
224,36,1,342.662,21.4478,66.9186,87.15,57.97
225,36,1,342.692,21.3986,66.7037,93.09,56.53
226,36,1,168.034,26.8948,23.9628,92.05,55.05
227,36,1,168.04,26.8148,24.041,95.73,57.33
228,36,1,167.991,26.8273,24.0341,95.18,58.74
229,36,1,168.069,26.9407,23.9411,90.23,58.56
230,36,1,168.199,26.9242,23.7956,90.91,58.95
231,36,1,168.031,26.8142,23.9976,95.7,59
232,36,1,168.173,26.8292,23.9171,97.12,59.25
233,36,1,168.146,26.8751,23.866,92.36,59.06
234,36,1,168.2,26.9322,23.7747,92.96,58.96
235,36,1,168.06,26.849,23.9967,94.45,58.88
236,36,1,168.067,26.8935,23.8672,88.8,59.35
237,36,1,168.211,26.9511,23.8144,91.96,59.62
238,36,1,168.137,26.899,23.7989,91.18,59.18
239,36,1,168.088,26.9088,23.8432,93.83,59.1
240,36,1,168.168,26.9025,23.7692,93.76,59.43
241,36,1,168.176,26.8352,23.8644,95.53,58.69
242,36,1,168.386,26.9071,23.6291,94.06,59.31
243,36,1,168.367,26.9519,23.7152,93.19,60.01
244,36,1,168.215,26.8321,23.8371,94.33,58.99
245,36,1,168.241,26.8309,23.8272,94.71,59.53
246,36,1,168.024,26.869,23.8457,90.16,58.59
247,36,1,168.119,26.8013,23.9035,94.64,58.52
248,36,1,168.208,26.8376,23.8482,95.04,59.11
249,36,1,168.151,26.8404,23.8741,94.09,59.09
250,36,1,168.234,26.8641,23.6791,91.89,59.64
251,36,1,168.148,26.7965,23.8642,94.53,58.79
252,36,1,168.282,26.8481,23.7722,91.67,53.7
253,36,1,168.327,26.9761,23.6062,81.6,40.21
254,36,0,0,0,0,0,34.87
255,36,0,0,0,0,0,35.87
0,37,2,62.5831,48.9412,36.0465,65.15,37.06
1,37,0,0,0,0,0,36.88
2,37,0,0,0,0,0,37.69
3,37,0,0,0,0,0,36.8
4,37,1,131.355,33.4157,80.8999,84.43,39.48
5,37,1,131.334,33.3029,81.0379,92.44,54.22
6,37,1,131.343,33.294,80.9977,93.47,55.55
7,37,1,131.279,33.4069,81.148,93.69,56.66
8,37,1,131.315,33.2991,80.9865,91.59,55.28
9,37,1,131.352,33.2852,80.983,92.53,56.3
10,37,1,131.199,33.3061,81.0636,92.13,56.77
11,37,1,131.229,33.3008,81.0459,94.5,57.21
12,37,1,131.258,33.2863,81.0277,92.11,56.68
13,37,1,131.164,33.2793,81.0501,91.95,56.57
14,37,1,131.213,33.2759,81.0328,91.53,55.97
15,37,1,131.325,33.3059,80.9909,93.31,56.89
16,37,1,131.285,33.271,81.0086,92.38,56.77
17,37,1,131.303,33.2698,80.9861,92.12,56.49
18,37,1,131.208,33.2695,81.0371,92,56.6
19,37,1,131.304,33.2788,80.9887,93.04,56.82
20,37,1,131.318,33.2598,80.9839,90.32,56.29
21,37,1,131.364,33.2746,80.9552,91.73,57.08
22,37,1,131.37,33.268,80.9596,93.26,57.87
23,37,1,131.387,33.2785,80.95,92.37,57.39
24,37,1,131.351,33.286,80.9498,93.25,56.86
25,37,1,131.373,33.2562,80.9469,94.31,56.56
26,37,1,131.29,33.2524,80.996,91.03,56.9
27,37,1,131.339,33.2517,80.9669,93.18,56.73
28,37,1,131.273,33.2402,80.9899,93.25,56.7
29,37,1,131.304,33.2439,80.9767,93.15,57.32
30,37,1,131.313,33.275,80.9751,93.38,57.31
31,37,1,131.382,33.2516,80.9261,91.22,57.27
32,37,1,131.34,33.2529,80.9554,94.41,57.85
33,37,1,131.51,33.1965,80.8427,92.8,55.4
34,37,0,0,0,0,0,52.19
35,37,1,355.541,18.6015,85.7895,91.78,51.23
36,37,1,355.522,18.6309,85.827,93.89,52.37
37,37,1,355.397,18.6181,85.8337,92.53,52.3
38,37,1,355.321,18.6258,85.9247,90.89,51.65
39,37,1,355.307,18.6487,86.1144,88.55,51.89
40,37,1,355.42,18.6326,85.8289,91.58,53.18
41,37,1,355.178,18.6111,86.0998,90.09,53.37
42,37,1,355.614,18.5928,85.657,90.92,52.8
43,37,0,0,0,0,0,53.46
44,37,1,355.862,11.9896,24.3442,96.25,57.41
45,37,1,355.963,11.9773,24.183,95.63,58.25
46,37,1,355.954,11.9673,24.1833,96.46,58.12
47,37,1,356.064,11.9535,24.1516,93.62,58.42
48,37,1,355.98,12.0244,24.0798,96.04,58.94
49,37,1,356.084,11.9479,23.9933,93.54,58.41
50,37,1,355.883,11.9657,24.2617,94.94,59.24
51,37,1,355.905,11.9572,24.2688,96.35,59.02
52,37,1,355.862,11.9533,24.2932,93.61,58.82
53,37,1,355.965,11.963,24.1656,96.79,59.16
54,37,1,355.799,12.0584,24.3783,96.05,59.41
55,37,1,356.101,11.9459,24.0515,96.61,59.02
56,37,1,356,11.9481,24.0408,94.91,59.42
57,37,1,356.194,11.9752,23.8271,96.6,59.15
58,37,1,355.858,11.9604,24.3691,97,59.81
59,37,1,355.892,11.9478,24.2102,95.81,58.6
60,37,1,355.758,11.9357,24.3688,95.15,58.23
61,37,1,355.815,11.948,24.3505,95.93,59.38
62,37,1,355.849,11.9772,24.2067,95.77,58.77
63,37,1,355.749,11.9386,24.4828,95.55,59.14
64,37,1,355.817,11.9817,24.3084,96.01,59.57
65,37,1,355.991,12.0076,24.1911,96.29,57.7
66,37,1,355.63,11.988,24.5417,93.41,51.72
67,37,1,355.418,11.9759,24.6979,95.69,57.89
68,37,1,355.726,11.9536,24.3353,95.89,59.11
69,37,1,355.749,11.9331,24.3952,95.32,58.54
70,37,1,355.631,11.9673,24.4593,97.21,59.55
71,37,1,355.635,11.9485,24.4974,95.97,58.75
72,37,1,355.771,11.9797,24.3474,96.81,58.42
73,37,1,355.763,11.9521,24.4045,96.53,59.62
74,37,1,355.584,11.9491,24.5102,94.79,60.2
75,37,1,355.58,11.9732,24.5249,95.21,58.22
76,37,1,355.656,11.9464,24.4383,95.56,58.89
77,37,1,355.5,12.0778,24.6232,95.63,58.9
78,37,1,355.622,11.9571,24.5034,97.55,58.95
79,37,1,355.58,11.9555,24.4964,95.08,58.83
80,37,1,355.505,11.9504,24.6117,95.04,59.12
81,37,1,355.457,12.0069,24.5799,95.33,57.97
82,37,1,355.605,11.9453,24.3898,95.97,59.22
83,37,1,355.434,11.9707,24.6828,96.44,58.09
84,37,1,355.661,11.9574,24.4055,95.49,58.47
85,37,1,355.55,11.9647,24.5456,95.83,59.18
86,37,1,355.424,11.9184,24.6336,95.87,58.43
87,37,1,355.381,11.9521,24.6813,97.55,58.95
88,37,1,355.462,11.9106,24.577,96.87,58.62
89,37,1,355.17,11.9283,24.9036,93.55,59.35
90,37,1,354.847,11.9552,25.3154,96.14,56.25
91,37,0,0,0,0,0,54.78
92,37,1,128.152,39.367,38.3435,94.44,55.33
93,37,1,128.133,39.3867,38.3724,96.68,55.91
94,37,1,128.15,39.3495,38.4402,97.75,56.24
95,37,1,128.05,39.3866,38.3838,95.43,55.76
96,37,1,128.101,39.3724,38.3667,95.8,55.98
97,37,1,128.115,39.3715,38.3613,97.17,56.99
98,37,1,128.069,39.3833,38.3617,95.21,56.31
99,37,1,128.098,39.358,38.4216,97.41,56.35
100,37,1,128.097,39.3896,38.3552,94.96,56.32
101,37,1,128.232,39.3693,38.2686,96.63,56.64
102,37,1,128.121,39.3556,38.3646,95.2,57.07
103,37,1,128.167,39.373,38.3284,97.03,55.74
104,37,0,0,0,0,0,54.13
105,37,1,355.109,11.9256,25.0214,94.8,56.33
106,37,1,355.269,12.0009,24.8038,94.75,58.2
107,37,1,355.368,12.0048,24.6813,95.6,58.14
108,37,1,355.373,11.9371,24.7045,95.54,58.77
109,37,1,355.426,12.002,24.6029,95.54,58.95
110,37,1,355.45,11.9768,24.6806,93.99,59.08
111,37,1,355.432,11.952,24.7025,96.04,58.97
112,37,1,355.517,11.9384,24.4646,96.85,59.47
113,37,1,355.313,11.9201,24.7576,97.94,58.8
114,37,1,355.311,11.9327,24.7883,95.82,58.69
115,37,1,355.13,11.9542,24.9265,97.1,58.66
116,37,1,355.168,11.9532,24.8533,95.28,58.42
117,37,1,355.405,11.962,24.6938,95.86,59.22
118,37,1,355.189,11.9404,24.9796,96.34,58.69
119,37,1,355.115,11.9376,24.9389,94.84,59.31
120,37,1,355.15,11.9432,24.9241,93.8,59.11
121,37,1,355.144,11.9511,24.9524,95.67,59.51
122,37,1,355.178,11.9318,24.9006,95.73,58.29
123,37,1,355.245,11.9181,24.88,95.92,58.39
124,37,1,354.968,11.9695,25.1477,96.41,58.7
125,37,1,355.126,11.9644,24.8952,95.48,59.52
126,37,1,355.034,11.9971,25.0868,96.71,59.27
127,37,1,355.113,11.9721,24.8905,94.82,60.06
128,37,1,355.099,11.9593,24.9567,95.14,59.49
129,37,1,355.078,11.9437,25.1179,95.72,58.99
130,37,1,355.042,11.9655,24.94,96.56,59.08
131,37,1,355.139,12.008,25.0187,96.96,59.49
132,37,1,355.153,11.9451,24.8679,96.38,59.33
133,37,1,355.069,11.9532,25.0306,95.45,59.81
134,37,1,355.084,11.9602,24.9533,95.92,59.9
135,37,1,355.124,11.9212,24.9968,95.6,59.46
136,37,1,355.117,12.034,24.8883,96.43,59.78
137,37,1,354.979,11.9492,25.034,95.88,58.7
138,37,1,354.969,11.9568,25.0625,96.74,58.89
139,37,1,355.161,12.04,24.8821,95.02,59.2
140,37,1,355.043,11.9618,25.0102,96.12,58.82
141,37,1,354.941,11.964,25.126,97.07,58.89
142,37,1,354.961,11.9633,25.1561,93.92,58.96
143,37,1,355.03,11.9624,25.0761,95.37,58.78
144,37,1,355.052,12.0676,25.1757,96.13,59.41
145,37,1,354.729,11.9881,25.3435,95.92,58.07
146,37,0,0,0,0,0,55.86
147,37,1,236.846,41.6259,12.2355,92.86,54.95
148,37,1,236.889,41.6013,12.2977,92.61,53.84
149,37,1,236.76,41.6466,12.2133,93.21,54.02
150,37,1,236.891,41.6536,12.1979,94.51,55.47
151,37,1,236.751,41.6237,12.3388,93.81,55.02
152,37,1,236.967,41.6805,12.125,93.36,54.87
153,37,1,236.808,41.6469,12.3266,92.1,55.6
154,37,1,236.825,41.6566,12.2396,94.31,55.11
155,37,1,236.821,41.6017,12.3255,93.68,54.43
156,37,1,236.737,41.6397,12.3218,92.33,54.62
157,37,1,236.801,41.6324,12.3143,93.38,54.43
158,37,1,236.828,41.6649,12.2832,91.85,55.57
159,37,1,236.959,41.7044,12.2329,93.37,55.35
160,37,1,236.707,41.6824,12.3501,93.84,56.17
161,37,1,236.737,41.678,12.3052,91.02,55.89
162,37,1,236.883,41.6809,12.2239,93.44,55.63
163,37,1,236.719,41.6549,12.3173,95.35,55.44
164,37,1,236.864,41.682,12.2209,95.71,55.38
165,37,1,236.837,41.6627,12.2703,92.26,55.72
166,37,1,236.767,41.6704,12.3234,91.96,55.3
167,37,1,236.862,41.6723,12.2085,92,55.26
168,37,1,236.838,41.6691,12.1677,94.66,55.06
169,37,1,236.797,41.6166,12.3003,95.2,54.97
170,37,1,236.881,41.6415,12.276,94.56,55.64
171,37,1,236.914,41.6742,12.164,95.67,55.09
172,37,1,236.881,41.7098,12.1504,94.21,54.87
173,37,1,236.828,41.6949,12.2479,91.32,54.81
174,37,1,236.801,41.6736,12.2701,95.22,55.97
175,37,1,236.77,41.6823,12.2489,94.96,54.16
176,37,1,236.817,41.6648,12.2821,92.57,56.03
177,37,1,236.785,41.6934,12.2546,93.59,54.8
178,37,1,236.85,41.6881,12.1878,94.66,55.53
179,37,1,236.879,41.7019,12.2529,92.63,55.58
180,37,1,236.785,41.6865,12.1853,96.65,55.31
181,37,1,236.827,41.6944,12.2219,93.73,55.75
182,37,1,236.837,41.6768,12.2469,94.43,55.43
183,37,1,236.928,41.7083,12.2295,93.85,56.44
184,37,1,236.801,41.69,12.2706,94.35,55.46
185,37,1,236.988,41.7651,12.1539,92.68,55.24
186,37,1,236.829,41.7169,12.2602,94.84,55.77
187,37,1,236.934,41.7678,12.1636,95.98,53.89
188,37,1,236.796,41.7402,12.2448,93.46,54.06
189,37,1,236.836,41.7042,12.223,95.52,53.34
190,37,1,236.895,41.7434,12.2269,92.52,54.51
191,37,1,236.845,41.7287,12.2889,91.82,54.06
192,37,1,236.751,41.6943,12.282,92.03,55.07
193,37,1,236.847,41.6982,12.2443,92.09,55.33
194,37,1,236.903,41.6978,12.2332,94.37,54.65
195,37,1,236.862,41.7111,12.2364,93.49,54.32
196,37,1,236.928,41.7791,12.1465,92.68,54.73
197,37,1,236.852,41.7921,12.1437,93.17,54.83
198,37,1,236.792,41.7699,12.2399,93.62,54.18
199,37,1,236.884,41.7475,12.1787,94.18,54.37
200,37,1,236.891,41.7838,12.1071,93.1,54
201,37,0,0,0,0,0,53.42
202,37,1,60.9627,10.0041,58.4433,89.64,56.63
203,37,1,60.9869,9.98855,58.4629,89.77,58.28
204,37,1,61.0744,9.95023,58.3855,89.61,58.97
205,37,1,60.9127,10.0025,58.4809,89.77,59.42
206,37,1,60.748,9.93894,58.8005,94.87,59.55
207,37,1,61.1973,9.97118,58.2441,92.13,58.64
208,37,1,61.3758,9.96308,58.0712,89.84,58.73
209,37,1,60.5678,9.93084,59.061,93.36,59.26
210,37,1,61.2179,9.93061,58.2344,93.83,60.4
211,37,1,60.9914,9.94676,58.4669,89.41,59.41
212,37,1,60.9178,9.95182,58.5232,89.54,59.3
213,37,1,61.1451,9.96902,58.2767,88.91,59.9
214,37,1,61.1494,9.95205,58.3046,89.14,58.73
215,37,1,61.009,9.97028,58.3941,89.56,58.89
216,37,1,60.5822,9.96042,58.8103,76.59,55.71
217,37,1,221.783,34.0339,38.6791,86,55.98
218,37,1,221.682,33.9781,38.6865,93.58,56.63
219,37,1,221.789,34.0199,38.6262,94.07,56.01
220,37,1,342.741,21.4542,66.7738,85.03,54.69
221,37,1,342.888,21.5127,66.6385,93.85,55.9
222,37,1,342.64,21.4431,66.7621,88.61,56.66
223,37,1,342.615,21.4341,66.7582,93.79,57.22
224,37,1,342.572,21.3797,66.9095,93.23,57.31
225,37,1,342.683,21.3967,66.7127,92.25,55.23
226,37,1,168.195,26.9168,23.8572,95,56.95
227,37,1,168.064,26.8251,24.0122,94.22,58.11
228,37,1,168.133,26.8355,23.9719,95.77,58.33
229,37,1,168.024,26.8789,23.9723,93.81,58.37
230,37,1,168.035,26.8116,23.9979,94.9,58.4
231,37,1,168.084,26.8336,23.987,95.23,58.77
232,37,1,168.355,26.8124,23.7774,95.25,58.91
233,37,1,168.186,26.922,23.7865,91.92,57.53
234,37,1,168.052,26.8214,23.9518,94.76,59.23
235,37,1,168.136,26.8975,23.8482,92.06,58.19
236,37,1,168.068,26.8259,23.9489,94.86,59.05
237,37,1,168.237,26.8665,23.8262,92.71,59.63
238,37,1,168.047,26.8244,23.9258,94.83,58.6
239,37,1,168.015,26.8401,23.954,94.02,59.02
240,37,1,168.222,26.8087,23.8487,94.55,58.33
241,37,1,168.178,26.7995,23.887,93.6,59.11
242,37,1,168.164,26.8394,23.8569,94.9,59.13
243,37,1,168.24,26.8307,23.8293,94.66,59.23
244,37,1,168.117,26.8994,23.8004,91.28,58.86
245,37,1,168.149,26.8731,23.8045,91.56,58.89
246,37,1,168.202,26.8449,23.8819,94.33,59.26
247,37,1,168.173,26.834,23.8192,92.41,59.01
248,37,1,168.214,26.8062,23.7973,94.52,59.18
249,37,1,168.197,26.9082,23.7435,92.48,59.4
250,37,1,168.15,26.8303,23.8736,94.12,58.51
251,37,1,168.201,26.8487,23.8338,95.23,58.94
252,37,1,168.162,26.8847,23.7618,91.63,52.52
253,37,0,0,0,0,0,37.43
254,37,0,0,0,0,0,36.56
255,37,0,0,0,0,0,35.47
0,38,0,0,0,0,0,37.02
1,38,0,0,0,0,0,37.55
2,38,0,0,0,0,0,37.45
3,38,0,0,0,0,0,36.71
4,38,1,131.136,33.3972,81.0674,91.51,38.65
5,38,1,131.328,33.3099,80.9719,94.69,54.73
6,38,1,131.253,33.3129,81.0305,93.5,56.38
7,38,1,131.265,33.3455,81.0573,92.3,56.99
8,38,1,131.262,33.2711,81.0406,93.36,55.8
9,38,1,131.288,33.3317,81.0225,94.63,56.41
10,38,1,131.182,33.278,81.05,92.92,56.21
11,38,1,131.139,33.299,81.0637,92.59,56.28
12,38,1,131.278,33.3358,81.0749,92.66,56.76
13,38,1,131.271,33.2445,81.0204,91.92,56.3
14,38,1,131.232,33.2717,81.0313,91.25,56.74
15,38,1,131.368,33.2415,80.9491,92.84,56.43
16,38,1,131.199,33.2601,81.0485,92.37,56.6
17,38,1,131.347,33.272,80.9869,92.63,56.12
18,38,1,131.409,33.25,80.9456,92.84,57.37
19,38,1,131.383,33.2493,80.973,92.93,56.94
20,38,1,131.294,33.2452,80.9761,93.94,56.86
21,38,1,131.242,33.2556,80.9846,92.41,56.32
22,38,1,131.228,33.2568,81.0052,92.38,56.77
23,38,1,131.243,33.2967,81.0009,91.73,56.27
24,38,1,131.261,33.313,80.9918,90.62,57.83
25,38,1,131.31,33.2203,80.9858,94.97,57.04
26,38,1,131.388,33.2164,80.9415,93.38,56.33
27,38,1,131.234,33.24,81.0201,90.67,56.55
28,38,1,131.329,33.2325,80.9614,91,56.58
29,38,1,131.276,33.2852,80.9774,91.91,57.68
30,38,1,131.38,33.2624,80.9436,93.01,56.81
31,38,1,131.368,33.2095,80.9262,92.42,56.25
32,38,1,131.366,33.2574,80.9238,92.92,56.46
33,38,1,131.484,33.2267,80.8014,81.88,53.06
34,38,1,355.465,18.6365,85.6797,89.75,50.77
35,38,1,355.169,18.6384,86.1235,93.44,51.55
36,38,1,355.68,18.6124,85.5356,94.94,51.5
37,38,1,355.173,18.6412,86.2261,94.82,51.75
38,38,1,355.031,18.6342,86.3615,94.11,52.58
39,38,1,355.298,18.6129,85.9508,89.73,52.7
40,38,1,355.454,18.643,85.9211,94.36,52.37
41,38,1,355.118,18.6459,86.256,91.28,52.26
42,38,1,355.309,18.6334,86.006,90.7,51.33
43,38,1,355.743,11.961,24.3618,83.68,54.25
44,38,1,356.075,12.0837,23.9886,95.01,57.37
45,38,1,355.892,11.9901,24.1907,94.78,57.98
46,38,1,355.854,12.0051,24.2818,96.39,58.77
47,38,1,355.83,11.9876,24.3036,93.4,57.69
48,38,1,355.935,11.993,24.137,96.54,57.99
49,38,1,355.979,11.9668,24.2722,93.35,58.74
50,38,1,355.894,11.9965,24.2067,95.16,58.54
51,38,1,355.988,11.9663,24.2018,95.51,59.01
52,38,1,355.98,11.9557,24.1649,97.21,58.95
53,38,1,356.152,11.9694,23.9853,93.01,59.39
54,38,1,355.908,11.9832,24.304,96.16,59.27
55,38,1,356.143,11.9289,23.99,94.7,59.56
56,38,1,355.961,11.9974,24.1476,96.24,58.64
57,38,1,355.898,11.988,24.1315,96.55,59.07
58,38,1,355.739,11.9488,24.4292,96.88,58.82
59,38,1,355.975,11.9594,24.2738,95.38,58.65
60,38,1,355.739,11.9628,24.4345,96.31,59.28
61,38,1,355.729,11.9741,24.3896,94.9,59.2
62,38,1,355.7,11.9706,24.4351,98.03,58.27
63,38,1,355.729,11.9694,24.3892,94.4,58.75
64,38,1,355.743,11.9414,24.4252,95.5,59.16
65,38,1,356.102,11.979,23.9619,93.62,56.35
66,38,1,355.696,11.8568,24.4614,94.13,50.5
67,38,1,355.439,11.9744,24.7136,94.27,56.94
68,38,1,355.651,11.9678,24.4222,96.05,59.37
69,38,1,355.831,12.0377,24.2651,97.34,58.85
70,38,1,355.678,12,24.4499,96.05,58.97
71,38,1,355.659,11.9485,24.4387,96.56,59.2
72,38,1,355.702,11.9541,24.3482,96.06,59
73,38,1,355.726,12.017,24.4041,97.12,59.14
74,38,1,355.545,11.9465,24.5111,96.47,59.02
75,38,1,355.79,11.9532,24.1741,94.15,59.39
76,38,1,355.719,11.9924,24.3736,95.6,58.58
77,38,1,355.561,11.9498,24.4963,95.37,58.7
78,38,1,355.584,11.9589,24.5758,93.87,59.01
79,38,1,355.6,11.9651,24.5646,97.02,59.02
80,38,1,355.437,12.012,24.7727,97.03,59.44
81,38,1,355.366,12.0288,24.7238,96.27,59.14
82,38,1,355.517,11.9548,24.6086,95.64,59.65
83,38,1,355.604,12.0087,24.4985,95.76,59.53
84,38,1,355.727,11.9439,24.328,95.62,58.54
85,38,1,355.443,11.9308,24.7148,96.33,58.28
86,38,1,355.402,11.9312,24.755,95.88,59.26
87,38,1,355.466,11.9129,24.6683,96.63,59.95
88,38,1,355.358,12.0008,24.7223,95.36,59.55
89,38,1,355.105,11.9419,24.9791,95.98,57.25
90,38,0,0,0,0,0,55.64
91,38,1,128.137,39.3723,38.3694,96.05,54.63
92,38,1,128.087,39.4075,38.364,95.1,56.05
93,38,1,128.196,39.3893,38.3186,94.69,56.1
94,38,1,128.082,39.3786,38.3691,95.9,56.04
95,38,1,128.13,39.3971,38.3217,95.88,56.45
96,38,1,128.103,39.3682,38.3804,95.78,55.81
97,38,1,128.14,39.3697,38.3532,95.59,56.15
98,38,1,128.127,39.3551,38.3209,94.37,56.36
99,38,1,128.092,39.3849,38.376,94.37,56.13
100,38,1,128.022,39.3996,38.3742,93.82,56.15
101,38,1,128.071,39.3655,38.359,96.15,56.78
102,38,1,128.163,39.3803,38.3252,96.1,56.76
103,38,1,128.146,39.3358,38.3256,87.96,54.66
104,38,0,0,0,0,0,56.11
105,38,1,355.341,11.9505,24.6778,95.39,57.73
106,38,1,355.473,12.0521,24.6127,96.41,58.61
107,38,1,355.367,11.9618,24.745,94.45,59.13
108,38,1,355.515,12.0006,24.4921,95.29,58.74
109,38,1,355.191,11.9645,24.9158,95.65,58.54
110,38,1,355.215,11.9661,24.8571,94.48,58.15
111,38,1,355.278,11.9638,24.8106,95.19,58.96
112,38,1,355.26,11.9452,24.7495,95.46,58.48
113,38,1,355.159,11.9863,24.9233,95,58.76
114,38,1,355.334,12.0192,24.7688,96.5,59.65
115,38,1,355.018,11.9614,25.1172,96.46,58.75
116,38,1,355.13,11.915,24.9725,95.07,58.73
117,38,1,355.292,11.984,24.8317,95.35,59.29
118,38,1,355.237,11.9571,24.86,96.64,59.15
119,38,1,355.289,11.9449,24.7926,96.06,59.56
120,38,1,355.146,11.9394,24.9499,95.6,59.06
121,38,1,355.146,11.9731,24.912,96.05,59.56
122,38,1,355.109,11.9387,24.9985,96.36,59.33
123,38,1,355.391,11.9407,24.6878,97.03,59.21
124,38,1,355.165,11.9536,24.8494,95.37,59.07
125,38,1,355.201,11.9462,24.8042,95.73,58.44
126,38,1,355.129,11.9435,24.9445,95.64,59.5
127,38,1,354.921,12.0099,25.1599,95.33,58.93
128,38,1,355.181,11.9976,24.7609,96.54,59.39
129,38,1,355.087,11.9807,25.0051,95.67,59.14
130,38,1,355.142,11.9424,24.985,96.08,59.17
131,38,1,355.074,11.9495,25.0555,95.91,59.91
132,38,1,355.045,11.9631,24.9809,95.21,59.45
133,38,1,355.03,11.9524,25.0751,95.81,59.07
134,38,1,355.114,11.951,24.9567,95.49,58.92
135,38,1,355.036,12.0208,25.0902,95.63,59.49
136,38,1,354.973,12.0733,25.1793,97.08,59.64
137,38,1,354.941,11.943,25.1597,96.07,58.76
138,38,1,355.15,11.9425,25.0308,92.86,59.73
139,38,1,355.059,11.9579,24.9572,97.94,58.65
140,38,1,354.958,11.9548,25.0551,96.82,59.45
141,38,1,355.061,11.9539,25.0148,95.17,59.2
142,38,1,355.139,11.9866,24.8842,95.81,58.56
143,38,1,355.035,11.9782,24.9952,94.95,58.27
144,38,1,355.164,12.0461,24.9126,94.47,60
145,38,1,354.868,11.9384,25.1981,94.31,56.82
146,38,0,0,0,0,0,53.65
147,38,1,236.948,41.6178,12.2052,92.78,55.24
148,38,1,236.838,41.629,12.3051,93.48,54.57
149,38,1,236.938,41.6537,12.1771,95.3,55.04
150,38,1,236.85,41.6312,12.2051,93.18,54.57
151,38,1,236.779,41.6255,12.313,93.79,54.65
152,38,1,236.827,41.6291,12.2947,94.16,54.9
153,38,1,236.842,41.6604,12.2946,95.2,55.37
154,38,1,236.777,41.6269,12.3205,95.41,55.13
155,38,1,236.65,41.6102,12.3253,92.45,55.88
156,38,1,236.908,41.6479,12.2315,94.38,54.82
157,38,1,236.865,41.6522,12.2373,94.45,54.58
158,38,1,236.868,41.6778,12.1927,94.57,55.17
159,38,1,236.868,41.6368,12.2157,91.8,55.45
160,38,1,236.936,41.692,12.1947,92.31,55.64
161,38,1,236.733,41.6547,12.3217,94.52,55.45
162,38,1,236.783,41.6655,12.3253,93.81,55.79
163,38,1,236.754,41.6713,12.2824,93.22,55.5
164,38,1,236.852,41.6519,12.289,94.45,55.12
165,38,1,236.793,41.657,12.2819,95.01,55.91
166,38,1,236.906,41.6988,12.2121,94.13,56.02
167,38,1,236.873,41.6958,12.1777,93.55,55.76
168,38,1,236.82,41.6762,12.21,94.9,55.83
169,38,1,236.83,41.6754,12.2504,93.38,55.35
170,38,1,236.838,41.6568,12.244,92.76,54.99
171,38,1,236.896,41.6788,12.1821,92.78,55.64
172,38,1,236.819,41.6494,12.308,96.46,54.93
173,38,1,237.02,41.7255,12.1688,95.09,55.7
174,38,1,236.873,41.6893,12.236,92.79,55.53
175,38,1,236.866,41.68,12.2485,92.82,54.65
176,38,1,236.931,41.71,12.1698,93.01,54.91
177,38,1,236.957,41.7267,12.1228,94.05,55.6
178,38,1,236.811,41.6715,12.2443,94.87,54.74
179,38,1,236.813,41.6823,12.2764,93.78,54.44
180,38,1,236.863,41.7063,12.1896,95.99,54.95
181,38,1,236.853,41.6913,12.2753,91.31,55.67
182,38,1,236.853,41.702,12.233,93.69,55.83
183,38,1,236.881,41.6842,12.2619,92.76,53.53
184,38,1,236.901,41.7141,12.1626,93.31,55.73
185,38,1,236.917,41.727,12.1995,92.2,54.68
186,38,1,236.948,41.7616,12.1207,92.48,55.07
187,38,1,236.822,41.7053,12.2534,92.35,55.19
188,38,1,236.776,41.7128,12.2571,94.17,53.56
189,38,1,236.827,41.7428,12.2542,92.82,53.56
190,38,1,236.78,41.7173,12.2769,95.28,54.66
191,38,1,236.789,41.7175,12.2353,95.62,53.95
192,38,1,236.811,41.7064,12.2925,92.81,54.77
193,38,1,236.834,41.6822,12.3082,94.11,54.69
194,38,1,236.914,41.7096,12.2475,92.71,54.59
195,38,1,236.771,41.7182,12.2932,92.85,54.89
196,38,1,236.881,41.7613,12.2477,95.57,55.2
197,38,1,236.84,41.7864,12.2748,93.03,56.08
198,38,1,236.876,41.7941,12.1039,93.96,55.38
199,38,1,236.804,41.7589,12.2536,92.47,54.91
200,38,1,236.936,41.7686,12.2051,84.62,52.22
201,38,1,61.292,9.97099,58.2647,81.82,55.8
202,38,1,61.3864,9.97213,58.097,89.05,57.91
203,38,1,60.9065,9.99284,58.5402,90.06,58.06
204,38,1,59.5119,9.89441,59.9881,83.58,59.24
205,38,1,61.4543,9.97503,57.9357,89.42,59.19
206,38,1,61.1036,9.98308,58.3319,90.46,59.18
207,38,1,61.3391,9.95941,58.069,89.74,59.74
208,38,1,61.3317,9.97753,58.0418,90.22,58.78
209,38,1,61.0902,9.95931,58.4221,92.73,58.93
210,38,1,61.3,9.95608,58.1608,88.49,59.79
211,38,1,61.2825,9.93256,58.2075,88.39,58.49
212,38,1,61.2683,9.94186,58.2019,89.93,59.28
213,38,1,61.4521,9.94821,57.9661,91.76,59.78
214,38,1,60.8688,9.9403,58.6452,93.56,59.26
215,38,1,61.2694,9.90058,58.1904,90.83,58.84
216,38,1,61.1202,9.94146,58.2936,90.96,57.66
217,38,0,0,0,0,0,54.39
218,38,1,221.721,33.9908,38.6714,91.5,55.26
219,38,1,221.828,34.0055,38.6287,92.67,56.57
220,38,1,221.745,34.0091,38.6721,87.69,53.5
221,38,1,342.687,21.4054,66.7216,91.4,56.59
222,38,1,342.609,21.3968,66.7514,90.22,57.6
223,38,1,342.802,21.5396,66.7174,93.31,57.02
224,38,1,342.583,21.4195,66.8905,93.39,57.38
225,38,1,342.8,21.4907,66.6844,86.24,55.23
226,38,1,168.171,26.9289,23.8876,91.61,57.44
227,38,1,167.986,26.9098,23.9631,92.96,58.31
228,38,1,168.172,26.8249,23.9678,94.26,57.53
229,38,1,168.227,26.9448,23.8402,94.74,58.85
230,38,1,167.96,26.9045,23.9967,91.93,59.4
231,38,1,168.074,26.83,23.9498,93.26,58.04
232,38,1,168.242,26.9118,23.812,91.7,58.57
233,38,1,168.074,26.8319,23.9501,94.22,58.49
234,38,1,167.98,26.8427,24.0266,94.79,57.9
235,38,1,168.031,26.9003,23.8913,89.56,58.98
236,38,1,168.162,26.9102,23.8748,91.71,58.46
237,38,1,168.255,26.9345,23.7773,92.82,59.09
238,38,1,167.982,26.8919,23.9061,90.4,58.32
239,38,1,168.183,26.9074,23.7895,93.61,58.78
240,38,1,168.198,26.9333,23.7982,93.98,59.6
241,38,1,168.19,26.814,23.8883,95.37,59.03
242,38,1,168.245,26.8561,23.8516,96.37,59.37
243,38,1,168.161,26.832,23.8598,96.96,58.99
244,38,1,168.305,26.8281,23.8079,97.1,59.37
245,38,1,168.233,26.8377,23.8394,94.53,59.32
246,38,1,168.058,26.7986,23.9338,95.55,58.95
247,38,1,168.142,26.8598,23.8892,95.82,59.03
248,38,1,168.252,26.8498,23.8167,93.98,58.39
249,38,1,168.333,26.9413,23.6901,94.38,59.47
250,38,1,168.193,26.8222,23.8395,93.2,58.63
251,38,1,168.334,26.9196,23.6613,92.39,59.26
252,38,1,168.22,26.8435,23.7955,90.5,53.35
253,38,0,0,0,0,0,37.68
254,38,0,0,0,0,0,35.45
255,38,0,0,0,0,0,35.35
0,39,0,0,0,0,0,36.09
1,39,0,0,0,0,0,37.4
2,39,0,0,0,0,0,36.94
3,39,0,0,0,0,0,36.49
4,39,2,131.005,34.0594,81.0518,58,39.31
5,39,1,131.283,33.3051,80.9808,92.51,54.82
6,39,1,131.34,33.2912,81.0013,92.28,55.4
7,39,1,131.321,33.3089,81.0063,93.76,56.1
8,39,1,131.144,33.3029,81.0582,93.52,56.28
9,39,1,131.16,33.3006,81.0621,91.74,56.84
10,39,1,131.228,33.3288,81.0287,91.77,57.09
11,39,1,131.336,33.3152,80.9388,93.57,55.72
12,39,1,131.383,33.2826,80.9647,93.45,56.73
13,39,1,131.263,33.2733,81.0173,92.46,56.64
14,39,1,131.348,33.2359,80.9886,95.49,56.23
15,39,1,131.338,33.2621,80.9869,93.89,57.45
16,39,1,131.4,33.2691,80.9554,91.78,56.84
17,39,1,131.29,33.2925,81.0105,93.12,57.03
18,39,1,131.23,33.2716,81.0074,93.17,56.18
19,39,1,131.283,33.2737,80.9985,91.48,56.31
20,39,1,131.291,33.2467,80.9933,93,56.55
21,39,1,131.197,33.0895,80.876,81.89,56.98
22,39,1,131.301,33.28,80.993,91.53,57.01
23,39,1,131.323,33.2853,80.9642,94.01,56.98
24,39,1,131.369,33.272,80.9483,90.75,57
25,39,1,131.181,33.288,81.0071,93.61,56.7
26,39,1,131.407,33.2129,80.9398,93.14,56.42
27,39,1,131.371,33.2814,80.9478,92.65,57.06
28,39,1,131.301,33.2994,80.9721,91.99,56.59
29,39,1,131.362,33.2489,80.945,92.65,56.62
30,39,1,131.365,33.2332,80.9218,94.02,56.48
31,39,1,131.333,33.2217,80.9529,93.19,56.07
32,39,1,131.461,33.2073,80.8616,93.33,54.29
33,39,0,0,0,0,0,52.02
34,39,1,355.395,18.6638,85.9603,86.83,51.43
35,39,1,355.427,18.6395,85.9651,93.93,51.47
36,39,1,355.754,18.6066,85.5442,94.06,51.6
37,39,1,355,18.6424,86.2741,92.53,52.5
38,39,1,354.962,18.6388,86.4192,91.87,52.31
39,39,1,355.188,18.6081,86.0403,91.36,51.27
40,39,1,355.268,18.6605,86.131,90.08,52.21
41,39,1,355.41,18.6305,85.8384,93.63,53.42
42,39,1,355.486,18.6382,85.8455,91.7,52.33
43,39,1,355.932,11.9864,23.9921,87.04,54.76
44,39,1,355.832,12.0113,24.2676,92.99,53.68
45,39,1,355.756,11.9667,24.3995,87.99,54.81
46,39,1,355.816,11.9778,24.329,95.75,57.53
47,39,1,355.844,12.1227,24.274,96.48,58.76
48,39,1,356.118,11.9763,24.0787,95.81,58.54
49,39,1,355.676,12.0214,24.5864,95.24,58.56
50,39,1,355.8,12.0262,24.3232,96.11,58.54
51,39,1,355.906,11.9578,24.1133,96.66,58.94
52,39,1,355.889,11.9308,24.2237,97,58.24
53,39,1,355.72,11.9661,24.4256,95.87,58.7
54,39,1,355.909,11.9496,24.1997,97.03,58.6
55,39,1,355.843,11.966,24.224,95.8,58.44
56,39,1,355.821,11.9966,24.2456,96.62,58.43
57,39,1,355.818,11.9433,24.3485,95.99,58.56
58,39,1,355.722,11.9405,24.4104,96.42,58.86
59,39,1,355.712,12.005,24.5191,93.45,58.77
60,39,1,355.714,11.9475,24.3853,96.05,59.12
61,39,1,355.726,11.9596,24.3918,94.84,58.61
62,39,1,355.745,11.9392,24.3194,96.56,58.89
63,39,1,355.78,11.9376,24.3009,96.18,59.11
64,39,1,355.83,11.941,24.2208,95.23,58.9
65,39,1,355.804,11.9413,24.448,92.94,57.14
66,39,1,355.642,11.9339,24.4981,94.34,55.54
67,39,1,355.412,11.9412,24.6212,95.87,57.87
68,39,1,355.604,12.0146,24.4733,95.1,58.51
69,39,1,355.762,11.9411,24.301,96.16,59.33
70,39,1,355.604,11.9519,24.5599,95.75,59.41
71,39,1,355.662,11.9545,24.3998,95.88,59.26
72,39,1,355.662,11.9518,24.3916,96.3,59.04
73,39,1,355.654,11.9934,24.4251,95.96,59.36
74,39,1,355.636,11.9353,24.4581,95.45,59.47
75,39,1,355.726,11.9371,24.3985,96.98,59.1
76,39,1,355.741,11.9432,24.3721,94.22,58.2
77,39,1,355.655,11.9532,24.4221,95.75,58.76
78,39,1,355.653,11.933,24.5322,96.02,59.42
79,39,1,355.592,11.9333,24.482,96.14,59
80,39,1,355.603,12.0096,24.5815,95.18,59.64
81,39,1,355.429,11.9582,24.6866,93.39,58.4
82,39,1,355.567,11.9563,24.5093,94.62,59.04
83,39,1,355.547,11.9504,24.5636,96.28,58.5
84,39,1,355.611,12.0287,24.521,98,58.89
85,39,1,355.446,11.9351,24.6043,96.46,58.96
86,39,1,355.352,11.906,24.8481,96.04,58.72
87,39,1,355.45,11.9808,24.5667,95.04,59.31
88,39,1,355.293,11.9122,24.8867,95.17,58.31
89,39,0,0,0,0,0,55.38
90,39,1,128.051,39.4095,38.3507,88.66,54.27
91,39,1,128.155,39.386,38.3373,95.39,54.62
92,39,1,128.161,39.3779,38.3342,95.64,55.58
93,39,1,128.127,39.3677,38.3829,94.64,56
94,39,1,128.07,39.4203,38.3589,95.13,56.32
95,39,1,128.152,39.3643,38.3429,95.58,55.77
96,39,1,128.113,39.4016,38.3655,96.98,55.49
97,39,1,128.048,39.3968,38.3914,93.23,56.16
98,39,1,128.106,39.3556,38.3583,95.52,56.39
99,39,1,128.152,39.3651,38.3489,95.15,57.45
100,39,1,128.163,39.38,38.3316,96.35,56.56
101,39,1,128.136,39.3815,38.3655,95.81,55.84
102,39,1,128.052,39.3817,38.416,96.17,54.31
103,39,0,0,0,0,0,53.96
104,39,1,355.359,11.963,24.6452,96.99,57.44
105,39,1,355.162,11.9642,24.961,96.45,57.19
106,39,1,355.118,12.0116,24.9788,97.74,58.22
107,39,1,355.182,11.9443,24.9139,95.46,58.52
108,39,1,355.249,11.9661,24.7173,94.75,58.73
109,39,1,355.137,11.9597,24.9388,94.13,57.82
110,39,1,355.178,11.965,24.9458,96.65,58.8
111,39,1,355.376,11.9604,24.6286,95.2,58.92
112,39,1,355.283,11.9405,24.8529,95.71,58.97
113,39,1,355.236,12.0455,24.8996,96.49,58.92
114,39,1,355.197,11.9437,24.9003,94.17,59.17
115,39,1,355.162,11.9344,24.988,95.26,59.04
116,39,1,355.176,11.9375,24.8986,95.22,58.57
117,39,1,355.183,11.936,24.8201,97.69,58.94
118,39,1,355.22,11.936,24.9312,95.76,59.09
119,39,1,355.162,11.9445,24.8938,96.2,58.49
120,39,1,355.174,11.9374,24.8649,95.83,59.32
121,39,1,355.217,11.9763,24.8685,95.17,58.66
122,39,1,355.163,11.9532,24.8212,94.21,59.01
123,39,1,355.158,11.979,24.8557,94.98,59.32
124,39,1,355.275,11.9534,24.7835,95.9,59.14
125,39,1,355.026,11.9441,25.0808,95.67,58.79
126,39,1,355.19,11.9978,24.8596,96.81,59.35
127,39,1,354.975,11.9401,25.1249,95.04,59.29
128,39,1,355.183,11.9413,24.8273,96.63,58.51
129,39,1,355.127,11.9508,24.9473,95.99,59.57
130,39,1,355.198,11.9556,24.8148,95.05,59.09
131,39,1,355.077,11.9342,24.9947,95.5,59.88
132,39,1,354.986,11.9684,25.0767,95.27,58.96
133,39,1,354.958,11.9439,25.1077,97.1,59.86
134,39,1,354.994,11.9756,25.0299,95.35,59.36
135,39,1,355.135,11.9973,24.9589,95.21,58.92
136,39,1,354.974,11.9599,25.0578,95.08,59
137,39,1,354.976,11.9943,25.0056,94.67,59.05
138,39,1,354.938,11.9507,25.1453,95.55,59.47
139,39,1,355.005,11.9925,25.1013,95.46,59.64
140,39,1,355.01,11.9413,25.0641,95.34,59.19
141,39,1,355.122,12.0146,24.9279,96.51,58.69
142,39,1,354.996,11.9651,25.0193,96.57,59.16
143,39,1,354.921,11.9581,25.198,96.54,59.62
144,39,1,354.817,11.9603,25.3029,95.69,57.83
145,39,0,0,0,0,0,55.27
146,39,1,236.956,41.6305,12.2621,92.75,53.99
147,39,1,236.907,41.6399,12.2487,95.28,53.98
148,39,1,236.922,41.6568,12.2041,93.08,55.37
149,39,1,236.845,41.6394,12.2924,91.79,54.7
150,39,1,236.813,41.6196,12.3129,95.35,54.58
151,39,1,236.792,41.6322,12.287,94.53,54.82
152,39,1,236.812,41.6471,12.2272,95.55,54.77
153,39,1,236.76,41.6272,12.3236,90.65,54.47
154,39,1,236.858,41.6711,12.2906,91.39,55.58
155,39,1,236.899,41.6605,12.2053,95.27,55.41
156,39,1,236.756,41.6271,12.3285,92.4,55.2
157,39,1,236.853,41.6573,12.3016,91.37,54.81
158,39,1,236.781,41.6508,12.3396,94.25,55.78
159,39,1,236.894,41.6551,12.3054,93.66,54.54
160,39,1,236.81,41.6261,12.3053,94.09,55.44
161,39,1,236.912,41.671,12.2595,93.18,55.1
162,39,1,236.827,41.6638,12.2771,94.12,55.61
163,39,1,236.827,41.6548,12.2983,93.33,55.48
164,39,1,236.683,41.6632,12.336,94.12,55.43
165,39,1,236.896,41.675,12.2334,92.67,54.43
166,39,1,236.918,41.6736,12.2061,93,55.09
167,39,1,236.82,41.6757,12.2652,92.39,55.67
168,39,1,236.961,41.7239,12.1492,92.16,55.33
169,39,1,236.931,41.6905,12.1598,94.8,55.12
170,39,1,236.832,41.6598,12.2024,95.79,54.96
171,39,1,236.903,41.6923,12.2479,95.26,55.55
172,39,1,236.893,41.6812,12.2551,95.44,55.09
173,39,1,236.848,41.6875,12.2425,95.03,55.35
174,39,1,237.016,41.7004,12.1588,93.21,54.47
175,39,1,236.897,41.7202,12.246,92.59,55.48
176,39,1,236.896,41.7196,12.1392,91.54,55.03
177,39,1,236.85,41.6981,12.1846,94.78,54.94
178,39,1,236.802,41.6697,12.3043,93.05,55.12
179,39,1,236.836,41.6785,12.2928,93.86,55.01
180,39,1,236.904,41.6553,12.2227,94.37,55.31
181,39,1,236.86,41.6871,12.2657,91.99,56.24
182,39,1,236.951,41.7327,12.2155,92.05,54.68
183,39,1,236.909,41.7175,12.1975,94.51,55.51
184,39,1,236.941,41.7379,12.1208,92.77,55.27
185,39,1,236.943,41.7144,12.1534,92.45,56.56
186,39,1,236.875,41.7341,12.1607,94.4,55.62
187,39,1,236.906,41.6745,12.2447,94.76,55.49
188,39,1,236.853,41.7039,12.1828,93.6,55.6
189,39,1,236.947,41.7059,12.2516,93.62,54.95
190,39,1,236.859,41.7555,12.1693,93.6,54.32
191,39,1,236.854,41.6912,12.2531,92.53,54.44
192,39,1,236.806,41.6956,12.2699,91.85,54.04
193,39,1,236.87,41.6947,12.2808,95.48,53.89
194,39,1,236.87,41.7044,12.2536,94.31,53.32
195,39,1,236.839,41.7545,12.1764,94.74,56.09
196,39,1,236.786,41.7664,12.2618,93.99,55.22
197,39,1,236.967,41.7765,12.2391,93.81,54.72
198,39,1,236.913,41.7895,12.1952,93.5,55.6
199,39,1,236.846,41.7815,12.2379,93.67,53.7
200,39,2,62.9747,9.71219,56.0238,52.98,53.29
201,39,1,60.9297,9.99668,58.4465,89.14,57.95
202,39,1,61.3251,9.96775,58.1151,90.47,57.61
203,39,1,61.3008,9.95951,58.212,88.12,58.64
204,39,1,61.5683,9.93598,57.9258,93.08,59.13
205,39,1,61.3667,9.97619,58.0571,90.28,59.06
206,39,1,60.787,9.94133,58.7545,91.73,58.61
207,39,1,61.2607,9.94422,58.2352,93.1,59.72
208,39,1,61.3392,9.96237,58.062,89.39,59.08
209,39,1,61.1705,9.93412,58.3549,92.48,59.79
210,39,1,61.0228,9.95792,58.4397,87.83,58.76
211,39,1,61.2108,9.98719,58.1981,91.42,59.01
212,39,1,60.9123,9.97559,58.5292,90.12,59.64
213,39,1,61.3138,9.9532,58.0864,91.18,58.52
214,39,1,61.2068,9.9221,58.2407,88.18,59.92
215,39,1,61.1774,9.93861,58.2551,90.43,59.17
216,39,1,61.2899,9.9381,58.13,89.79,59.53
217,39,1,60.8637,9.98636,58.4878,85.74,57.32
218,39,0,0,0,0,0,56
219,39,1,221.748,34.0126,38.6896,92.82,57.24
220,39,1,221.861,34.0106,38.6019,93.93,54.38
221,39,1,342.694,21.3862,66.7714,90.89,55.12
222,39,1,342.796,21.4449,66.6112,93.55,57.08
223,39,1,342.769,21.4821,66.6746,95.05,57.96
224,39,1,342.58,21.4033,66.8246,91.04,56.14
225,39,1,168.068,26.8262,24.0379,88.89,55.18
226,39,1,168.013,26.8278,24.0498,95.43,58.09
227,39,1,167.903,26.9042,24.0152,90.21,57.61
228,39,1,168.099,26.8371,24.0168,94.16,58.36
229,39,1,168.187,26.8026,23.9079,97.32,58.11
230,39,1,168.074,26.837,23.9927,93.81,58.7
231,39,1,168.271,26.907,23.8405,91.78,58.49
232,39,1,168.111,26.8305,23.9751,95.82,59.62
233,39,1,167.973,26.8043,23.9792,96.04,58.26
234,39,1,168.123,26.8315,23.9588,94.23,58.53
235,39,1,168.136,26.9342,23.8311,92.91,58.66
236,39,1,168.103,26.8374,23.9624,96.09,59.11
237,39,1,168.119,26.8536,23.9187,94.85,59.18
238,39,1,168.15,26.9033,23.8567,93.08,59.14
239,39,1,168.111,26.8191,23.9158,94.91,59.13
240,39,1,168.254,26.9137,23.7507,92.7,59.46
241,39,1,168.458,26.931,23.6298,93.95,59.51
242,39,1,168.284,26.8565,23.7879,94.38,58.43
243,39,1,168.173,26.8592,23.8737,94.36,59.19
244,39,1,168.074,26.8447,23.9018,94.99,57.52
245,39,1,168.096,26.8451,23.8973,94.41,59.14
246,39,1,168.218,26.8454,23.8606,92.98,58.95
247,39,1,168.23,26.8958,23.713,92.86,59.82
248,39,1,168.186,26.8377,23.8525,93.72,58.44
249,39,1,168.23,26.9112,23.7243,93.65,58.9
250,39,1,168.189,26.8842,23.7517,92.14,59.85
251,39,1,168.205,26.8263,23.8497,94.54,58.73
252,39,1,168.316,26.8172,23.7505,94.43,55.49
253,39,0,0,0,0,0,38.32
254,39,0,0,0,0,0,35.95
255,39,0,0,0,0,0,35.32
0,40,0,0,0,0,0,35.78
1,40,0,0,0,0,0,37.64
2,40,0,0,0,0,0,37.14
3,40,0,0,0,0,0,36.08
4,40,1,131.378,33.3408,81.0407,80.89,39.25
5,40,1,131.319,33.3196,80.9895,92.93,54.55
6,40,1,131.222,33.304,81.0571,93.17,55.72
7,40,1,131.299,33.2822,81.0039,92.99,56.52
8,40,1,131.15,33.32,81.1004,91.91,56.29
9,40,1,131.23,33.3204,81.0487,90.16,57.04
10,40,1,131.315,33.3576,81.0846,92.82,55.92
11,40,1,131.257,33.2922,81.0362,91.98,56.18
12,40,1,131.344,33.2465,80.9708,92.94,56.26
13,40,1,131.245,33.3361,81.0956,89.85,56.4
14,40,1,131.147,33.2657,81.0446,93.11,56.95
15,40,1,131.31,33.2984,80.9843,93.35,56
16,40,1,131.204,33.3034,81.0301,92.94,56.18
17,40,1,131.326,33.2553,80.9714,92.54,56.33
18,40,1,131.346,33.2759,80.9554,93.29,56.49
19,40,1,131.257,33.2938,81.0061,91.54,57.61
20,40,1,131.287,33.2666,81.0044,92.21,56.62
21,40,1,131.283,33.2728,80.9656,91,57.02
22,40,1,131.165,33.2888,81.0539,91.78,58.15
23,40,1,131.286,33.2461,80.9998,92.8,56.06
24,40,1,131.352,33.3093,81.0407,89.96,55.97
25,40,1,131.222,33.2644,81.0165,92.37,56.63
26,40,1,131.361,33.2281,80.9416,93.39,56.56
27,40,1,131.364,33.3005,80.9616,91.21,57.98
28,40,1,131.316,33.2889,80.9488,93.36,56.98
29,40,1,131.255,33.2909,80.9833,92.35,57.45
30,40,1,131.339,33.2938,80.969,92.28,57.04
31,40,1,131.43,33.2108,80.9037,93.93,56.12
32,40,0,0,0,0,0,51.1
33,40,1,355.287,18.6774,86.0127,94.58,51.45
34,40,1,355.341,18.6101,85.8881,88.46,52.1
35,40,1,355.488,18.6065,85.7864,93.77,51.55
36,40,1,355.328,18.6252,86.0998,88.45,51.44
37,40,1,355.192,18.6611,86.0905,92.76,52.01
38,40,1,355.039,18.6246,86.2661,94.35,51.71
39,40,1,355.369,18.6365,85.9428,93.97,52.5
40,40,1,355.502,18.6558,85.8007,92.75,51.86
41,40,1,355.306,18.6914,85.9031,92.14,52.09
42,40,1,355.415,18.5585,85.8765,84.92,50.37
43,40,1,356.05,11.9678,24.0637,94.64,55.8
44,40,1,356.306,11.9687,23.7716,86.11,54.55
45,40,1,355.894,11.9777,24.2107,87.61,54.46
46,40,1,355.764,11.9858,24.3134,95.2,56.92
47,40,1,355.953,11.9879,24.137,95.65,58.93
48,40,1,356.07,11.9411,24.0644,92.35,58.8
49,40,1,356.014,11.9524,24.0697,96.48,60.15
50,40,1,356.022,11.9396,24.1585,94.11,58.57
51,40,1,355.931,11.9343,24.154,94.78,58.61
52,40,1,356.1,11.9271,24.0199,95.24,59.33
53,40,1,356.033,11.9162,24.1896,94.05,58.47
54,40,1,355.875,11.9161,24.2706,96.54,58.48
55,40,1,355.837,11.9383,24.3566,95.62,59.34
56,40,1,355.914,11.9583,24.208,97.08,59.07
57,40,1,355.806,11.9519,24.2802,95.91,58.69
58,40,1,355.872,11.9387,24.3858,93.86,59.76
59,40,1,355.866,11.9428,24.3267,93.97,59.01
60,40,1,355.815,11.9447,24.307,96.96,58.81
61,40,1,355.864,11.9354,24.2018,95.83,59.29
62,40,1,355.823,11.9323,24.3302,96.68,58.9
63,40,1,355.819,11.9471,24.3167,94.57,59.24
64,40,1,355.67,11.9414,24.4783,95.28,58.99
65,40,1,355.721,11.9411,24.3936,97.57,58.72
66,40,1,355.744,11.9149,24.3459,94.62,58.48
67,40,1,355.691,11.9197,24.4134,94.99,59.31
68,40,1,355.652,11.9514,24.4091,95.93,59.08
69,40,1,355.883,12.0059,24.3162,94.95,59.75
70,40,1,355.555,11.9622,24.4768,94.99,57.93
71,40,1,355.654,11.9809,24.3888,93.12,58.75
72,40,1,355.725,11.9414,24.4424,96.44,59.74
73,40,1,355.682,11.9374,24.4872,94.79,58.67
74,40,1,355.802,11.9513,24.3164,95.75,58.7
75,40,1,355.793,12.0107,24.3358,95.15,59.15
76,40,1,355.651,11.9648,24.5004,96.48,58.54
77,40,1,355.676,11.9243,24.3916,97.45,58.28
78,40,1,355.608,11.9319,24.547,97.19,58.46
79,40,1,355.595,11.9584,24.4925,95.77,58.47
80,40,1,355.531,11.9394,24.6055,96.84,59.17
81,40,1,355.622,11.9234,24.4795,95.18,59.3
82,40,1,355.541,11.9629,24.6064,95.91,59.34
83,40,1,355.67,11.9619,24.4182,96.06,59.39
84,40,1,355.443,11.9448,24.7333,93.39,60.01
85,40,1,355.362,11.9929,24.8265,97.5,58.64
86,40,1,355.44,11.9629,24.5949,95.7,58.94
87,40,1,355.48,11.9385,24.6521,95.26,59.22
88,40,1,355.263,11.9161,24.8344,94.94,56.91
89,40,0,0,0,0,0,54.64
90,40,1,128.131,39.4361,38.3206,94.24,55.2
91,40,1,128.224,39.4365,38.2428,95.37,56.7
92,40,1,128.141,39.4035,38.3287,95.69,55.97
93,40,1,128.114,39.3725,38.3525,96.37,56.2
94,40,1,128.107,39.4143,38.3202,95.69,55.61
95,40,1,128.152,39.3846,38.3779,95.84,56.06
96,40,1,127.949,39.3818,38.4577,93.46,55.5
97,40,1,128.139,39.3891,38.3489,96.03,56.4
98,40,1,128.117,39.3413,38.4695,93.24,56.26
99,40,1,128.172,39.3503,38.3355,95.83,56.47
100,40,1,128.165,39.364,38.299,97.3,56.86
101,40,1,128.038,39.368,38.4036,93.37,55.7
102,40,0,0,0,0,0,54.58
103,40,1,355.417,11.9429,24.692,96.37,56.45
104,40,1,355.479,12.0078,24.6419,97.74,58.7
105,40,1,355.399,11.9777,24.6757,94.84,58.44
106,40,1,355.413,12.0144,24.612,97.27,58.75
107,40,1,355.328,11.9443,24.7738,95.73,58.89
108,40,1,355.336,12.0243,24.8202,96.53,59.48
109,40,1,355.523,11.9499,24.4991,93.76,59.09
110,40,1,355.392,11.9633,24.6929,97.44,58.74
111,40,1,355.26,11.9194,24.8927,94.57,59.3
112,40,1,355.287,11.9429,24.7066,96.6,59.12
113,40,1,355.363,11.9231,24.6921,96.27,59.19
114,40,1,355.405,11.9429,24.7112,95.67,59.28
115,40,1,355.253,11.9631,24.7351,97.49,59.01
116,40,1,355.244,11.9459,24.8054,94.19,59.32
117,40,1,355.184,11.9396,25.0013,94.88,58.86
118,40,1,355.161,11.9865,24.854,96.74,58.83
119,40,1,355.123,11.9525,24.916,94.73,59.04
120,40,1,355.264,12.0022,24.7821,95.23,58.81
121,40,1,355.115,11.9246,24.9617,95.2,59.27
122,40,1,355.034,11.9475,25.0356,95.72,59.33
123,40,1,355.071,11.949,24.9282,94.09,59.42
124,40,1,355.232,11.9378,24.8097,96.13,59.62
125,40,1,355.155,11.9488,24.903,96.17,59.92
126,40,1,355.076,11.9547,24.9428,95.85,59.5
127,40,1,355.077,11.94,24.9811,95.24,59.51
128,40,1,355.072,11.9691,24.9406,96.81,59.17
129,40,1,355.221,11.9512,24.8557,95.69,59.1
130,40,1,355.094,11.9408,25.0049,96.7,59.51
131,40,1,355.182,12.0049,24.7893,94.47,58.96
132,40,1,355.095,11.9395,25.0126,95.29,59.15
133,40,1,355.229,11.9384,24.9083,96.96,58.98
134,40,1,355.008,12.0082,25.1034,96.82,59.46
135,40,1,355.01,12.0119,25.0437,96.26,58.68
136,40,1,355.017,11.9386,25.0709,95.07,59.37
137,40,1,355.022,11.9395,25.0099,96.19,58.84
138,40,1,355.011,11.9572,25.0351,96.08,59.72
139,40,1,355.037,11.9372,25.0911,95.13,58.56
140,40,1,355.156,11.903,24.9513,95.79,59.22
141,40,1,354.905,11.9313,25.2461,96.95,59.62
142,40,1,354.918,11.9565,25.1831,95.96,59.1
143,40,1,354.924,11.9621,25.1778,95.42,59.61
144,40,1,354.751,11.9158,25.3715,89.72,56.48
145,40,1,236.913,41.6198,12.1578,88.31,54.01
146,40,1,236.891,41.655,12.1957,94.11,55.23
147,40,1,236.866,41.612,12.2508,93.14,54.85
148,40,1,236.885,41.6422,12.2108,94.1,55.44
149,40,1,236.839,41.6339,12.2263,93.95,54.48
150,40,1,236.801,41.644,12.1959,93.72,55.42
151,40,1,236.854,41.6332,12.302,93.77,55.58
152,40,1,236.849,41.654,12.2868,91.36,54.84
153,40,1,236.821,41.6285,12.2721,93.89,55.64
154,40,1,236.735,41.621,12.3053,95.25,55.14
155,40,1,236.845,41.6368,12.2886,95.09,54.72
156,40,1,236.807,41.6439,12.2874,93.86,55.31
157,40,1,236.779,41.6365,12.3104,92.49,54.71
158,40,1,236.86,41.614,12.3108,94.28,54.2
159,40,1,236.888,41.6868,12.2158,93.43,54.37
160,40,1,236.702,41.6392,12.3224,94.46,55.7
161,40,1,236.875,41.6869,12.2619,93.7,54.65
162,40,1,236.929,41.704,12.1477,92.9,54.47
163,40,1,236.886,41.6671,12.2507,92.9,55.01
164,40,1,236.83,41.6648,12.2794,92.47,54.32
165,40,1,236.902,41.7005,12.1895,94.06,54.95
166,40,1,236.889,41.708,12.1529,95.25,55.24
167,40,1,236.835,41.6797,12.301,94.05,54.99
168,40,1,236.887,41.6874,12.1607,95.53,55.99
169,40,1,236.859,41.6912,12.1473,92.06,55.64
170,40,1,236.942,41.7223,12.1504,93.41,55.21
171,40,1,236.875,41.6919,12.2219,93.93,54.35
172,40,1,236.833,41.666,12.2857,94.19,55.27
173,40,1,236.83,41.7049,12.1832,92.57,54.95
174,40,1,236.801,41.6858,12.2623,94.26,55.23
175,40,1,236.88,41.6689,12.2507,93.98,56.03
176,40,1,236.987,41.7288,12.1348,93.87,55.83
177,40,1,236.876,41.6808,12.2581,95.21,54.44
178,40,1,236.818,41.6953,12.2644,92.13,55
179,40,1,236.875,41.7112,12.2514,91.49,55.03
180,40,1,236.9,41.6766,12.2503,94.75,55.22
181,40,1,236.906,41.7075,12.2375,94.21,55.32
182,40,1,236.847,41.703,12.2119,93.69,54.93
183,40,1,236.986,41.7271,12.1105,91.87,55.44
184,40,1,236.868,41.6861,12.2528,93.12,55.11
185,40,1,236.85,41.7186,12.2326,93.72,56.17
186,40,1,236.909,41.7111,12.2085,96.07,55.2
187,40,1,236.932,41.7551,12.1281,92.43,54.93
188,40,1,236.9,41.7263,12.2396,92.63,55.47
189,40,1,236.838,41.7245,12.2506,92.27,55.43
190,40,1,236.769,41.6981,12.2538,93.44,55.53
191,40,1,236.914,41.7215,12.2114,93.11,52.88
192,40,1,236.867,41.7242,12.2817,92.12,54.28
193,40,1,236.848,41.7094,12.2841,96,54.37
194,40,1,236.82,41.7257,12.2129,93.61,54.1
195,40,1,236.791,41.7692,12.3008,93.44,55.32
196,40,1,236.903,41.7805,12.2547,93.64,56.26
197,40,1,236.929,41.8136,12.1166,93.15,54.4
198,40,1,236.919,41.8278,12.137,90.63,53.9
199,40,0,0,0,0,0,53.67
200,40,1,61.5674,9.97812,57.8972,89.06,56.16
201,40,1,61.5392,9.97019,57.8476,89.81,58.99
202,40,1,61.4457,9.96806,57.9938,88.25,58.78
203,40,1,61.4085,9.95795,58.0161,88.16,58.52
204,40,1,61.3348,9.96724,58.0735,91.66,59.41
205,40,1,61.2812,9.98026,58.1819,90.14,59.6
206,40,1,61.3699,9.92737,58.1761,92.25,59.74
207,40,1,60.9976,9.98057,58.4303,90.84,59.43
208,40,1,61.2148,9.97428,58.2275,89.12,60.05
209,40,1,61.4983,9.91405,57.9689,88.98,58.9
210,40,1,61.4151,9.94877,58.0266,90.21,58.9
211,40,1,61.0263,9.9312,58.4834,91.42,58.91
212,40,1,61.2954,9.93126,58.1375,90.6,59.38
213,40,1,61.104,9.92181,58.4559,95.73,59.85
214,40,1,61.1853,9.9128,58.3352,92.88,59.41
215,40,1,61.1844,9.93966,58.2286,90.09,58.62
216,40,1,61.3029,9.92222,58.1267,87.27,59.22
217,40,1,61.0189,9.89185,58.5333,91.76,59.94
218,40,1,61.0903,9.92117,58.3349,88.05,56.73
219,40,0,0,0,0,0,55.58
220,40,1,221.789,34.0238,38.6448,93.08,55.74
221,40,1,342.852,21.5077,66.5906,85.65,54.09
222,40,1,342.691,21.4182,66.8072,92.19,57.66
223,40,1,342.565,21.3902,66.8597,93.36,56.59
224,40,1,342.726,21.4736,66.637,95.51,55.73
225,40,1,168.197,26.9254,23.8614,85.91,54.95
226,40,1,167.967,26.8235,24.0648,94.71,57.78
227,40,1,168.009,26.8587,24.0658,94.76,58.2
228,40,1,167.987,26.8134,24.0739,94.94,58.22
229,40,1,167.968,26.8353,24.0412,94.43,58.13
230,40,1,168.101,26.8323,23.9887,96.61,58.4
231,40,1,167.937,26.8923,24.0377,93.07,59.15
232,40,1,168.225,26.8911,23.825,92.69,58.67
233,40,1,168.12,26.9017,23.8388,90.42,58.73
234,40,1,168.048,26.8564,23.9879,94.51,58.62
235,40,1,168.055,26.9049,23.9158,91.7,59.26
236,40,1,168.202,26.828,23.9037,95.48,58.65
237,40,1,167.994,26.829,23.9809,94.74,58.56
238,40,1,168.08,26.8362,23.9181,94.77,59.34
239,40,1,168.096,26.8156,23.9175,93.35,59.22
240,40,1,168.181,26.8349,23.9077,93.99,59.63
241,40,1,168.165,26.818,23.8429,93.23,58.66
242,40,1,168.217,26.9165,23.7231,91.54,59.68
243,40,1,168.233,26.8342,23.7651,95.54,59.31
244,40,1,168.115,26.8518,23.8982,96.43,59.25
245,40,1,168.068,26.8564,23.8616,92.16,58.97
246,40,1,168.21,26.8301,23.8684,96,59.01
247,40,1,168.251,26.9156,23.7109,93.1,59.37
248,40,1,168.247,26.8748,23.7138,93.7,59.72
249,40,1,168.126,26.8187,23.8789,94.55,59.14
250,40,1,168.224,26.8203,23.8239,94.53,58.9
251,40,1,168.023,26.7646,23.9303,95.67,59.59
252,40,1,168.168,26.8038,23.8624,92.37,55.66
253,40,0,0,0,0,0,39.48
254,40,0,0,0,0,0,35.9
255,40,0,0,0,0,0,34.19
0,41,0,0,0,0,0,58.14
1,41,0,0,0,0,0,37.23
2,41,0,0,0,0,0,37.87
3,41,0,0,0,0,0,35.89
4,41,1,131.512,33.3331,80.9349,94.67,38.79
5,41,1,131.2,33.3281,81.0514,93.64,53.63
6,41,1,131.205,33.2883,81.0466,93.98,55.69
7,41,1,131.267,33.2979,81.0268,93.16,56.72
8,41,1,131.247,33.279,81.0375,90.96,56.41
9,41,1,131.155,33.3172,81.0459,91.6,56.08
10,41,1,131.339,33.2982,80.9945,92.42,57.1
11,41,1,131.189,33.2903,81.0439,92.82,56.49
12,41,1,131.207,33.3054,81.0494,94.12,56.49
13,41,1,131.27,33.2891,81.0344,93.23,56.43
14,41,1,131.209,33.2696,81.0357,92.79,56.03
15,41,1,131.319,33.2885,80.9697,94.03,56.87
16,41,1,131.227,33.2793,81.0403,92.05,56.79
17,41,1,131.232,33.2386,80.9945,91.89,56.01
18,41,1,131.305,33.2849,80.988,92.5,57.29
19,41,1,131.314,33.2606,80.9946,92.17,57
20,41,1,131.268,33.286,80.9897,93.19,58.22
21,41,1,131.499,33.0615,80.8329,85.24,57.93
22,41,1,131.36,33.2486,80.9534,94.09,56.66
23,41,1,131.247,33.2738,81.0128,91.51,56.51
24,41,1,131.234,33.2793,80.9844,93.92,57.39
25,41,1,131.334,33.2808,80.9473,92.83,57.22
26,41,1,131.333,33.2613,80.9449,93.14,57.22
27,41,1,131.304,33.2465,80.9744,92.25,56.32
28,41,1,131.446,33.2703,80.9169,94.38,57.94
29,41,1,131.38,33.2903,80.9625,90.98,56.34
30,41,1,131.469,33.2194,80.8802,93.48,55.18
31,41,1,131.553,33.2425,80.761,84.66,54.34
32,41,1,355.737,18.7392,85.5083,94.81,50.9
33,41,1,355.316,18.6309,85.9257,89.83,50.72
34,41,1,355.217,18.6259,86.0241,89.19,51.94
35,41,1,355.325,18.644,85.9338,91.84,51.56
36,41,1,355.194,18.6571,86.1065,90.24,51.86
37,41,1,355.321,18.6315,86.0809,88.85,52.05
38,41,1,355.176,18.6278,86.0817,93.24,51.67
39,41,1,355.551,18.6516,85.6745,89.95,52.37
40,41,1,355.352,18.667,86.0139,90.1,53.11
41,41,1,355.514,18.5962,85.7939,90.7,51.3
42,41,0,0,0,0,0,52.52
43,41,1,356.171,11.9454,23.9201,94.77,57.25
44,41,1,356.197,11.933,23.9169,85.29,55.17
45,41,1,355.869,11.9412,24.2752,88.06,55.19
46,41,1,355.849,11.9453,24.2108,94.12,58.18
47,41,1,355.911,11.9551,24.1977,96.56,58.85
48,41,1,355.983,11.9708,24.1862,93.54,58.29
49,41,1,355.885,11.9148,24.193,95.71,58
50,41,1,356.035,11.9633,24.0373,94.8,59.19
51,41,1,355.836,11.9589,24.2774,95.88,58.26
52,41,1,355.998,11.9579,24.0692,95.21,58.4
53,41,1,355.688,11.967,24.4565,95.14,58.46
54,41,1,355.921,12.0042,24.1822,94.83,58.74
55,41,1,355.984,12.0178,24.0832,97.5,59.48
56,41,1,355.881,11.9591,24.27,96.11,58.4
57,41,1,355.937,11.9398,24.2892,93,59.26
58,41,1,355.88,11.9447,24.3484,93.95,59.42
59,41,1,355.581,11.986,24.5367,96,59.09
60,41,1,355.847,11.9086,24.2565,94.74,58.25
61,41,1,355.88,11.9504,24.158,95.32,59.39
62,41,1,355.843,12.0295,24.298,97.13,59.96
63,41,1,355.706,11.9477,24.3904,94.24,58.45
64,41,1,355.71,11.9477,24.3684,96.57,59.88
65,41,1,355.642,11.9542,24.5254,96.64,58.65
66,41,1,355.658,11.9445,24.4925,96.38,58.39
67,41,1,355.657,11.9711,24.3852,93.34,58.87
68,41,1,355.695,11.9584,24.4458,96.52,58.79
69,41,1,355.74,11.9741,24.4011,96.44,59.39
70,41,1,355.802,12.0205,24.2655,96.95,58.88
71,41,1,355.588,11.9413,24.6292,94.48,58.52
72,41,1,355.6,11.9404,24.5462,94,59.32
73,41,1,355.741,11.9392,24.3387,96.28,59.15
74,41,1,355.55,11.9424,24.4983,96.06,58.91
75,41,1,355.508,11.938,24.6708,94.4,58.68
76,41,1,355.645,11.9181,24.5283,93.44,59.56
77,41,1,355.54,11.9499,24.5698,96.04,58.77
78,41,1,355.428,11.9617,24.6515,95.62,58.55
79,41,1,355.613,11.9467,24.4205,97.27,58.63
80,41,1,355.706,11.9316,24.4433,96,58.94
81,41,1,355.543,12.0186,24.5697,97.15,58.65
82,41,1,355.602,11.9367,24.5978,93.14,58.66
83,41,1,355.547,11.9438,24.5624,96.32,58.68
84,41,1,355.724,11.9435,24.4071,94.85,58.96
85,41,1,355.609,11.9522,24.4873,94.64,59.07
86,41,1,355.633,11.9924,24.4557,97.02,59.16
87,41,1,355.369,12.0098,24.7168,96.82,58.76
88,41,0,0,0,0,0,55.37
89,41,1,128.015,39.4313,38.3892,96.21,54.77
90,41,1,128.043,39.3994,38.3702,96.47,55.98
91,41,1,128.097,39.3857,38.3268,94.73,56.41
92,41,1,128.046,39.3985,38.3662,97.05,55.19
93,41,1,128.029,39.4094,38.3519,95.88,55.34
94,41,1,128.142,39.3953,38.3321,97.21,57.26
95,41,1,128.157,39.3455,38.3622,97.53,56.45
96,41,1,127.992,39.3972,38.4612,93.41,56.8
97,41,1,128.146,39.3825,38.3507,94.87,56.17
98,41,1,128.063,39.3983,38.369,95,56.38
99,41,1,128.074,39.4073,38.3402,95.43,56.37
100,41,1,128.052,39.382,38.3596,95.69,56.58
101,41,1,128.249,39.3792,38.2601,93.95,54.13
102,41,0,0,0,0,0,55.24
103,41,1,355.214,12.0158,24.929,98.61,57.61
104,41,1,355.148,11.9563,24.9923,95.45,58.01
105,41,1,355.357,11.932,24.7249,95.72,59.13
106,41,1,355.204,11.969,24.8854,94.99,58.4
107,41,1,355.351,11.9565,24.7584,95.41,59.05
108,41,1,355.272,11.9424,24.8433,96.8,58.65
109,41,1,355.339,11.9818,24.6815,96.3,59.19
110,41,1,355.259,11.9291,24.8228,95.98,59.21
111,41,1,355.353,11.9227,24.7021,95.77,59.23
112,41,1,355.195,11.9672,24.9097,95.12,58.93
113,41,1,355.281,11.9331,24.8071,95.46,59.26
114,41,1,355.035,11.9573,25.047,94.9,58.27
115,41,1,355.284,11.9244,24.8198,96.22,60.05
116,41,1,355.252,11.9257,24.8442,96.86,58.07
117,41,1,355.205,11.9401,24.8533,96.89,59.45
118,41,1,355.285,11.9324,24.7616,95.86,58.45
119,41,1,355.273,11.9283,24.7793,97.11,59.43
120,41,1,355.198,11.9339,24.8635,96.96,59.42
121,41,1,355.172,11.963,24.9489,95.21,58.41
122,41,1,355.346,11.9437,24.7145,96.38,59.2
123,41,1,355.329,11.9144,24.7691,97.08,59.7
124,41,1,355.286,12.0067,24.7246,95.37,58.9
125,41,1,355.254,12.0214,24.7387,95.35,58.89
126,41,1,355.16,11.9717,24.8451,95.48,59.07
127,41,1,355.091,11.9328,25.1248,95.15,58.92
128,41,1,355.117,11.9376,25.0799,93.26,58.96
129,41,1,355.154,11.9493,24.9039,95.68,59.27
130,41,1,355.223,11.9299,24.8661,92.69,59.3
131,41,1,355.196,11.9307,24.9355,94.92,59.94
132,41,1,355.002,11.9562,25.0307,95.89,58.78
133,41,1,355.112,11.9313,24.9156,94.83,59.74
134,41,1,355.096,11.9644,24.935,93.43,59.28
135,41,1,354.987,11.9557,25.1116,94.74,59.12
136,41,1,354.967,11.9263,25.1834,95.59,59.25
137,41,1,354.96,11.948,25.0708,96.27,59.8
138,41,1,355.08,11.9656,25.0763,95.09,59.61
139,41,1,355.053,11.943,25.0159,95.51,59.31
140,41,1,354.998,11.9428,24.9799,95.21,59.43
141,41,1,354.941,11.9432,25.1413,96.04,59.09
142,41,1,355.051,11.9641,24.9671,96.64,58.32
143,41,1,354.947,11.9822,25.1393,94.37,58.87
144,41,0,0,0,0,0,55.23
145,41,1,236.856,41.6459,12.2975,92.99,54.2
146,41,1,236.88,41.5932,12.2993,94.83,54.52
147,41,1,236.843,41.6315,12.2976,93.61,54.77
148,41,1,236.859,41.6269,12.2754,95.21,54.55
149,41,1,236.872,41.5853,12.2866,95.15,55.36
150,41,1,236.878,41.6146,12.2978,92.71,55.31
151,41,1,236.794,41.6291,12.2396,95.69,54.95
152,41,1,236.794,41.6159,12.3213,92.95,54.59
153,41,1,236.853,41.5947,12.2992,96.55,55.68
154,41,1,236.88,41.6683,12.2069,94.32,55.34
155,41,1,236.748,41.6223,12.3341,94.41,55.25
156,41,1,236.782,41.6289,12.277,94.06,55.64
157,41,1,236.835,41.661,12.1931,93.08,55.31
158,41,1,236.92,41.6676,12.2807,94.15,55.09
159,41,1,236.808,41.6756,12.3156,93.35,55.56
160,41,1,236.758,41.612,12.316,96.52,55.23
161,41,1,236.813,41.6596,12.3141,96.04,54.46
162,41,1,236.788,41.6468,12.2667,92.75,55.07
163,41,1,236.939,41.6635,12.2517,94.9,54.85
164,41,1,236.85,41.6856,12.2721,91.71,54.86
165,41,1,236.902,41.6903,12.2466,92.49,54.49
166,41,1,236.847,41.66,12.2828,91.55,55.03
167,41,1,236.821,41.6611,12.3065,94.76,55.14
168,41,1,236.927,41.6508,12.2806,93.63,54.88
169,41,1,236.84,41.7,12.199,94.89,55.11
170,41,1,236.826,41.6454,12.2973,95.87,55.21
171,41,1,236.832,41.6549,12.2911,93.82,55.6
172,41,1,236.804,41.6741,12.2625,91.99,55.25
173,41,1,236.867,41.6981,12.2425,93.36,55.81
174,41,1,236.711,41.6655,12.2666,94.34,55.07
175,41,1,236.772,41.6711,12.2453,96.11,54.82
176,41,1,236.992,41.6915,12.1714,91.12,55.22
177,41,1,236.959,41.7187,12.1532,93.31,55.04
178,41,1,236.836,41.6791,12.2363,93.07,54.35
179,41,1,236.719,41.6729,12.2789,93.88,55.61
180,41,1,236.924,41.706,12.157,93.17,55.08
181,41,1,236.826,41.694,12.2236,92,54.2
182,41,1,236.781,41.6975,12.2911,93.09,55.05
183,41,1,236.934,41.7207,12.16,94.22,55.11
184,41,1,236.913,41.7119,12.2322,93.78,54.82
185,41,1,236.831,41.6624,12.2791,95.05,55.02
186,41,1,236.851,41.738,12.1668,93.5,55.25
187,41,1,236.839,41.705,12.2236,93.3,55.03
188,41,1,236.82,41.6877,12.2996,93.03,54.3
189,41,1,236.83,41.7172,12.2338,91.74,55.28
190,41,1,236.929,41.7233,12.1693,92.55,55.53
191,41,1,236.9,41.7056,12.219,93.6,55.08
192,41,1,236.89,41.7257,12.2688,96.38,54.56
193,41,1,236.737,41.7047,12.3229,92.74,54.1
194,41,1,236.742,41.7286,12.2764,93.33,54.01
195,41,1,236.846,41.7639,12.2812,94.46,54.32
196,41,1,236.739,41.789,12.3217,93.67,54.26
197,41,1,236.869,41.7587,12.2833,94.54,54.74
198,41,1,236.87,41.841,12.2674,91.8,53.11
199,41,2,62.9062,9.69796,56.131,56.61,54.57
200,41,1,61.251,10.038,58.0989,89.08,57.96
201,41,1,61.313,9.98566,58.149,87.47,59.41
202,41,1,61.3918,9.96957,58.0195,89.82,58.45
203,41,1,61.4388,9.95569,58.0157,90.52,58.02
204,41,1,61.3654,9.96903,58.0945,92.13,58.06
205,41,1,59.5447,9.94124,59.9492,84.94,59.5
206,41,1,61.4532,9.95407,58.0154,90.03,59.3
207,41,1,61.3066,9.96918,58.1373,87.13,59.06
208,41,1,61.2112,9.96949,58.1966,89.55,58.95
209,41,1,61.1573,10.0097,58.2397,87.81,58.69
210,41,1,61.6585,9.9363,57.8498,83.64,60.07
211,41,1,61.3156,9.94154,58.121,90.95,59.43
212,41,1,61.3508,9.9501,58.0514,89.73,59.08
213,41,1,60.9831,9.97002,58.4077,91.3,58.95
214,41,1,61.2019,9.92506,58.2476,87.19,59.7
215,41,1,61.35,9.93852,58.0098,92.23,58.45
216,41,1,61.3075,9.96579,58.0274,89.48,59.82
217,41,1,61.4782,9.93541,57.9824,89.7,60.4
218,41,1,61.1295,9.92508,58.2975,90.77,58.67
219,41,1,60.2936,10.0321,58.9871,72.96,55.43
220,41,1,221.751,33.9962,38.6472,82,55.28
221,41,0,0,0,0,0,52.84
222,41,1,342.822,21.525,66.7179,92.75,56.48
223,41,1,342.645,21.3822,66.7705,92.14,56.5
224,41,1,342.636,21.3578,66.8191,92.9,56.89
225,41,1,167.898,26.9045,24.022,84.44,56.13
226,41,1,168.017,26.926,23.9677,94.31,58.38
227,41,1,168.111,26.8519,24.029,92.24,58.25
228,41,1,167.946,26.8141,24.0617,96,58.79
229,41,1,168.055,26.8584,24.0295,92.83,58.81
230,41,1,168.094,26.8174,23.971,95.42,58
231,41,1,168.118,26.8908,23.8648,93.5,58.93
232,41,1,168.201,26.8482,23.9334,93.28,57.93
233,41,1,168.149,26.9475,23.8403,93.48,58.29
234,41,1,168.009,26.8429,23.9965,95.35,59.04
235,41,1,168.283,26.943,23.7738,91.52,59.68
236,41,1,168.036,26.8403,24.0011,95.75,58.83
237,41,1,168.092,26.9105,23.8617,92.24,59.25
238,41,1,168.202,26.9163,23.7906,91.64,59.05
239,41,1,167.984,26.886,23.9234,91.84,58.23
240,41,1,168.153,26.8846,23.827,91.34,58.64
241,41,1,168.156,26.8423,23.8927,93.77,58.48
242,41,1,168.177,26.8467,23.8797,94.82,58.9
243,41,1,168.277,26.9349,23.7158,91.67,59.15
244,41,1,168.242,26.9571,23.7833,92.62,59.72
245,41,1,168.265,26.9214,23.6925,92.1,59.84
246,41,1,168.397,26.9419,23.6161,93.72,59.32
247,41,1,168.174,26.8273,23.8667,94.12,58.95
248,41,1,168.215,26.8651,23.868,94.06,58.58
249,41,1,168.157,26.9179,23.7994,92.95,59.06
250,41,1,168.083,26.7888,23.9507,96.07,59.28
251,41,1,168.03,26.7795,23.9739,95.77,59.29
252,41,1,168.056,26.8035,23.9999,92.13,53.39
253,41,0,0,0,0,0,39.16
254,41,0,0,0,0,0,35.97
255,41,2,133.211,33.3773,69.9141,22.59,34.58
0,42,0,0,0,0,0,58.42
1,42,0,0,0,0,0,37.11
2,42,0,0,0,0,0,37.72
3,42,0,0,0,0,0,36.38
4,42,1,131.357,33.356,81.0274,86.3,39.14
5,42,1,131.137,33.3058,81.0959,92.63,54.03
6,42,1,131.177,33.2911,81.0606,91.11,56.29
7,42,1,131.321,33.3034,81.007,95.77,57.18
8,42,1,131.314,33.2837,80.9846,93.08,56.01
9,42,1,131.361,33.2875,80.9462,93.62,56.44
10,42,1,131.339,33.2921,81.0077,92.66,56.81
11,42,1,131.292,33.2795,81.0276,91.48,56.65
12,42,1,131.41,33.2537,80.9461,93.74,55.66
13,42,1,131.252,33.2597,81.0261,92.97,56.33
14,42,1,131.322,33.273,80.9876,91.32,56.75
15,42,1,131.298,33.2505,81.0106,93.17,56.47
16,42,1,131.304,33.242,80.9731,90.87,56.59
17,42,1,131.345,33.2753,80.9569,92.86,56.59
18,42,1,131.388,33.2655,80.9455,93.16,57.12
19,42,1,131.318,33.2688,80.9916,92.8,57
20,42,1,131.198,33.2688,81.0283,93.02,56.85
21,42,1,131.35,33.2631,80.9537,93.76,56.43
22,42,1,131.275,33.2825,81.0034,93.06,57.7
23,42,1,131.233,33.2686,81.006,93.04,56.77
24,42,1,131.27,33.2541,80.9849,93.08,56.67
25,42,1,131.39,33.2501,80.9461,93.11,57.49
26,42,1,131.406,33.219,80.9281,92.25,56.33
27,42,1,131.212,33.3211,81.0551,92.97,56.75
28,42,1,131.375,33.2752,80.9404,91.53,56.89
29,42,1,131.309,33.2458,80.971,92.94,56.7
30,42,1,131.297,33.215,80.9779,95.48,54.13
31,42,0,0,0,0,0,51.41
32,42,1,355.397,18.6106,85.9342,92.2,51.69
33,42,1,355.424,18.6898,85.8307,91.7,51.3
34,42,1,355.266,18.6463,86.0346,89.41,52.22
35,42,1,355.501,18.6312,85.8451,95.28,50.53
36,42,1,355.231,18.6732,86.0856,94.69,52.4
37,42,1,355.313,18.6499,85.9657,92.12,52.59
38,42,1,355.521,18.6119,85.6447,92.58,52.69
39,42,1,355.473,18.6485,85.6871,90.95,52.45
40,42,1,355.222,18.6952,86.125,90.94,51.4
41,42,1,355.643,18.5604,85.6433,85.69,51.1
42,42,1,356.116,11.9394,23.9056,94.57,54.71
43,42,1,356.154,11.9383,23.9183,94.92,57.93
44,42,1,355.873,11.9287,24.341,95.43,56.52
45,42,1,355.942,11.9222,24.2033,93.63,57.04
46,42,1,355.937,11.9206,24.2167,94.03,57.73
47,42,1,355.84,11.9294,24.2596,94.32,58.75
48,42,1,355.949,11.9261,24.1382,95.99,58.36
49,42,1,355.795,11.9247,24.3236,96.51,58.67
50,42,1,355.952,11.926,24.0725,95.31,58.3
51,42,1,355.962,11.9266,24.1434,96.64,58.9
52,42,1,356.015,11.9548,24.1003,96.69,58.81
53,42,1,355.883,11.9454,24.2414,96.73,59.45
54,42,1,355.821,11.9995,24.3717,96.03,58.72
55,42,1,355.726,11.9597,24.3831,96,58.19
56,42,1,355.768,11.9439,24.4014,95.97,58.74
57,42,1,355.799,11.9299,24.2399,96.31,58.29
58,42,1,355.617,11.9608,24.5056,95.59,58.81
59,42,1,355.762,12.0016,24.3214,95.43,59.13
60,42,1,355.69,12.0173,24.4442,96.14,58.86
61,42,1,355.67,11.9354,24.5857,95.15,58.97
62,42,1,355.716,11.9358,24.3537,95.64,58.74
63,42,1,355.637,11.9348,24.475,95.78,59.16
64,42,1,355.785,11.9428,24.3177,96.29,58.55
65,42,1,355.618,11.9385,24.4585,95.26,58.62
66,42,1,355.642,11.942,24.4545,94.2,58.31
67,42,1,355.878,11.98,24.1495,96.87,59.12
68,42,1,355.668,12.0197,24.5011,96.25,59.26
69,42,1,355.58,11.9464,24.5832,92.22,59.36
70,42,1,355.629,11.9372,24.5014,96.18,58.73
71,42,1,355.787,11.9833,24.3272,96.36,59.61
72,42,1,355.755,11.9567,24.3199,96.13,58.59
73,42,1,355.779,12.0108,24.2153,95.61,58.45
74,42,1,355.65,11.9397,24.5333,93.58,58.92
75,42,1,355.744,11.9467,24.4383,94.68,59.12
76,42,1,355.622,12.0027,24.4024,96.37,59.26
77,42,1,355.333,11.9669,24.7791,94.48,58.69
78,42,1,355.506,11.935,24.6901,94.48,58.69
79,42,1,355.592,11.9452,24.5397,96.16,58.75
80,42,1,355.7,11.9431,24.4687,95.73,59.57
81,42,1,355.613,12.0562,24.5504,96.47,59.18
82,42,1,355.373,12.0659,24.6738,96.14,58.85
83,42,1,355.652,12.0184,24.4377,96.95,59.56
84,42,1,355.592,11.9311,24.4642,93.65,59.88
85,42,1,355.495,11.9708,24.5993,96.19,58.97
86,42,1,355.477,11.9308,24.6417,96.6,58.9
87,42,1,355.43,11.918,24.775,84.85,55.97
88,42,1,127.985,39.4641,38.4552,87.08,53.82
89,42,1,128.103,39.4156,38.3564,93.99,55.92
90,42,1,128.153,39.4193,38.3084,95.18,55.57
91,42,1,128.164,39.3978,38.3357,95.11,55.67
92,42,1,128.104,39.4078,38.3676,94.63,55.63
93,42,1,128.138,39.3891,38.3435,94.66,55.69
94,42,1,128.083,39.3964,38.3652,94.41,56.17
95,42,1,128.171,39.4047,38.305,97.11,56.58
96,42,1,128.239,39.3643,38.323,94.19,55.77
97,42,1,128.255,39.395,38.2713,95.73,56.46
98,42,1,128.122,39.3968,38.364,96.48,56.26
99,42,1,128.081,39.3825,38.3921,93.23,56.28
100,42,1,128.132,39.3714,38.3378,94.24,55.24
101,42,0,0,0,0,0,54.27
102,42,1,355.379,11.9671,24.7124,94.16,56.87
103,42,1,355.311,11.9331,24.8053,95.96,57.75
104,42,1,355.345,11.9457,24.7197,97.19,58.25
105,42,1,355.227,11.9925,24.8406,97.44,58.26
106,42,1,355.343,11.9458,24.6863,95.99,59.02
107,42,1,355.227,11.9359,24.7877,94.14,58.19
108,42,1,355.249,11.9369,24.815,95.55,58.52
109,42,1,355.453,11.9799,24.5545,96.56,58.55
110,42,1,355.544,11.9879,24.5899,95.98,59.71
111,42,1,355.302,11.9265,24.8515,94.55,59.58
112,42,1,355.438,11.9382,24.6342,97.12,59.08
113,42,1,355.129,11.9631,24.9568,96.1,58.2
114,42,1,355.131,11.9473,24.9004,96.98,58.49
115,42,1,355.128,11.9432,24.8539,96.24,58.83
116,42,1,355.382,11.9439,24.6972,95.59,59.28
117,42,1,355.285,11.9987,24.8151,95.21,59.11
118,42,1,355.294,11.9343,24.7453,96.18,58.98
119,42,1,355.809,11.7839,24.4241,87.43,59.24
120,42,1,355.137,11.9113,24.9662,96.34,59.55
121,42,1,355.333,11.9695,24.6869,96.56,58.66
122,42,1,355.061,11.9352,25.0495,95.6,59.15
123,42,1,355.196,11.9387,24.9371,95.86,58.77
124,42,1,355.18,11.9363,24.859,96.43,59.9
125,42,1,355.103,11.9481,24.8982,94.44,58.61
126,42,1,355.078,11.9361,25.0511,95.95,59.68
127,42,1,354.96,12.031,25.1986,96.87,59.98
128,42,1,355.079,12.0241,25.0675,96.86,59.4
129,42,1,355.058,11.9303,25.0352,95.12,59.02
130,42,1,354.949,11.9466,25.0804,95.63,58.89
131,42,1,355.049,11.9294,25.0196,95.07,59.73
132,42,1,354.975,11.941,25.0737,95.78,58.48
133,42,1,355.012,11.9385,25.1465,96.65,58.75
134,42,1,355.07,11.9311,25.0193,95.62,59.03
135,42,1,355.074,11.9387,25.0685,97.03,59.06
136,42,1,354.974,11.9165,25.1227,94.32,59.32
137,42,1,355.191,12.0082,24.9406,97.44,59.39
138,42,1,355.042,12.025,24.9953,95.45,59.14
139,42,1,354.985,11.9484,25.1005,96.64,58.9
140,42,1,354.944,11.961,25.1354,95.24,59.17
141,42,1,354.925,11.9417,25.1641,94.84,59.56
142,42,1,354.928,11.9526,25.1205,95.68,59.16
143,42,1,354.804,12.0143,25.3052,96.41,58.29
144,42,0,0,0,0,0,55.15
145,42,1,236.863,41.6486,12.2853,94.99,53.22
146,42,1,236.881,41.6416,12.3009,94.75,55.96
147,42,1,236.885,41.6268,12.2595,94.4,54.72
148,42,1,236.924,41.642,12.2119,92.5,54.27
149,42,1,236.862,41.6063,12.31,94.76,54.97
150,42,1,236.785,41.6248,12.3042,94.39,54.51
151,42,1,236.872,41.6178,12.297,94.25,53.59
152,42,1,236.798,41.6126,12.3271,95.13,54.68
153,42,1,236.843,41.6359,12.3067,95.04,55.69
154,42,1,236.872,41.6438,12.3161,95.72,54.99
155,42,1,236.904,41.6502,12.2421,94.63,54.45
156,42,1,236.833,41.6255,12.2816,93.04,55.17
157,42,1,236.828,41.6105,12.305,95.4,55.38
158,42,1,236.916,41.6556,12.1862,94.63,54.35
159,42,1,236.812,41.6617,12.2835,94.79,54.85
160,42,1,236.955,41.6646,12.2196,94.05,55.04
161,42,1,236.921,41.644,12.264,92.66,55.24
162,42,1,236.843,41.6454,12.2613,94.79,55
163,42,1,236.733,41.6541,12.293,92.49,55.47
164,42,1,236.844,41.6922,12.2513,94.65,55.5
165,42,1,236.883,41.6741,12.2006,93.91,55.47
166,42,1,236.918,41.7102,12.1895,94.36,55.77
167,42,1,236.862,41.6942,12.2472,96.93,55.7
168,42,1,236.906,41.6824,12.2183,94.2,55.47
169,42,1,236.862,41.6857,12.2535,93.21,54.87
170,42,1,236.88,41.7281,12.153,92.82,55.59
171,42,1,236.801,41.6862,12.2622,92.18,54.56
172,42,1,236.807,41.7,12.2744,94.89,55.57
173,42,1,236.859,41.6728,12.2582,94.15,55.22
174,42,1,236.802,41.6925,12.2837,92.5,54.4
175,42,1,236.856,41.6975,12.2915,92.37,54.51
176,42,1,236.915,41.7226,12.1641,91.17,55.68
177,42,1,236.826,41.6989,12.2786,94.17,54.9
178,42,1,236.833,41.6962,12.2687,93.8,54.65
179,42,1,236.903,41.7175,12.2253,94.32,54.68
180,42,1,236.819,41.6877,12.2603,94.75,55.63
181,42,1,236.748,41.7007,12.3134,93.85,55.52
182,42,1,236.91,41.7333,12.2225,91.92,55.69
183,42,1,236.906,41.735,12.2277,93.35,55.18
184,42,1,236.788,41.6949,12.2534,92.1,54.87
185,42,1,236.894,41.7167,12.2212,94.94,56.06
186,42,1,236.83,41.731,12.2554,92.85,55.18
187,42,1,236.849,41.7012,12.2281,94.72,55.71
188,42,1,236.759,41.6949,12.2985,92.51,55.18
189,42,1,236.857,41.7064,12.2811,96.36,54.62
190,42,1,236.716,41.6818,12.2827,92.22,54.66
191,42,1,236.88,41.7192,12.2706,94.16,55.02
192,42,1,236.798,41.7111,12.2838,92.69,55.01
193,42,1,236.842,41.7049,12.3,94.8,55.48
194,42,1,236.691,41.7395,12.2946,91.58,54.96
195,42,1,236.822,41.8126,12.2359,90.25,54.23
196,42,1,236.862,41.8264,12.2827,93.42,53.59
197,42,1,236.786,41.7966,12.2693,91.12,53.12
198,42,0,0,0,0,0,53.36
199,42,1,61.3002,9.97994,58.1037,87.8,57.64
200,42,1,61.3383,9.99693,58.0428,88.32,58.19
201,42,1,60.9482,9.99307,58.4129,89.26,59.37
202,42,1,61.0103,9.97912,58.4884,89.69,59.27
203,42,1,61.134,9.98003,58.2622,92.33,58.85
204,42,1,61.3403,9.98603,58.0307,90.14,59.6
205,42,1,61.3471,9.96064,58.0969,90.75,59.04
206,42,1,61.1507,9.97504,58.2554,89.3,59.37
207,42,1,60.5912,10.0011,58.8734,88.77,59.07
208,42,1,61.2769,9.96943,58.1083,88.42,58.85
209,42,1,61.2603,9.95481,58.1575,89.93,59.26
210,42,1,61.4138,9.91354,58.1037,93.61,60.28
211,42,1,61.296,9.94262,58.0649,89.11,59.34
212,42,1,61.0099,9.9844,58.313,91.74,59.05
213,42,1,61.2758,9.94921,58.1443,89.04,59.4
214,42,1,61.1755,9.90744,58.3989,92.42,59.43
215,42,1,61.3522,9.93238,58.0597,92.88,59.03
216,42,1,61.1799,9.93164,58.2708,88.16,59.46
217,42,1,59.4498,10.1227,60.0854,86.59,59.79
218,42,1,61.3451,9.92335,58.1004,90.91,59.56
219,42,1,61.235,9.91714,58.1707,91.19,58.25
220,42,0,0,0,0,0,54.77
221,42,1,221.79,34.0132,38.6169,85.17,53.99
222,42,1,342.731,21.4074,66.6979,91.3,54.42
223,42,1,342.769,21.4912,66.6836,91.12,56.57
224,42,1,342.793,21.4691,66.8126,91.82,55.91
225,42,1,168.037,26.9098,23.9888,93.75,54.77
226,42,1,168.022,26.9026,23.9824,92.7,58.91
227,42,1,167.972,26.8978,23.999,92.77,58.57
228,42,1,167.867,26.8677,24.0597,90.98,57.91
229,42,1,167.989,26.8226,24.0729,95.42,57.92
230,42,1,168.024,26.9034,23.9283,90.01,58.24
231,42,1,168.043,26.8502,23.9942,94.29,58.41
232,42,1,168.181,26.936,23.959,92.65,59.83
233,42,1,168.065,26.9532,23.948,91.88,59.04
234,42,1,168.099,26.841,23.9681,95.66,58.51
235,42,1,168.113,26.8545,23.9422,94.96,59.32
236,42,1,168.058,26.851,23.9749,93,58.61
237,42,1,168.074,26.8549,23.9536,94.91,59.15
238,42,1,168.184,26.9511,23.8201,93.23,59.66
239,42,1,168.046,26.9042,23.8718,93.18,58.65
240,42,1,168.042,26.8792,23.9066,93.45,59.65
241,42,1,168.169,26.8361,23.8745,94.66,58.8
242,42,1,168.156,26.8487,23.8574,93.1,58.63
243,42,1,168.165,26.8357,23.8789,96.19,58.24
244,42,1,168.18,26.9291,23.7702,90.8,58.76
245,42,1,168.105,26.8117,23.8975,95.69,58.79
246,42,1,168.197,26.9119,23.7704,90.6,58.89
247,42,1,168.11,26.8333,23.9021,95.83,58.78
248,42,1,168.143,26.8222,23.9007,95.7,58.78
249,42,1,168.131,26.9242,23.8359,92.9,58.96
250,42,1,167.963,26.8331,24.0723,95.25,58.72
251,42,1,167.87,26.8176,24.143,94.05,58.4
252,42,1,168.159,26.7953,23.9149,94.56,51.98
253,42,0,0,0,0,0,37.9
254,42,1,63.392,50.3859,34.4973,45.31,34.67
255,42,0,0,0,0,0,34.45
0,43,0,0,0,0,0,36.47
1,43,0,0,0,0,0,37.48
2,43,0,0,0,0,0,37.1
3,43,0,0,0,0,0,36.76
4,43,1,131.47,33.488,80.8415,88.4,39.66
5,43,1,131.264,33.3246,81.0127,91.98,53.78
6,43,1,131.221,33.2902,81.052,93.1,55.32
7,43,1,131.23,33.2707,81.0608,91.23,55.64
8,43,1,131.222,33.2784,81.0472,92.44,56.09
9,43,1,131.145,33.3098,81.0683,89.71,57.32
10,43,1,131.411,33.2153,80.9965,93.14,56.3
11,43,1,131.288,33.2963,80.9729,94.79,56.39
12,43,1,131.24,33.2614,81.0436,92.04,56.68
13,43,1,131.337,33.2558,80.9826,91.36,57.06
14,43,1,131.33,33.2658,80.9827,94.34,55.46
15,43,1,131.28,33.305,81.0015,92.82,57.14
16,43,1,131.363,33.2652,80.9877,92.9,56.21
17,43,1,131.216,33.3076,80.9998,92.86,56.37
18,43,1,131.302,33.2874,80.9936,91.93,56.98
19,43,1,131.346,33.2721,80.955,92.5,57.41
20,43,1,131.297,33.3382,81.0801,93.23,56.87
21,43,1,131.33,33.239,80.9727,93.29,56.42
22,43,1,131.322,33.2412,80.9732,92.73,56.41
23,43,1,131.268,33.2663,80.982,93.17,57.33
24,43,1,131.354,33.2529,80.962,91.71,56.45
25,43,1,131.411,33.2859,80.9432,93.28,57.39
26,43,1,131.315,33.2757,80.972,92.29,56.49
27,43,1,131.333,33.2957,80.9517,92.11,57.09
28,43,1,131.356,33.2946,80.9459,91.51,57.4
29,43,1,131.303,33.2339,80.9461,93.62,55.71
30,43,0,0,0,0,0,52.68
31,43,1,355.418,18.6872,85.9627,93.4,52.04
32,43,1,355.558,18.6317,85.74,94.67,51.98
33,43,1,355.453,18.6471,85.855,97.12,51.74
34,43,1,355.303,18.6304,85.9742,90.59,51.45
35,43,1,355.429,18.6522,85.9463,88.84,51.77
36,43,1,355.534,18.6617,85.6726,92.79,52.59
37,43,1,355.588,18.6294,85.7084,92.44,51
38,43,1,355.461,18.6381,85.8996,94.6,52.26
39,43,1,355.676,18.6519,85.6148,94.37,53.06
40,43,1,355.13,18.6788,86.0897,88.17,51.29
41,43,0,0,0,0,0,53.48
42,43,1,356.035,11.9455,24.0245,95.24,57.44
43,43,1,356.306,11.9393,23.7814,96.03,58.77
44,43,1,356.28,11.9139,23.9009,92.65,58.98
45,43,1,355.99,11.93,24.0576,95.26,58.27
46,43,1,355.795,11.9057,24.2243,95.66,58.56
47,43,1,355.828,11.935,24.2661,96.69,57.9
48,43,1,355.818,11.9007,24.2904,94.91,58.32
49,43,1,355.774,11.9268,24.431,93.47,59.39
50,43,1,356.039,12.008,23.9683,97.07,58.9
51,43,1,355.821,11.9247,24.3774,93.65,58.72
52,43,1,355.73,11.9438,24.3496,95.17,59.1
53,43,1,355.813,11.9452,24.3504,95.79,58.96
54,43,1,355.681,11.9605,24.3464,95.64,59.19
55,43,1,355.736,11.9403,24.3823,95.95,59.57
56,43,1,355.797,11.9283,24.2864,96.36,58.35
57,43,1,355.767,11.9393,24.3698,95.92,58.84
58,43,1,355.792,11.9327,24.2489,96.38,59.08
59,43,1,355.808,11.9526,24.2754,96.78,59.35
60,43,1,356.084,11.9368,23.998,96.65,58.94
61,43,1,355.698,11.9357,24.4173,96.44,58.86
62,43,1,355.776,11.9402,24.2816,95.67,58.77
63,43,1,355.633,11.9248,24.4608,95.73,58.15
64,43,1,355.792,11.9407,24.2545,96.06,59.01
65,43,1,355.842,11.922,24.2765,94.61,58.35
66,43,1,355.634,11.9327,24.4955,94.89,59.54
67,43,1,355.725,11.9244,24.3627,96.45,58.54
68,43,1,355.912,12.0365,24.2395,96.76,59.53
69,43,1,355.555,11.9852,24.5552,94.96,58.91
70,43,1,355.767,11.9248,24.3859,97.1,59.34
71,43,1,355.742,11.9167,24.366,95.36,58.37
72,43,1,355.662,11.9366,24.379,95.75,58.42
73,43,1,355.643,11.9415,24.4283,96.14,59.4
74,43,1,355.756,11.9477,24.2904,96.54,58.98
75,43,1,355.442,11.9494,24.7264,96.68,58.6
76,43,1,355.563,11.9446,24.5478,94.93,59.4
77,43,1,355.62,11.9537,24.4863,95.78,58.8
78,43,1,355.801,11.9564,24.2828,96.69,58.86
79,43,1,355.811,11.9328,24.3342,96.78,58.51
80,43,1,355.675,12.0084,24.4166,96.87,58.37
81,43,1,355.7,11.9812,24.421,96.48,58
82,43,1,355.614,11.9998,24.5637,96.7,59.13
83,43,1,355.42,12.1164,24.6933,89.69,59.34
84,43,1,355.615,11.9266,24.5132,96.73,58.51
85,43,1,355.572,11.9572,24.5661,95.18,58.38
86,43,1,355.285,11.9493,24.8042,95.44,57.82
87,43,0,0,0,0,0,54.44
88,43,1,127.997,39.379,38.4415,94.52,54.93
89,43,1,128.112,39.3987,38.3508,95.84,55.86
90,43,1,128.19,39.3752,38.3164,98.09,56.01
91,43,1,128.214,39.3754,38.287,96.21,56.23
92,43,1,128.13,39.3978,38.3241,94.34,55.66
93,43,1,128.193,39.3688,38.3163,96.25,56.61
94,43,1,128.065,39.3796,38.4393,96.13,56.16
95,43,1,128.195,39.3918,38.3058,96.68,56.65
96,43,1,128.104,39.3513,38.4251,96.89,56.69
97,43,1,128.194,39.3861,38.3429,95.29,56.77
98,43,1,128.207,39.3942,38.3028,96.98,55.92
99,43,1,128.111,39.3717,38.4077,96.28,55.96
100,43,1,128.226,39.3573,38.3074,85.14,54.87
101,43,0,0,0,0,0,55.65
102,43,1,355.238,12.014,24.8218,96.28,58.2
103,43,1,355.354,11.9213,24.8343,94.21,58.07
104,43,1,355.356,11.9349,24.744,96.03,58.58
105,43,1,355.478,11.935,24.6458,95.64,59.48
106,43,1,355.357,11.933,24.7165,95.64,58.78
107,43,1,355.271,11.933,24.8066,95.33,58.91
108,43,1,355.359,11.9541,24.7072,97.53,58.23
109,43,1,355.283,11.9374,24.8148,95.9,59.46
110,43,1,355.287,11.9175,24.9892,95.44,59.49
111,43,1,355.407,12.016,24.6801,96.79,59.05
112,43,1,355.28,11.9115,24.802,95.66,59.04
113,43,1,355.22,11.9295,24.7589,93.91,58.74
114,43,1,355.187,11.9208,24.8862,94.99,59.63
115,43,1,355.304,11.9099,24.7658,95.19,59.48
116,43,1,355.32,11.9523,24.6278,93.86,59.21
117,43,1,355.095,11.9358,24.9978,95.32,58.35
118,43,1,355.177,11.9292,24.9117,95.54,58.71
119,43,1,355.241,11.9366,24.8906,97.28,58.85
120,43,1,355.171,11.9378,24.9075,95.4,58.69
121,43,1,355.226,11.9222,24.7902,96.1,58.72
122,43,1,355.152,11.9789,24.8704,95.79,58.16
123,43,1,355.12,11.9242,24.9923,95.72,58.74
124,43,1,355.202,12.0127,24.9129,96.15,59.43
125,43,1,355.125,11.9363,25.0015,95.31,59.13
126,43,1,355.185,11.9281,24.818,95.82,59.39
127,43,1,355.208,12.0181,24.8812,94.41,59.43
128,43,1,355.095,11.9466,25.0669,95.09,59.52
129,43,1,355.177,11.9285,24.8618,95.27,58.55
130,43,1,355.078,11.9274,24.9801,95.56,59.7
131,43,1,354.946,11.9491,25.1735,96.23,58.97
132,43,1,355.073,11.937,25.0166,95.16,59.1
133,43,1,355.255,12.0274,24.7091,95.96,59.43
134,43,1,355.058,11.9315,25.025,93.73,59.27
135,43,1,355.166,11.9269,24.8718,96.52,59.47
136,43,1,355.068,11.9171,24.9434,96.36,59.15
137,43,1,354.977,11.9837,25.0877,96.63,58.74
138,43,1,355.035,11.954,24.981,96.23,58.74
139,43,1,354.927,11.9437,25.119,96.1,58.78
140,43,1,354.849,11.952,25.2126,94.97,58.83
141,43,1,354.977,11.9479,25.129,95.37,59.66
142,43,1,355.029,11.9366,25.0734,95.82,59.92
143,43,1,354.732,11.918,25.3706,96.24,58.37
144,43,1,354.843,12.0041,25.2316,89.01,56.07
145,43,1,236.939,41.6575,12.282,93.24,53.64
146,43,1,236.893,41.6726,12.2049,90.24,54.08
147,43,1,236.904,41.6371,12.28,93.36,55.14
148,43,1,236.892,41.6437,12.3025,92.18,54.46
149,43,1,236.862,41.647,12.2142,93.36,55.19
150,43,1,236.84,41.6389,12.2524,94.29,55.77
151,43,1,236.902,41.6675,12.2585,94.32,54.96
152,43,1,236.907,41.6402,12.2344,92.86,55.26
153,43,1,236.745,41.6183,12.3207,93.43,55.2
154,43,1,236.784,41.6264,12.3063,93.01,55.41
155,43,1,236.885,41.6373,12.2126,92.17,55.85
156,43,1,236.958,41.6541,12.2198,91.67,55.6
157,43,1,236.768,41.6351,12.3053,95.21,55.57
158,43,1,236.851,41.6649,12.21,94.45,55.11
159,43,1,236.914,41.6825,12.2854,94.81,55.83
160,43,1,236.868,41.6705,12.2763,94.11,54.93
161,43,1,236.663,41.6383,12.348,93.33,54.67
162,43,1,236.767,41.6618,12.2958,94.69,54.92
163,43,1,236.833,41.6369,12.3241,94.6,54.64
164,43,1,236.844,41.6698,12.2836,94.59,54.88
165,43,1,236.803,41.6634,12.2942,94.08,55.01
166,43,1,236.905,41.6898,12.2687,93.79,54.85
167,43,1,236.804,41.6565,12.2903,94.62,54.94
168,43,1,236.811,41.6894,12.2704,93.61,54.64
169,43,1,236.892,41.6756,12.2339,94.37,55.36
170,43,1,236.73,41.669,12.2917,94.39,55.17
171,43,1,236.885,41.7121,12.2027,95.72,54.53
172,43,1,236.798,41.6695,12.3053,92.89,54.99
173,43,1,236.766,41.6857,12.2858,92.42,55.5
174,43,1,236.884,41.6526,12.2549,94.21,55.65
175,43,1,236.904,41.6764,12.2446,93.17,55.16
176,43,1,236.845,41.6827,12.2847,92.62,55.35
177,43,1,236.915,41.7343,12.1537,95.55,55.62
178,43,1,236.868,41.7021,12.2659,94.28,55.66
179,43,1,236.826,41.7034,12.2194,94.44,55.55
180,43,1,236.871,41.7206,12.2584,93.87,55.35
181,43,1,236.794,41.7224,12.2576,91.65,55.72
182,43,1,236.862,41.7096,12.2155,92.89,54.87
183,43,1,236.8,41.7052,12.2885,91.34,55.38
184,43,1,236.782,41.7008,12.2811,93.21,54.77
185,43,1,236.881,41.6655,12.2576,93.94,55.09
186,43,1,236.836,41.7193,12.2846,94.9,55.45
187,43,1,236.858,41.6897,12.2552,93.14,54.87
188,43,1,236.891,41.6903,12.263,94.73,55.85
189,43,1,236.771,41.7009,12.2188,93.35,54.94
190,43,1,236.862,41.6907,12.2751,94.68,55.28
191,43,1,236.846,41.6859,12.2991,96.6,55.76
192,43,1,236.696,41.6989,12.3296,94.35,54.9
193,43,1,236.783,41.718,12.3103,93.62,55.26
194,43,1,236.851,41.7742,12.2449,95.57,54.74
195,43,1,236.947,41.7789,12.2429,93.83,54.8
196,43,1,236.822,41.8188,12.2525,92.21,52.94
197,43,0,0,0,0,0,51.79
198,43,1,61.4187,10.0083,57.9398,88.16,55.06
199,43,1,61.0045,10.0192,58.4617,86.57,57.82
200,43,1,61.4086,9.96744,58.0385,87.99,58.35
201,43,1,61.3712,9.95087,58.1366,91.5,58.73
202,43,1,61.0231,9.99376,58.3385,86.85,58.55
203,43,1,61.3629,9.99039,58.0475,88.2,58.67
204,43,1,62.4949,10.018,57.0639,78.7,59.34
205,43,1,60.8328,10.0198,58.5661,90.38,58.92
206,43,1,61.481,9.96186,57.9191,89.03,59.72
207,43,1,61.1035,9.9565,58.3017,91.46,59.28
208,43,1,60.8672,9.99611,58.4682,88.81,58.81
209,43,1,61.1668,9.92814,58.2661,92.63,59.27
210,43,1,61.4487,9.94131,57.9642,88.75,58.71
211,43,1,61.3753,9.9747,58.0184,80.29,58.46
212,43,1,61.1547,9.92729,58.3729,90.81,59.09
213,43,1,61.3839,9.94203,58.0245,88.22,60.29
214,43,1,61.1867,9.9273,58.2972,90.1,59.55
215,43,1,61.2161,9.9599,58.2031,90.27,59.4
216,43,1,61.2225,9.90988,58.279,93.33,59.51
217,43,1,61.2592,9.91431,58.2209,87.52,59.85
218,43,1,61.2039,9.90738,58.2491,89.32,58.65
219,43,1,61.2136,9.92216,58.177,90.88,59.11
220,43,1,61.0915,9.93496,58.2716,86.61,56.25
221,43,0,0,0,0,0,52.89
222,43,1,342.745,21.3978,66.8035,92.49,53.78
223,43,1,342.536,21.3644,66.963,91.58,58.02
224,43,1,342.696,21.4038,66.7301,91.68,55
225,43,1,168,26.9291,23.9916,93.61,55.65
226,43,1,168.124,26.8584,24.0373,95.4,58.09
227,43,1,168.122,26.8524,24.0143,95.24,58.59
228,43,1,168.148,26.9186,23.917,92.38,58.85
229,43,1,168.006,26.8536,24.0436,91.51,58.83
230,43,1,168.232,26.9401,23.8622,92.84,59.35
231,43,1,168.047,26.8324,23.985,95.86,58.97
232,43,1,168.026,26.8772,24.0209,93.07,58.61
233,43,1,168.048,26.8542,24.0129,94.83,57.89
234,43,1,168.06,26.9297,23.9393,92.46,59.08
235,43,1,168.114,26.9265,23.8603,92.46,58.8
236,43,1,168.18,26.8415,23.9351,95.03,58.25
237,43,1,168.147,26.8228,23.8804,96.71,59.11
238,43,1,168.117,26.8549,23.9466,93.74,58.94
239,43,1,168.137,26.8608,23.9215,94.3,59.35
240,43,1,168.203,26.8573,23.8577,95.37,59.33
241,43,1,168.35,26.9523,23.6557,94.24,59.49
242,43,1,168.088,26.8553,23.9101,95.54,59.31
243,43,1,168.263,26.8436,23.8148,93.82,58.87
244,43,1,168.162,26.8426,23.8849,95.8,59.42
245,43,1,168.226,26.935,23.7864,94.48,59.7
246,43,1,168.177,26.9618,23.8197,91.41,59.54
247,43,1,168.142,26.9108,23.8251,93.43,59.06
248,43,1,168.142,26.8262,23.8838,95.68,59.45
249,43,1,168.009,26.8924,23.9209,92.14,59.18
250,43,1,168.002,26.8737,24.0426,95.37,59.03
251,43,1,168.016,26.8856,24.0614,94.62,58.13
252,43,1,168.142,26.9173,23.9738,93.96,51.09
253,43,0,0,0,0,0,37.34
254,43,0,0,0,0,0,34.69
255,43,0,0,0,0,0,34.46
0,44,0,0,0,0,0,56.08
1,44,0,0,0,0,0,37.24
2,44,0,0,0,0,0,37.43
3,44,0,0,0,0,0,36.62
4,44,1,131.283,33.4488,80.9144,89.07,40.31
5,44,1,131.296,33.323,81.0186,93.87,54.67
6,44,1,131.299,33.2655,81.0403,91.36,55.9
7,44,1,131.194,33.2907,81.0641,93.38,56.44
8,44,1,131.287,33.2836,81.0079,91.75,56.38
9,44,1,131.265,33.2912,80.9872,94.13,56.47
10,44,1,131.25,33.3019,81.039,91.9,56.42
11,44,1,131.282,33.2793,81.0265,95.32,56.41
12,44,1,131.272,33.256,80.9962,94.22,56.8
13,44,1,131.257,33.3103,81.0092,93.62,56.61
14,44,1,131.264,33.2708,81.0114,92.43,56.43
15,44,1,131.183,33.2778,81.0346,91.02,56.94
16,44,1,131.302,33.2853,80.9807,92.87,57.95
17,44,1,131.26,33.2689,81.0161,92.3,56.79
18,44,1,131.203,33.2874,81.0272,93.68,56.59
19,44,1,131.329,33.2999,80.9832,91.58,57.42
20,44,1,131.376,33.2279,80.9457,93.45,56.62
21,44,1,131.347,33.2602,80.951,92.48,57.48
22,44,1,131.282,33.2582,80.986,94.27,57.82
23,44,1,131.334,33.2815,80.9472,91.5,57.04
24,44,1,131.371,33.2693,80.945,93.34,57.31
25,44,1,131.407,33.2724,80.9204,91.98,57.43
26,44,1,131.314,33.2907,80.9769,91.88,56.79
27,44,1,131.325,33.283,80.9742,92.39,57.1
28,44,1,131.484,33.2494,80.91,93,57.13
29,44,1,131.367,33.1811,80.9519,93.12,53.74
30,44,1,355.629,18.6284,85.6893,94.45,51.41
31,44,1,355.241,18.626,85.9649,89.22,50.65
32,44,1,355.128,18.6239,86.0945,93.31,52.08
33,44,1,355.292,18.6399,86.0223,89.55,52.38
34,44,1,355.591,18.5897,85.673,91.99,52.56
35,44,1,355.131,18.6024,86.076,92.34,52.66
36,44,1,355.329,18.6321,85.9876,91.99,51.79
37,44,1,355.54,18.6007,85.7225,93.07,52.99
38,44,1,355.367,18.6661,85.8042,89.05,51.8
39,44,1,355.525,18.6862,85.705,88.33,51.71
40,44,0,0,0,0,0,51.52
41,44,1,355.925,11.9656,24.2015,94.19,55.04
42,44,1,356.008,11.9455,24.1048,95.74,58.32
43,44,1,355.944,11.9428,24.1905,95.82,58.3
44,44,1,355.923,11.9541,24.1755,96.05,58.13
45,44,1,356.027,11.8989,24.0974,96.62,59.6
46,44,1,355.796,11.9552,24.3154,96.66,58.54
47,44,1,355.74,11.9462,24.4044,95.31,58.76
48,44,1,355.9,11.9544,24.1506,95.44,58.41
49,44,1,355.947,11.9321,24.1942,94.96,58.93
50,44,1,355.754,11.9144,24.3347,95.8,57.51
51,44,1,356.01,11.9203,24.0072,96.93,58.41
52,44,1,355.954,11.9064,24.0882,95.88,58.98
53,44,1,356.059,11.941,24.0491,96.48,58.92
54,44,1,356.028,11.9489,24.1048,96.63,58.97
55,44,1,355.701,11.9461,24.388,96.93,58.75
56,44,1,355.75,11.9517,24.3515,97.15,59.01
57,44,1,355.746,11.9322,24.3512,96.71,58.73
58,44,1,355.724,11.949,24.4456,95.58,59.09
59,44,1,355.901,11.9125,24.3115,95.43,58.97
60,44,1,355.746,11.9765,24.389,96.93,59.33
61,44,1,355.685,12.0137,24.3422,95.26,59.74
62,44,1,355.81,11.9269,24.2714,94.41,58.6
63,44,1,355.865,11.9496,24.2474,96.49,58.61
64,44,1,355.733,11.9522,24.4268,95.03,57.89
65,44,1,355.552,11.9873,24.5654,95.45,59.17
66,44,1,355.872,11.9096,24.2817,96.39,59.32
67,44,1,355.776,11.998,24.3014,96.03,59.24
68,44,1,355.799,12.0215,24.3044,98.07,58.96
69,44,1,355.808,11.9411,24.3025,97.45,58.98
70,44,1,355.704,11.9291,24.419,96.47,59.47
71,44,1,355.876,11.9369,24.2371,96.13,59.25
72,44,1,355.627,11.9298,24.485,95.17,59.03
73,44,1,355.645,11.967,24.4711,95.14,58.96
74,44,1,355.722,11.9334,24.3587,96.53,58.69
75,44,1,355.563,11.9478,24.5304,95.05,59.25
76,44,1,355.733,11.9443,24.3546,97.39,59.08
77,44,1,355.784,11.9461,24.3478,95.33,59.25
78,44,1,355.556,11.9419,24.4467,96.02,58.99
79,44,1,355.586,12.0352,24.5274,95.24,59.38
80,44,1,355.484,11.9605,24.544,94.68,58.79
81,44,1,355.545,11.9405,24.5459,94.41,59.22
82,44,1,355.723,11.9494,24.4292,95.73,58.75
83,44,1,355.455,11.9276,24.66,95,58.48
84,44,1,355.528,12.0262,24.5464,94.98,59.26
85,44,1,355.599,11.9711,24.65,97.59,58.65
86,44,0,0,0,0,0,55.09
87,44,1,128.108,39.4066,38.3623,88.43,55.17
88,44,1,128.121,39.3652,38.3337,95.49,55.92
89,44,1,128.231,39.3774,38.3328,94.77,55.74
90,44,1,128.162,39.3731,38.3301,94.59,55.99
91,44,1,128.069,39.4026,38.3614,93.76,55.58
92,44,1,128.105,39.4207,38.3045,94.9,56.72
93,44,1,128.116,39.3976,38.3304,95.93,56.63
94,44,1,128.217,39.3831,38.3132,96.67,56.9
95,44,1,128.034,39.4038,38.3862,94.54,55.59
96,44,1,128.194,39.4173,38.274,95.04,56.3
97,44,1,128.104,39.3802,38.3718,96.99,56
98,44,1,128.177,39.4125,38.3271,96.48,56.52
99,44,1,128.026,39.3898,38.4573,96.54,54.6
100,44,0,0,0,0,0,55.1
101,44,1,355.329,11.9172,24.7949,95,57.27
102,44,1,355.589,11.9406,24.4067,94.89,57.91
103,44,1,355.434,11.9418,24.6748,96.34,58.49
104,44,1,355.282,11.928,24.8709,96.31,58.99
105,44,1,355.239,11.9304,24.8238,95.83,58.59
106,44,1,355.377,11.9267,24.6363,94.46,58.4
107,44,1,355.423,11.9311,24.7021,94.99,59.25
108,44,1,355.389,11.926,24.7263,94.45,58.92
109,44,1,355.293,11.9479,24.7165,96.22,58.94
110,44,1,355.233,11.9369,24.883,95.95,60.01
111,44,1,355.349,11.9771,24.5998,94.66,58.89
112,44,1,355.38,12.0169,24.7068,95.62,59.03
113,44,1,355.316,11.9425,24.7425,95.93,59.09
114,44,1,355.474,11.9111,24.7306,93.8,59.7
115,44,1,355.227,11.9421,24.8934,96.7,59.01
116,44,1,355.259,11.966,24.7945,94.61,58.44
117,44,1,355.315,11.9117,24.7761,95.32,59.09
118,44,1,355.171,11.9278,24.8489,94.91,58.69
119,44,1,355.241,11.9121,24.8214,94.92,58.9
120,44,1,355.353,12.0161,24.7122,96.4,58.87
121,44,1,355.174,11.9235,24.8812,97.13,58.36
122,44,1,355.278,11.9293,24.7388,95.33,59.6
123,44,1,355.129,11.9209,24.9064,97.51,58.68
124,44,1,355.319,11.9439,24.7497,95.52,59.19
125,44,1,354.978,11.9414,25.0832,95.54,58.61
126,44,1,355.102,11.9271,24.9599,94.34,58.39
127,44,1,355.009,11.9521,25.0775,96.82,59.02
128,44,1,355.175,11.9593,24.9519,96.76,59.13
129,44,1,355.074,11.9859,24.9642,94.69,59.1
130,44,1,355.158,11.9932,24.9168,96.59,59.83
131,44,1,355.303,11.911,24.6617,95.06,58.31
132,44,1,355.21,11.9552,24.7842,93.6,58.95
133,44,1,355.226,11.9814,24.7967,95.27,59.36
134,44,1,354.909,11.9457,25.1799,94.52,58.49
135,44,1,355.146,11.9199,24.8788,97.25,58.97
136,44,1,355.021,11.9801,25.0266,94.34,58.81
137,44,1,355.257,12.042,24.815,96.41,59.03
138,44,1,355.082,12.0017,25.0102,96.38,59.57
139,44,1,355.053,11.9678,24.93,94.88,59.03
140,44,1,355.022,11.968,25.0783,95.31,59.14
141,44,1,355.229,12.0148,24.8309,95.8,59.35
142,44,1,355.195,11.9931,24.8552,96.64,58.39
143,44,1,355.053,11.938,25.0535,95.79,59.65
144,44,1,354.762,12.0081,25.4035,95.71,57.28
145,44,1,236.864,41.6371,12.2577,84.96,53.94
146,44,1,236.874,41.6655,12.2372,93.54,54.49
147,44,1,236.788,41.6477,12.2969,94.46,54.29
148,44,1,236.821,41.6376,12.2978,92.99,53.82
149,44,1,236.862,41.6297,12.2907,94.76,55.07
150,44,1,236.865,41.6304,12.3191,93.87,56.11
151,44,1,236.855,41.6467,12.2754,93.34,54.85
152,44,1,236.951,41.6753,12.2094,91.86,55.66
153,44,1,236.888,41.6602,12.2763,92.16,54.93
154,44,1,236.816,41.625,12.3241,94.65,55.47
155,44,1,236.863,41.6392,12.2928,91.58,55.42
156,44,1,236.865,41.6581,12.2027,94.42,55.96
157,44,1,236.86,41.6582,12.2641,93.69,53.67
158,44,1,236.792,41.6651,12.317,94.62,55.1
159,44,1,236.871,41.6437,12.2318,94.36,55.07
160,44,1,236.87,41.6873,12.1771,92.57,54.81
161,44,1,236.844,41.6699,12.2912,93.81,54.92
162,44,1,236.921,41.6635,12.2047,95.11,55.99
163,44,1,236.941,41.7036,12.2381,92.01,55.78
164,44,1,236.821,41.6355,12.297,94.44,54.64
165,44,1,236.871,41.6745,12.2227,93.15,54.93
166,44,1,236.934,41.6829,12.2002,95.19,54.34
167,44,1,236.806,41.6626,12.286,94.18,54.49
168,44,1,236.978,41.7225,12.1502,92.92,54.96
169,44,1,236.932,41.6993,12.2472,94,54.77
170,44,1,236.845,41.6873,12.2784,91.81,55.16
171,44,1,236.802,41.6618,12.2956,92.8,54.79
172,44,1,236.837,41.6758,12.2664,94.5,55.66
173,44,1,236.813,41.6802,12.2847,92.26,54.75
174,44,1,236.845,41.679,12.2038,93.9,54.53
175,44,1,236.847,41.6804,12.2532,96.28,55.81
176,44,1,236.856,41.7085,12.1973,92.44,55.21
177,44,1,236.885,41.7142,12.2602,94.75,54.97
178,44,1,236.796,41.6774,12.2823,92.97,55.35
179,44,1,236.837,41.7175,12.255,90.26,55.5
180,44,1,236.889,41.7168,12.2222,95.31,54.39
181,44,1,236.844,41.7088,12.2435,92.37,55.67
182,44,1,236.85,41.6939,12.2651,94.01,54.82
183,44,1,236.843,41.7112,12.2763,94.87,55.21
184,44,1,236.94,41.7553,12.117,92.64,55.13
185,44,1,236.836,41.7017,12.2327,94.48,54.79
186,44,1,236.908,41.7242,12.2285,93.73,55.57
187,44,1,236.916,41.7288,12.2636,94.19,55.52
188,44,1,236.868,41.6914,12.292,93.19,55.03
189,44,1,236.793,41.7056,12.2989,93.37,54.51
190,44,1,236.897,41.7432,12.1807,93.14,55.57
191,44,1,236.74,41.6593,12.3477,94.94,54.91
192,44,1,236.91,41.7248,12.1969,92.93,55.19
193,44,1,236.858,41.7427,12.2615,95.15,54.82
194,44,1,236.821,41.7767,12.2754,95,54.91
195,44,1,236.938,41.8232,12.2261,92.73,55.33
196,44,1,236.904,41.8134,12.2401,85.32,52.78
197,44,2,61.0531,10.0695,58.2386,63.08,54.41
198,44,1,61.1458,10.0436,58.1925,82.29,58.13
199,44,1,61.4579,9.94432,57.9986,89.14,58.4
200,44,1,60.9718,9.99511,58.466,87.63,57.9
201,44,1,61.5806,9.93733,57.9295,90.37,59.48
202,44,1,61.31,9.97178,58.1376,90.68,59.08
203,44,1,61.0467,9.97576,58.3653,91,59.64
204,44,1,61.3735,9.98882,57.9501,89.67,58.96
205,44,1,61.3914,9.95985,58.0657,93.22,59.38
206,44,1,61.2806,9.94987,58.1778,86.95,58.27
207,44,1,60.9497,9.92766,58.5589,91.46,59.34
208,44,1,61.3076,9.95318,58.0953,88.21,57.92
209,44,1,61.2054,9.97075,58.2171,87.5,59.12
210,44,1,61.3637,9.93892,58.0915,86.83,60.02
211,44,1,61.4949,9.91874,57.9353,92.35,58.98
212,44,1,61.3536,9.95318,58.0769,90.41,58.43
213,44,1,60.9824,9.9049,58.5656,94.3,59.8
214,44,1,61.1517,9.91044,58.367,93.32,60.41
215,44,1,61.189,9.96057,58.1931,89.79,59.39
216,44,1,61.3971,9.94137,57.9804,91.24,58.53
217,44,1,61.2118,9.94166,58.1669,89.25,59.05
218,44,1,61.3331,9.88407,58.1924,92.39,60.02
219,44,1,61.2366,9.92142,58.2022,87.19,59.71
220,44,1,61.4119,9.9099,58.0272,90.35,58.94
221,44,1,62.1757,10.1161,57.4019,70.06,55.14
222,44,1,342.668,21.3406,66.7941,89.44,53.45
223,44,1,342.692,21.3951,66.6642,91.19,55.87
224,44,1,342.801,21.3665,66.6626,91.38,55.32
225,44,1,167.893,26.9023,24.0535,92.33,56.84
226,44,1,168.059,26.8899,24.0791,94.46,57.81
227,44,1,168.04,26.8522,24.0484,93.61,58.92
228,44,1,168.095,26.9401,23.9445,92.6,58.56
229,44,1,167.97,26.8239,24.0606,95.44,59.18
230,44,1,168.195,26.9245,23.8582,94.07,58.46
231,44,1,168.448,26.9735,23.6268,94.07,59.01
232,44,1,168.241,26.9679,23.7553,93.82,59.09
233,44,1,168.123,26.867,23.9906,95.6,59.28
234,44,1,168.184,26.8346,23.8829,95.75,58.52
235,44,1,168.074,26.8499,23.9773,94.6,58.95
236,44,1,168.126,26.8421,23.9566,95.41,58.44
237,44,1,168.064,26.8547,23.9669,95.46,58
238,44,1,168.234,26.9256,23.7732,91.72,59.32
239,44,1,168.106,26.8616,23.938,94.45,59.31
240,44,1,168.197,26.8643,23.8664,95.49,58.75
241,44,1,168.181,26.9365,23.8273,92.62,59.34
242,44,1,168.187,26.8494,23.8524,94.25,57.94
243,44,1,168.101,26.8563,23.9186,94.54,59.38
244,44,1,168.166,26.8493,23.8804,93.97,58.7
245,44,1,168.034,26.8691,23.8874,92.04,59.85
246,44,1,168.211,26.8394,23.7703,94.65,58.49
247,44,1,168.139,26.8461,23.8916,95.68,59.3
248,44,1,168.117,26.8538,23.9209,95.35,58.37
249,44,1,168.111,26.8551,23.9297,95.26,58.89
250,44,1,168.103,26.9402,23.8915,93.36,59.14
251,44,1,168.077,26.9124,23.9708,95.34,57.89
252,44,1,168.302,26.9951,23.8011,92.06,54.95
253,44,0,0,0,0,0,39.45
254,44,0,0,0,0,0,34.71
255,44,0,0,0,0,0,35.28
0,45,0,0,0,0,0,54.52
1,45,0,0,0,0,0,38.08
2,45,0,0,0,0,0,37.44
3,45,0,0,0,0,0,36.82
4,45,1,131.324,33.3202,80.9996,85.25,39
5,45,1,131.166,33.3205,81.0842,92.78,54.56
6,45,1,131.204,33.2912,81.0486,92.15,55.79
7,45,1,131.17,33.2946,81.0718,93.01,55.62
8,45,1,131.314,33.3082,80.9673,94.13,56.2
9,45,1,131.241,33.3519,81.0796,94.49,56.32
10,45,1,131.285,33.3347,81.0013,91.57,57.45
11,45,1,131.259,33.2929,81.0282,93.59,57.15
12,45,1,131.149,33.2788,81.0452,91.99,56.14
13,45,1,131.33,33.2805,80.9344,93.86,56.6
14,45,1,131.297,33.356,81.1102,89.93,56.27
15,45,1,131.17,33.2973,81.0492,90.99,57.13
16,45,1,131.4,33.2642,80.9621,94.98,55.98
17,45,1,131.281,33.301,80.9754,92.23,56.71
18,45,1,131.277,33.2483,80.986,92.77,56.32
19,45,1,131.323,33.2968,80.9662,91.78,57
20,45,1,131.362,33.232,80.9679,91.43,56.97
21,45,1,131.131,33.3617,81.0931,92.8,56.58
22,45,1,131.279,33.2681,80.9936,90.81,56.35
23,45,1,131.273,33.231,80.9876,92.77,56.34
24,45,1,131.331,33.2828,80.9516,92.74,57.51
25,45,1,131.182,33.0814,80.918,83.45,57.02
26,45,1,131.42,33.24,80.8737,94.41,56.21
27,45,1,131.509,33.061,80.846,84.41,56.96
28,45,1,131.281,33.2122,80.9745,94,55.05
29,45,0,0,0,0,0,51.2
30,45,1,355.243,18.6243,86.0522,88.93,51.66
31,45,1,355.378,18.6356,85.8638,90.11,51.54
32,45,1,355.566,18.6059,85.6812,91.32,52.03
33,45,1,355.402,18.6842,85.9234,91.16,51.09
34,45,1,355.492,18.5981,85.8405,94.24,51.76
35,45,1,355.152,18.6662,86.1769,92.03,52.39
36,45,1,355.286,18.6328,86.0703,92.34,52.5
37,45,1,355.578,18.633,85.6821,92.94,52.32
38,45,1,355.25,18.663,86.1123,90.3,52.74
39,45,1,355.262,18.7263,86.1187,92.27,50.51
40,45,0,0,0,0,0,54.22
41,45,1,356.044,11.9504,24.1235,94.4,57.69
42,45,1,356.059,11.9373,24.0907,96.47,58.49
43,45,1,355.879,11.9536,24.2359,95.47,58.42
44,45,1,355.887,11.9445,24.1915,95.84,57.9
45,45,1,356.069,11.9084,24.1106,96.13,59.03
46,45,1,356.053,11.9389,23.9767,96.76,58.31
47,45,1,355.8,11.9354,24.3377,96.62,58.73
48,45,1,356.111,11.912,23.9849,95.08,58.95
49,45,1,356.018,11.9311,24.1532,94.32,58.61
50,45,1,355.775,11.9169,24.3338,95.26,58.44
51,45,1,355.855,12.0078,24.2267,96.7,58.73
52,45,1,355.703,11.9376,24.4312,94.28,58.73
53,45,1,355.948,11.9295,24.2204,96.24,59.37
54,45,1,355.776,11.9317,24.3428,95.25,58.22
55,45,1,355.771,11.942,24.3097,96.12,58.41
56,45,1,355.728,11.9149,24.4133,95.7,58.9
57,45,1,355.909,11.9452,24.0877,95.9,59.41
58,45,1,355.681,11.9125,24.5135,95.7,59.22
59,45,1,355.748,11.9318,24.4207,94.17,58.79
60,45,1,355.797,11.9639,24.2514,96.87,58.03
61,45,1,355.529,11.9834,24.676,94.69,58.79
62,45,1,355.912,11.9317,24.1089,95.73,58.72
63,45,1,355.802,11.9315,24.298,95.85,58.71
64,45,1,355.717,11.9251,24.4323,95.72,58.69
65,45,1,355.875,11.9939,24.1492,96.96,59.26
66,45,1,355.641,11.9263,24.4713,96.87,58.51
67,45,1,355.716,11.9148,24.4448,95.64,58.4
68,45,1,355.767,11.9455,24.3502,96.26,58.43
69,45,1,355.716,11.916,24.462,95.85,58.95
70,45,1,355.61,11.935,24.43,95.92,59.29
71,45,1,355.631,11.9604,24.4904,95.7,58.87
72,45,1,355.587,11.9329,24.5411,93.97,59.38
73,45,1,355.469,11.9436,24.5478,94.81,58.93
74,45,1,355.59,12.0163,24.5581,96.04,58.63
75,45,1,355.618,11.929,24.4668,94.07,58.77
76,45,1,355.701,11.9258,24.3705,95.14,59.34
77,45,1,355.731,12.0266,24.3697,95.77,58.8
78,45,1,355.787,12.0255,24.3194,96.12,58.59
79,45,1,355.473,11.95,24.6163,96.46,59.34
80,45,1,355.646,11.9375,24.3964,97.15,58.47
81,45,1,355.672,11.9737,24.353,95.73,59.04
82,45,1,355.63,11.9471,24.458,96.99,58.57
83,45,1,355.364,11.9291,24.7742,95.3,57.99
84,45,1,355.475,11.9283,24.6844,96.47,59.52
85,45,1,355.348,11.9371,24.6731,95.77,56.92
86,45,0,0,0,0,0,53.99
87,45,1,128.181,39.3623,38.3551,95.28,55.49
88,45,1,128.136,39.3769,38.343,97.05,55.23
89,45,1,128.187,39.3624,38.3168,94.98,55.49
90,45,1,128.113,39.3841,38.3516,92.67,55.99
91,45,1,128.185,39.4321,38.2718,93.3,55.92
92,45,1,128.091,39.4226,38.3209,96.27,57.09
93,45,1,128.024,39.3991,38.3716,94.69,56.19
94,45,1,128.154,39.3866,38.319,98.1,56.56
95,45,1,128.165,39.4252,38.3012,94.52,56.43
96,45,1,128.134,39.3902,38.329,96.69,56.92
97,45,1,128.102,39.4017,38.3471,95.72,56.22
98,45,1,128.055,39.3926,38.4163,92.89,55.66
99,45,0,0,0,0,0,55.21
100,45,1,355.23,11.9368,24.8375,93.36,56.23
101,45,1,355.376,11.9753,24.7176,97.03,57.42
102,45,1,355.272,11.9565,24.8516,97.04,59.06
103,45,1,355.37,11.9679,24.6326,97.05,58.6
104,45,1,355.284,11.9527,24.8077,95.11,58.37
105,45,1,355.354,11.9214,24.7451,96.67,58.61
106,45,1,355.302,11.9977,24.727,96.29,58.55
107,45,1,355.461,11.9747,24.6626,97.57,58.92
108,45,1,355.148,11.9302,25.0393,93.74,58.26
109,45,1,355.385,11.9127,24.7173,94.87,58.63
110,45,1,355.303,11.917,24.7143,95.6,59.01
111,45,1,355.298,11.9493,24.7372,97.09,58.84
112,45,1,355.144,11.9098,25.0097,96.35,58.95
113,45,1,355.191,11.9221,24.876,93.69,58.5
114,45,1,355.515,11.9039,24.5307,97.82,59.24
115,45,1,355.413,11.9899,24.6986,96.62,59.27
116,45,1,355.346,11.9197,24.7134,95.95,59.48
117,45,1,355.338,11.9843,24.6701,93.98,59.23
118,45,1,355.311,11.9242,24.7775,96.2,58.28
119,45,1,355.336,11.9871,24.6665,95.94,59.03
120,45,1,354.992,11.9238,25.147,96.73,58.43
121,45,1,355.22,11.9291,24.8251,96.59,59.97
122,45,1,355.277,12.005,24.8742,95.37,59.99
123,45,1,355.064,12.0627,25.0116,94.54,57.61
124,45,1,355.194,11.9548,24.8739,95.76,59.79
125,45,1,355.113,11.9338,24.9815,95.96,59.32
126,45,1,355.225,11.911,24.7703,96.32,59.3
127,45,1,355.064,11.9161,25.1438,95.2,58.9
128,45,1,355.073,11.9141,25.0814,95.23,59.34
129,45,1,355.084,11.91,24.9809,96.43,59.14
130,45,1,355.084,11.9326,24.9864,95.92,58.91
131,45,1,354.93,11.9221,25.201,95.94,59.61
132,45,1,355.142,11.9385,24.8236,93.9,59.4
133,45,1,355,11.9346,25.1311,95.67,58.76
134,45,1,355.008,11.943,25.0242,96.76,58.87
135,45,1,354.994,11.9298,25.1323,96.7,59
136,45,1,355.075,11.9554,24.9904,96.19,59.16
137,45,1,355.186,11.9524,24.9001,95.13,59.33
138,45,1,355.031,11.9735,24.9328,94.04,59.61
139,45,1,354.93,11.9626,25.1035,97.46,59.03
140,45,1,355.078,12.023,25.0041,96.38,59.1
141,45,1,355.076,12.032,24.9457,95.62,59.98
142,45,1,354.994,11.9321,25.1047,95.22,59.15
143,45,1,354.929,11.9545,25.1188,95.07,59
144,45,1,354.855,11.9922,25.3115,95.21,56.7
145,45,1,236.921,41.653,12.1925,85.42,54.26
146,45,1,236.834,41.6309,12.304,93.91,54.79
147,45,1,236.923,41.6241,12.282,93.97,54.78
148,45,1,236.877,41.6433,12.2515,94.85,54.72
149,45,1,236.859,41.6437,12.2723,93.36,54.08
150,45,1,236.727,41.6105,12.3136,95.89,55.07
151,45,1,236.815,41.638,12.3195,94.78,54.56
152,45,1,236.956,41.635,12.2907,92.33,54.39
153,45,1,236.87,41.638,12.2365,94.46,54.87
154,45,1,236.828,41.6342,12.2926,93.81,54.9
155,45,1,236.828,41.6162,12.2518,92.45,55.06
156,45,1,236.844,41.6565,12.2885,95.59,54.28
157,45,1,236.846,41.6551,12.2823,94.45,55.64
158,45,1,236.91,41.6583,12.2714,92.23,55
159,45,1,236.842,41.6337,12.3115,92.6,54.24
160,45,1,236.887,41.6645,12.1957,93.89,54.32
161,45,1,236.785,41.6357,12.3011,94.25,55.21
162,45,1,236.766,41.6414,12.337,91.88,54.98
163,45,1,236.819,41.6498,12.3129,92.52,55.08
164,45,1,236.917,41.6945,12.2767,94.48,54.59
165,45,1,236.859,41.6317,12.2966,93.95,55.65
166,45,1,236.94,41.6766,12.2062,94.49,54.84
167,45,1,236.809,41.6516,12.3291,95.17,55.45
168,45,1,236.831,41.6917,12.1873,94.08,54.63
169,45,1,236.892,41.6589,12.2685,94.2,54.99
170,45,1,236.928,41.706,12.2195,94.25,54.75
171,45,1,236.807,41.6785,12.2764,92.5,54.89
172,45,1,236.833,41.6761,12.2234,94.29,55.05
173,45,1,236.802,41.7054,12.169,94.61,54.88
174,45,1,236.953,41.6882,12.1762,93.37,55.94
175,45,1,236.833,41.707,12.1771,95.37,55.92
176,45,1,236.797,41.6726,12.2723,93.96,55.16
177,45,1,236.823,41.6934,12.2862,93.79,55.45
178,45,1,236.781,41.7075,12.2881,94.03,55.04
179,45,1,236.792,41.7116,12.264,92.44,55.27
180,45,1,236.897,41.7269,12.1559,93.01,55.33
181,45,1,236.767,41.6962,12.2858,93.84,54.23
182,45,1,236.97,41.6846,12.2276,94.72,55.8
183,45,1,236.733,41.6985,12.301,92.32,55.34
184,45,1,236.944,41.7512,12.2399,93.78,55.4
185,45,1,236.92,41.683,12.2487,94.82,55
186,45,1,236.805,41.6938,12.2767,94.17,54.83
187,45,1,236.79,41.7056,12.2473,92.84,55.66
188,45,1,236.869,41.6822,12.2722,95.05,55.54
189,45,1,236.789,41.6835,12.3139,91.89,55.23
190,45,1,236.864,41.7192,12.2674,94.43,54.73
191,45,1,236.804,41.7036,12.3058,95.41,55.48
192,45,1,236.725,41.6891,12.3509,90.73,55.24
193,45,1,236.913,41.7522,12.2725,94.45,55.28
194,45,1,236.903,41.8279,12.1664,93.61,55.49
195,45,1,236.84,41.7944,12.2485,90.29,53.55
196,45,0,0,0,0,0,52.76
197,45,1,61.4,10.0002,58.0112,87.2,57.13
198,45,1,61.5112,9.96765,57.9366,88.56,58.84
199,45,1,61.4677,9.9659,57.9397,89.84,58.72
200,45,1,61.4592,9.99264,57.9219,89.94,59.55
201,45,1,61.3617,9.98804,57.9806,87.64,58.97
202,45,1,61.5436,9.99614,57.8339,89.44,59.13
203,45,1,61.4319,9.98243,57.9606,88.86,58.67
204,45,1,61.5684,9.95315,57.9323,91.29,59.85
205,45,1,61.5602,9.96478,57.8077,92.92,59.01
206,45,1,60.864,9.98733,58.5517,88.07,58.01
207,45,1,61.2859,9.96381,58.1206,89.99,59.25
208,45,1,61.0432,9.97483,58.3881,89.75,59.42
209,45,1,61.5095,9.95059,57.9289,90.29,59.64
210,45,1,60.9382,9.97795,58.51,94.04,59.45
211,45,1,60.9571,9.98565,58.4203,90.04,59
212,45,1,61.3016,9.9456,58.1364,88.61,59.22
213,45,1,61.6251,9.88578,57.9137,95.11,60.93
214,45,1,60.9438,9.95666,58.461,89.43,59.16
215,45,1,61.2997,9.9543,58.1312,82.36,59.2
216,45,1,60.9798,9.88953,58.5638,91.45,59.68
217,45,1,61.097,9.95053,58.3004,91.17,58.95
218,45,1,61.4756,9.91127,58.0106,91.77,59.38
219,45,1,61.3735,9.88415,58.1433,92.09,59.43
220,45,1,61.1681,9.91746,58.2754,91.98,59.09
221,45,1,60.9547,9.91725,58.4882,86.56,56.21
222,45,0,0,0,0,0,52.76
223,45,1,342.686,21.4021,66.831,94.02,55.6
224,45,0,0,0,0,0,53.83
225,45,1,168.134,26.8157,23.9716,94.61,57.43
226,45,1,167.742,26.8681,24.4401,84.63,58.96
227,45,1,168.291,26.9683,23.7807,94.44,59.04
228,45,1,168.06,26.9283,23.9341,92.98,59.07
229,45,1,168.103,26.8771,24.0191,97.09,59.26
230,45,1,168.112,26.8989,23.8237,93.49,59.49
231,45,1,168.032,26.8539,24.0099,95.76,58.54
232,45,1,168.046,26.8671,23.9936,93.68,58.96
233,45,1,168.337,26.9561,23.7527,94.4,59.87
234,45,1,168.066,26.8237,23.9584,95.42,58.69
235,45,1,168.117,26.9069,23.8786,94.2,58.69
236,45,1,168.334,26.9283,23.7026,91.01,59.82
237,45,1,168.109,26.8492,23.9317,92.79,58.79
238,45,1,168.097,26.859,23.9483,93.47,58.57
239,45,1,168.151,26.8665,23.9288,94.79,58.09
240,45,1,168.206,26.8665,23.88,93.83,59.67
241,45,1,168.243,26.8382,23.8104,95.5,59.16
242,45,1,168.288,26.9679,23.7047,92.35,58.94
243,45,1,168.001,26.9045,23.9073,90.65,58.66
244,45,1,168.167,26.8474,23.9038,94.9,59.23
245,45,1,168.225,26.8422,23.8692,95.18,59.16
246,45,1,168.114,26.8418,23.8882,95.94,58.66
247,45,1,168.113,26.8869,23.8295,92.28,58.56
248,45,1,168.1,26.9029,23.8234,94.04,59.44
249,45,1,168.159,26.8496,23.9146,95.32,58.32
250,45,1,168.136,26.8757,23.9254,93.51,58.89
251,45,1,168.154,27.0162,23.859,92.67,59.44
252,45,1,168.128,26.992,23.8568,92.72,58.18
253,45,1,168.353,26.9087,23.6727,91.98,44.85
254,45,0,0,0,0,0,34.21
255,45,0,0,0,0,0,34.63
0,46,0,0,0,0,0,57.85
1,46,0,0,0,0,0,37.57
2,46,0,0,0,0,0,37.61
3,46,0,0,0,0,0,37.25
4,46,1,131.546,33.4292,80.8224,85.7,39.31
5,46,1,131.252,33.3363,81.0099,92.5,54.37
6,46,1,131.226,33.2905,81.0439,92.35,55.9
7,46,1,131.274,33.2849,81.0274,94,55.84
8,46,1,131.186,33.3133,81.0538,92.73,55.89
9,46,1,131.364,33.2811,80.9658,91.8,56.54
10,46,1,131.246,33.28,81.0131,90.94,56.07
11,46,1,131.243,33.3338,81.0083,92.4,56.24
12,46,1,131.349,33.2857,80.9616,92.43,56.58
13,46,1,131.26,33.2454,81.0099,93.55,56.25
14,46,1,131.288,33.2971,81.0156,93.3,56.3
15,46,1,131.363,33.2724,80.9692,94.98,56.33
16,46,1,131.317,33.3033,81.0007,93.03,56.57
17,46,1,131.244,33.257,81.0098,92.18,55.75
18,46,1,131.338,33.2869,80.968,94.31,57.12
19,46,1,131.35,33.2376,80.9594,92.32,56.48
20,46,1,131.294,33.2848,80.9782,92.48,57.03
21,46,1,131.335,33.2826,80.9711,90.47,57.26
22,46,1,131.37,33.2294,80.943,95.52,56.81
23,46,1,131.301,33.2723,80.9657,91.95,57.34
24,46,1,131.258,33.2431,80.9857,91.65,56.4
25,46,1,131.294,33.2836,80.9787,92.82,57.29
26,46,1,131.367,33.2682,80.9501,90.23,57.38
27,46,1,131.334,33.2342,80.9551,94.07,55.66
28,46,1,131.369,33.1966,80.9193,91.46,54.33
29,46,1,355.705,18.5872,85.5115,83.59,51.56
30,46,1,355.433,18.6524,85.817,90.67,51.51
31,46,1,355.205,18.6248,86.0364,90.71,52.2
32,46,1,355.537,18.6326,85.6967,93.23,51.14
33,46,1,355.339,18.6371,85.9383,90.17,51.11
34,46,1,355.362,18.6367,85.8976,92.37,51.95
35,46,1,355.37,18.6556,85.9142,91.35,52.15
36,46,1,355.628,18.6382,85.6012,90.38,51.68
37,46,1,355.473,18.5978,85.8345,86.49,50.73
38,46,0,0,0,0,0,51.72
39,46,0,0,0,0,0,50.05
40,46,1,355.955,11.9567,24.1192,93.64,54.95
41,46,1,355.986,11.9773,24.1135,95.06,57.36
42,46,1,355.839,11.9376,24.2908,95.94,58.23
43,46,1,355.986,11.9189,24.168,95.56,58.53
44,46,1,355.904,11.9242,24.2249,96.88,58.27
45,46,1,355.882,11.9238,24.2318,95.88,58.33
46,46,1,355.86,11.9201,24.279,96.69,58.64
47,46,1,355.882,11.9491,24.2203,96.13,58.98
48,46,1,355.97,11.9189,24.1918,98.23,59.2
49,46,1,355.925,11.9401,24.1005,96.13,59.1
50,46,1,355.918,11.9254,24.1866,95.55,58.28
51,46,1,355.825,11.9483,24.2052,95.83,59.24
52,46,1,355.702,11.9411,24.4231,97.07,58.47
53,46,1,355.714,11.9424,24.3754,96.5,58.61
54,46,1,355.817,11.9514,24.3508,95.61,58.51
55,46,1,355.825,11.9188,24.3098,95.33,59.45
56,46,1,356.076,11.9208,23.9858,96.06,59.12
57,46,1,355.9,11.9608,24.2719,94.18,58.8
58,46,1,355.754,11.9314,24.3277,94.89,59.39
59,46,1,355.756,11.9303,24.3239,94.29,58.78
60,46,1,355.858,11.9141,24.2806,94.72,58.95
61,46,1,355.552,12.0231,24.5494,95.08,58.56
62,46,1,355.94,11.9378,24.1114,98.13,58.41
63,46,1,355.782,11.9775,24.3006,95.1,58.39
64,46,1,355.719,11.9715,24.3795,96.06,59.46
65,46,1,355.751,11.9456,24.3145,96.38,59.56
66,46,1,355.572,11.9968,24.5816,98.09,58.55
67,46,1,355.63,11.9126,24.4979,97.32,59.69
68,46,1,355.664,11.9951,24.4573,95.85,58.95
69,46,1,355.622,11.9191,24.5597,95.04,59.49
70,46,1,355.764,11.9297,24.3525,96.24,58.99
71,46,1,355.657,11.9309,24.4726,95.15,57.94
72,46,1,355.711,12.0127,24.4062,96.19,58.43
73,46,1,355.736,11.976,24.3635,94.47,58.88
74,46,1,355.591,11.9347,24.4304,96.18,59.32
75,46,1,355.508,11.9334,24.6348,95.51,58.54
76,46,1,355.676,11.9734,24.3134,95.57,58.83
77,46,1,355.678,11.9589,24.4644,94.65,58.8
78,46,1,355.612,11.9272,24.5519,96.17,59.06
79,46,1,355.485,11.9661,24.6872,95.48,59.06
80,46,1,355.598,11.927,24.5121,95.1,59.27
81,46,1,355.573,11.9372,24.5009,95.94,58.99
82,46,1,355.486,11.9407,24.5851,96.82,59.33
83,46,1,355.728,12.0003,24.3097,97.8,58.84
84,46,1,355.76,11.8951,24.3465,95.65,57.52
85,46,0,0,0,0,0,55.36
86,46,1,128.077,39.3851,38.4363,96.34,55.21
87,46,1,128.182,39.3968,38.2976,96.77,56.48
88,46,1,128.031,39.4055,38.3628,95.23,55.89
89,46,1,128.118,39.38,38.3435,96.25,56.01
90,46,1,128.126,39.4144,38.3578,95.11,56.37
91,46,1,128.183,39.3876,38.3025,93.24,56.05
92,46,1,128.153,39.3698,38.3212,94.73,57.26
93,46,1,128.077,39.4034,38.3499,96.46,55.27
94,46,1,128.158,39.3821,38.317,95.72,57.07
95,46,1,128.087,39.3975,38.3466,96.23,56.71
96,46,1,128.184,39.4035,38.3437,97.27,56.24
97,46,1,128.087,39.4134,38.3448,96.65,55.88
98,46,1,128.135,39.377,38.3751,94.33,54.8
99,46,0,0,0,0,0,55.69
100,46,1,355.644,11.9766,24.4264,97.02,58.48
101,46,1,355.384,11.9307,24.7009,92.94,59.23
102,46,1,355.269,11.9234,24.7927,94.46,58.78
103,46,1,355.153,11.9451,24.9687,96.82,57.89
104,46,1,355.393,11.9271,24.6874,96.28,58.29
105,46,1,355.394,11.9386,24.6674,96.62,59.52
106,46,1,355.506,11.9284,24.5043,96.12,58.68
107,46,1,355.419,11.9125,24.6754,94.71,58.89
108,46,1,355.017,11.9212,25.105,93.52,58.78
109,46,1,355.325,11.9414,24.7456,95.67,59.16
110,46,1,355.12,11.9427,25.0163,93.23,59.34
111,46,1,355.375,11.9467,24.7499,95.58,59.71
112,46,1,355.44,11.932,24.6056,96.39,60.24
113,46,1,355.259,12.007,24.8579,94.79,59.07
114,46,1,355.303,11.9849,24.7798,95.6,59.54
115,46,1,355.398,11.9125,24.6623,95.31,58.84
116,46,1,355.267,11.9121,24.8025,95.32,58.36
117,46,1,355.052,11.947,25.0117,96.03,58.32
118,46,1,355.048,11.9151,24.9854,96.2,58.28
119,46,1,355.099,11.9284,24.9775,94.81,59.08
120,46,1,355.114,11.9148,24.9554,95.29,58.97
121,46,1,355.196,11.9251,24.8956,95.16,58.94
122,46,1,355.155,11.94,24.9481,95.57,58.75
123,46,1,355.08,11.9385,25.0266,95.22,58.65
124,46,1,355.256,11.9283,24.8211,95.09,58.94
125,46,1,355.138,11.9964,24.9387,94.04,59.13
126,46,1,355.031,11.9276,25.0362,95.57,58.65
127,46,1,355.25,11.9534,24.7308,96.56,59.41
128,46,1,355.107,11.9226,24.9452,95.85,59.13
129,46,1,355.008,11.9165,25.0393,95.17,59.63
130,46,1,355.01,11.9265,25.1347,96.52,59.67
131,46,1,355.075,11.9357,24.9234,95.37,59.42
132,46,1,355.068,11.9408,25.0082,96.96,58.82
133,46,1,355.117,11.9245,24.9743,96.05,58.18
134,46,1,354.958,11.9697,24.997,95.89,58.18
135,46,1,354.935,11.947,25.1727,95.27,59.05
136,46,1,354.897,11.9551,25.185,95.61,59.35
137,46,1,354.99,11.9385,25.0945,95.46,59.11
138,46,1,354.917,11.94,25.1962,95.39,59.29
139,46,1,354.906,11.9281,25.1946,94.42,60.18
140,46,1,355.125,11.985,24.9582,94.71,59.39
141,46,1,355.047,11.9229,25.0736,96.08,59.28
142,46,1,354.989,11.9752,25.009,95.49,59.42
143,46,1,354.988,11.9569,25.1728,95.52,58.02
144,46,1,354.777,11.8943,25.3467,85.16,55.01
145,46,1,236.896,41.6541,12.2893,94.45,53.53
146,46,1,236.88,41.6497,12.2097,94.85,54.37
147,46,1,236.785,41.6326,12.3029,92.7,54.14
148,46,1,236.893,41.6281,12.3252,94.73,54.08
149,46,1,236.912,41.6291,12.2984,95.41,55.01
150,46,1,236.849,41.6476,12.3073,90.32,53.88
151,46,1,236.82,41.6246,12.2746,95.19,55.13
152,46,1,236.865,41.6392,12.3108,94.74,54.97
153,46,1,236.843,41.6338,12.2987,92.57,54.81
154,46,1,236.861,41.6338,12.2519,92.55,55.07
155,46,1,236.881,41.6785,12.2011,95.08,54.77
156,46,1,236.913,41.6753,12.2106,95.35,55.69
157,46,1,236.845,41.6537,12.2875,93.99,55.18
158,46,1,236.78,41.6307,12.3052,96.44,55.04
159,46,1,236.925,41.6935,12.176,93.63,55.12
160,46,1,236.84,41.6566,12.2947,94.61,54.99
161,46,1,236.887,41.6752,12.2227,94.62,55.71
162,46,1,236.908,41.6624,12.259,95.58,55.54
163,46,1,236.95,41.6859,12.2258,94.47,55.4
164,46,1,236.829,41.6809,12.2779,94.27,54.95
165,46,1,236.841,41.6684,12.2899,95.61,54.97
166,46,1,236.862,41.6901,12.2687,93.5,54.51
167,46,1,236.815,41.6788,12.2717,94.03,55.45
168,46,1,236.81,41.6815,12.2738,94.21,54.26
169,46,1,236.849,41.6732,12.2763,94.25,54.05
170,46,1,236.858,41.6826,12.2833,94.15,55.12
171,46,1,236.825,41.6897,12.2849,93.05,55.66
172,46,1,236.923,41.7062,12.2379,95.26,54.83
173,46,1,236.914,41.6833,12.2691,94.22,54.99
174,46,1,236.84,41.6949,12.1712,94.82,54.61
175,46,1,236.854,41.6994,12.2178,93.03,54.63
176,46,1,236.938,41.716,12.1578,95.06,55.51
177,46,1,236.77,41.6843,12.2823,93.3,55.28
178,46,1,236.808,41.7209,12.2979,91.62,53.95
179,46,1,236.867,41.6994,12.1622,94.77,55.3
180,46,1,237.001,41.6855,12.2344,94.72,55.52
181,46,1,236.794,41.6972,12.2928,93.69,55.16
182,46,1,236.815,41.7116,12.2623,93.17,55.33
183,46,1,236.798,41.7208,12.2851,91.99,55.65
184,46,1,236.796,41.68,12.3106,91.19,55.56
185,46,1,236.822,41.717,12.2784,94.42,55.04
186,46,1,236.931,41.7471,12.2404,92.24,55.1
187,46,1,236.761,41.7217,12.2775,92.84,55.42
188,46,1,236.781,41.7169,12.3139,92.13,55.62
189,46,1,236.845,41.7195,12.2991,93.91,55.08
190,46,1,236.934,41.6934,12.2744,94.41,55.15
191,46,1,236.802,41.6993,12.345,95.21,55.21
192,46,1,236.779,41.7187,12.3151,92.35,54.97
193,46,1,236.856,41.7794,12.2629,92.5,54.87
194,46,1,236.815,41.8308,12.2691,91.22,52.89
195,46,0,0,0,0,0,53.23
196,46,1,61.0187,10.0436,58.3505,84.59,55.84
197,46,1,61.3781,9.97313,58.0644,88.44,58.72
198,46,1,61.3044,10.0033,58.0911,88.39,58.6
199,46,1,61.4925,9.93859,57.888,88.97,59.06
200,46,1,61.0956,9.96795,58.398,90.49,59.02
201,46,1,61.2799,9.99269,58.1496,92.19,59.49
202,46,1,61.502,9.97512,57.8518,90.28,59.13
203,46,1,61.4118,9.97096,58.0488,88.61,59.04
204,46,1,61.3378,9.98512,58.0361,89.17,59.54
205,46,1,61.3291,9.97821,58.0933,89.5,59.4
206,46,1,60.9729,9.99725,58.3817,90.91,58.1
207,46,1,61.5672,9.96289,57.8136,91.06,59.15
208,46,1,61.2789,9.99045,58.1499,88.66,59.78
209,46,1,61.0678,9.97959,58.2842,89.64,59.07
210,46,1,61.3788,9.94894,58.0422,89.59,59.31
211,46,1,61.5948,9.94825,57.8499,91.47,60.27
212,46,1,61.3971,9.92936,58.0549,90.8,59.27
213,46,1,60.8952,9.93138,58.5775,92.81,59.67
214,46,1,61.3134,9.88923,58.158,93.36,59.37
215,46,1,61.2482,9.9289,58.2177,89.94,59.13
216,46,1,60.9576,9.9442,58.4616,90.07,58.98
217,46,1,60.8979,9.92865,58.5925,92.05,59.67
218,46,1,61.2086,9.88883,58.333,95.02,59.81
219,46,1,60.8779,9.92341,58.603,88.92,59.53
220,46,1,60.8186,9.93838,58.592,90.38,59.53
221,46,1,60.7615,9.96368,58.6263,90.13,59.44
222,46,1,62.0645,10.1506,57.4564,70.8,53.63
223,46,1,341.932,20.985,67.5503,82.78,54.71
224,46,1,168.26,26.9642,23.9067,93.92,54.51
225,46,1,168.048,26.8748,24.092,95.8,57.8
226,46,1,168.094,26.9452,23.9414,91.9,58.31
227,46,1,168.111,26.9548,23.9231,93.55,59.1
228,46,1,167.986,26.8301,24.041,96.01,58.49
229,46,1,168.192,26.9345,23.82,94.08,59.31
230,46,1,168.045,26.86,24.0178,94.91,58.85
231,46,1,168.078,26.8241,24.0042,93.91,58.19
232,46,1,168.244,26.9671,23.803,92.36,59.18
233,46,1,168.046,26.8981,23.9389,92.8,59.42
234,46,1,168.15,26.9329,23.8632,91.77,59.66
235,46,1,167.93,26.8852,24.0027,91.07,59.18
236,46,1,168.216,26.9797,23.8041,93.12,59.47
237,46,1,168.116,26.8383,23.9363,94.74,59.14
238,46,1,168.136,26.8487,23.9102,94.7,58.39
239,46,1,168.075,26.8393,23.9246,95.55,59
240,46,1,168.039,26.8666,23.9528,95.33,59.11
241,46,1,168.317,26.9454,23.7141,93.25,59.25
242,46,1,168.158,26.9163,23.7986,91.19,58.8
243,46,1,168.097,26.8652,23.9245,94.78,59.37
244,46,1,168.166,26.8679,23.8834,95.51,59.37
245,46,1,168.141,26.9108,23.7946,90.95,59.55
246,46,1,168.226,26.8334,23.8383,95.27,58.48
247,46,1,168.195,26.8498,23.8998,95.96,59.79
248,46,1,168.328,26.9235,23.6577,93.78,59.79
249,46,1,168.259,26.8398,23.8234,96.83,59.37
250,46,1,168.163,26.8608,23.8496,94.42,58.61
251,46,1,168.187,26.9109,23.8635,94.75,59.32
252,46,1,168.278,26.9095,23.7754,92.37,55.76
253,46,1,168.352,27.0554,23.55,89.79,46.35
254,46,0,0,0,0,0,35.42
255,46,0,0,0,0,0,35.14
0,47,0,0,0,0,0,56.81
1,47,0,0,0,0,0,37.4
2,47,0,0,0,0,0,37.12
3,47,0,0,0,0,0,37.36
4,47,1,131.326,33.3404,81.0215,86.08,40.18
5,47,1,131.179,33.3178,81.0653,92.96,54.27
6,47,1,131.219,33.2787,81.0506,92.16,56.23
7,47,1,131.192,33.3423,81.0558,91.7,56.93
8,47,1,131.185,33.3617,81.0697,91.77,57.23
9,47,1,131.179,33.2822,81.0563,92.75,56.16
10,47,1,131.296,33.289,81.024,92.08,55.95
11,47,1,131.318,33.2862,80.9535,94,57.13
12,47,1,131.306,33.261,81.0018,92.56,56.35
13,47,1,131.296,33.2717,80.9808,93.18,55.88
14,47,1,131.236,33.2862,81.0321,93.57,57.46
15,47,1,131.344,33.2911,80.9872,91.18,56.92
16,47,1,131.257,33.3122,80.9847,91.85,57.23
17,47,1,131.325,33.305,80.9905,92.93,56.86
18,47,1,131.303,33.2731,80.9639,92.99,57.43
19,47,1,131.308,33.2833,80.958,93.05,56.89
20,47,1,131.097,33.0928,80.9631,84.72,56.54
21,47,1,131.346,33.2837,80.9571,93.85,56.8
22,47,1,131.406,33.2315,80.9454,95.06,55.9
23,47,1,131.362,33.2761,80.9326,91.5,57.38
24,47,1,131.326,33.221,80.9359,91.87,56.54
25,47,1,131.354,33.2641,80.9408,92.88,56.92
26,47,1,131.322,33.2819,80.9644,94.29,56.95
27,47,1,131.325,33.2261,80.9391,93.29,56.42
28,47,1,131.438,33.2292,80.8491,92.56,53.93
29,47,0,0,0,0,0,51.43
30,47,1,355.407,18.6483,86.0929,86.85,50.77
31,47,1,355.457,18.6019,85.8429,93.13,50.71
32,47,1,355.56,18.6065,85.818,95.13,51.39
33,47,1,355.401,18.6397,85.8492,93.23,51.43
34,47,1,355.654,18.607,85.6845,93.13,51.26
35,47,1,355.597,18.5726,85.593,83.34,51.96
36,47,0,0,0,0,0,52.27
37,47,0,0,0,0,0,52.73
38,47,1,131.38,33.2924,80.8894,83.18,54.21
39,47,0,0,0,0,0,51.78
40,47,1,356.089,11.9311,23.9916,94.11,56.73
41,47,1,356.128,11.9148,24.123,94.44,58.13
42,47,1,356.102,11.9149,24.1008,94.57,58.58
43,47,1,355.92,11.9148,24.1411,96.21,57.65
44,47,1,356.035,11.9339,24.1726,92.75,58.54
45,47,1,355.777,11.9345,24.3505,95.11,58.22
46,47,1,355.93,11.9247,24.2127,96.68,58.36
47,47,1,355.876,11.943,24.1848,94.83,58.35
48,47,1,356.077,11.9361,24.1129,96.65,59.18
49,47,1,356.02,11.9307,24.139,95.34,58.88
50,47,1,355.814,11.901,24.3121,95.83,58.48
51,47,1,355.834,11.9239,24.1962,95.26,58.42
52,47,1,355.841,11.8892,24.2629,93.7,58.65
53,47,1,355.713,11.929,24.3851,96.2,58.4
54,47,1,355.711,11.9325,24.4049,94.93,59.52
55,47,1,355.691,11.9275,24.3877,96.32,58.53
56,47,1,355.885,11.966,24.136,96.41,59.32
57,47,1,355.937,11.9224,24.2503,95.35,58.08
58,47,1,355.818,11.9183,24.1657,95.44,59.06
59,47,1,355.806,11.9895,24.2607,95.92,59.01
60,47,1,355.897,11.9206,24.2507,94.67,59.38
61,47,1,355.87,11.9453,24.295,94.32,58.25
62,47,1,355.777,12.0049,24.2356,94.73,58.46
63,47,1,355.839,11.9453,24.2349,96.43,59.39
64,47,1,355.704,11.9112,24.3843,97.04,58.72
65,47,1,355.702,11.9209,24.4649,94.34,59.42
66,47,1,355.679,11.9337,24.47,95.06,59.14
67,47,1,355.832,11.9151,24.27,96.08,58.7
68,47,1,355.67,11.9247,24.5853,92.86,59.04
69,47,1,355.801,11.9452,24.2748,95.05,58.56
70,47,1,355.584,11.9308,24.4641,93.93,58.22
71,47,1,355.766,11.9168,24.3494,96.14,58.59
72,47,1,355.664,11.9154,24.4944,96.12,59.42
73,47,1,355.811,12.0425,24.2713,95.76,59.38
74,47,1,355.731,11.9525,24.3203,96.18,59.14
75,47,1,355.563,11.937,24.5117,95.11,58.63
76,47,1,355.757,11.932,24.3241,96.16,59.76
77,47,1,355.728,11.9546,24.3592,97.05,58.81
78,47,1,355.626,11.9149,24.5206,93.51,57.93
79,47,1,355.701,11.9039,24.4027,95.91,58.43
80,47,1,355.614,11.9353,24.4617,95.85,58.08
81,47,1,355.576,11.984,24.5887,96.69,59.38
82,47,1,355.685,11.9162,24.3741,94.92,59.12
83,47,1,355.535,11.931,24.6087,94.95,58.53
84,47,1,355.456,11.9341,24.6604,89.3,54.99
85,47,0,0,0,0,0,54.7
86,47,1,128.028,39.3909,38.3711,95.63,55.61
87,47,1,128.123,39.3901,38.3596,96.88,56.27
88,47,1,128.137,39.3969,38.3414,95.74,56.77
89,47,1,128.193,39.4124,38.2809,94.94,56.67
90,47,1,128.168,39.3747,38.3214,95.18,55.74
91,47,1,128.113,39.3995,38.3354,94.91,56.68
92,47,1,128.134,39.3876,38.3662,95.08,55.94
93,47,1,128.122,39.3791,38.3946,95.32,55.5
94,47,1,128.164,39.4179,38.2988,95.73,56.13
95,47,1,128.142,39.3992,38.334,97.05,56.06
96,47,1,128.157,39.4038,38.3116,95.51,56.47
97,47,1,128.179,39.3889,38.3311,96.52,55.9
98,47,0,0,0,0,0,54.41
99,47,1,355.279,11.9544,24.8268,96.17,57.29
100,47,1,355.349,11.9507,24.7704,98.07,58.01
101,47,1,355.433,11.9558,24.6265,96.26,58.54
102,47,1,355.387,11.9253,24.7695,96.08,58.92
103,47,1,355.392,11.9337,24.7021,95.93,57.97
104,47,1,355.438,11.9816,24.609,96.39,58.77
105,47,1,355.326,11.9316,24.7551,94.97,59.6
106,47,1,355.278,11.906,24.8165,96.11,59.02
107,47,1,355.2,11.989,24.9865,96.28,59.28
108,47,1,355.351,11.9865,24.6752,96.4,58.95
109,47,1,355.453,11.9237,24.6202,96.51,58.12
110,47,1,355.046,11.9522,25.0542,95.13,58.57
111,47,1,355.223,11.9347,24.9147,94.87,58.89
112,47,1,355.334,11.9305,24.6859,94.03,59.44
113,47,1,355.331,11.9865,24.7068,96.85,58.43
114,47,1,355.401,11.9978,24.6584,94.9,59.46
115,47,1,355.169,11.9369,24.9497,96.7,58.72
116,47,1,355.184,11.9272,24.819,94.97,58.7
117,47,1,355.053,11.9247,24.9816,95.55,59.06
118,47,1,355.339,11.9912,24.7421,94.72,60.13
119,47,1,355.101,11.9196,25.0255,95.93,58.34
120,47,1,355.139,11.9225,24.8785,94.91,58.35
121,47,1,355.272,11.9396,24.821,95.99,59.17
122,47,1,355.175,11.9218,24.9523,95.59,59.16
123,47,1,355.044,11.9303,25.0425,95.59,58.88
124,47,1,355.121,11.921,24.9053,96.43,59.14
125,47,1,355.121,11.9256,24.9251,95.24,58.72
126,47,1,355.124,11.9069,24.9779,95.29,59.17
127,47,1,355.149,11.9261,24.9106,94.88,59.49
128,47,1,355.145,11.9102,24.9228,96.97,59.34
129,47,1,355.156,12.0012,24.9741,95.69,58.01
130,47,1,354.981,11.9376,25.1028,92.27,59.29
131,47,1,355.038,11.9334,25.0684,94.43,59.31
132,47,1,355.071,11.9365,24.965,95.37,58.97
133,47,1,355.315,12.0826,24.7853,96.6,59.49
134,47,1,355.034,11.9626,25.0308,94.66,59.24
135,47,1,354.929,11.9368,25.2132,95.43,59.09
136,47,1,355.116,11.9974,24.967,95.32,59.9
137,47,1,354.935,11.9324,25.1538,95.5,58.9
138,47,1,354.997,11.9766,25.1266,96.61,58.84
139,47,1,354.96,11.9738,25.0669,96.84,58.51
140,47,1,354.928,11.9522,25.0838,95.44,59.1
141,47,1,355.077,11.9921,25.0149,95.1,59.01
142,47,1,354.928,11.9399,25.1432,94.24,59.23
143,47,1,354.839,11.9253,25.2993,94.98,58.14
144,47,0,0,0,0,0,53.9
145,47,1,236.798,41.6433,12.2483,96.24,53.9
146,47,1,236.883,41.6318,12.2468,93.43,54.74
147,47,1,236.844,41.6157,12.3357,93.72,55.2
148,47,1,236.839,41.6289,12.2914,94.68,54.88
149,47,1,236.919,41.6727,12.2029,94.09,54.67
150,47,1,236.796,41.6339,12.3214,91.4,54.33
151,47,1,236.878,41.6698,12.2077,94.09,55.07
152,47,1,236.922,41.6379,12.3,93.39,55.48
153,47,1,236.919,41.6792,12.2,91.77,56.16
154,47,1,236.875,41.6294,12.3177,93.2,54.6
155,47,1,236.756,41.611,12.3381,92.39,55.01
156,47,1,236.893,41.6643,12.2179,92.13,54.49
157,47,1,236.776,41.6341,12.3532,92.74,55.01
158,47,1,236.802,41.645,12.3083,92.93,54.79
159,47,1,236.859,41.671,12.2387,96.46,54.66
160,47,1,236.817,41.6475,12.3047,93.5,55.71
161,47,1,236.924,41.6667,12.2281,94.04,55.3
162,47,1,236.883,41.6784,12.2766,93.94,54.78
163,47,1,236.874,41.6753,12.2182,93.66,56.04
164,47,1,236.86,41.6899,12.2009,92.7,55.72
165,47,1,236.929,41.683,12.2603,93.99,55.7
166,47,1,236.915,41.701,12.1884,95.21,55.01
167,47,1,236.774,41.674,12.3413,91.91,55.64
168,47,1,236.844,41.6849,12.2742,95.35,54.51
169,47,1,236.884,41.6915,12.2839,92.7,55.52
170,47,1,236.803,41.6782,12.2856,93.76,56.11
171,47,1,236.755,41.6781,12.3112,93.88,56.09
172,47,1,236.837,41.6982,12.1779,95.78,54.68
173,47,1,236.908,41.6873,12.1887,94.45,55.13
174,47,1,236.847,41.6967,12.2768,93.79,55.47
175,47,1,236.837,41.7007,12.2905,91.71,55.31
176,47,1,236.848,41.7014,12.2728,93.13,55.55
177,47,1,236.896,41.7022,12.2502,92.06,54.61
178,47,1,236.771,41.6767,12.2054,93.87,54.47
179,47,1,236.863,41.7159,12.2437,92.43,55.81
180,47,1,236.852,41.7161,12.1731,94.85,54.89
181,47,1,236.87,41.7201,12.1738,95.38,54.5
182,47,1,236.889,41.7252,12.2495,94.24,55.23
183,47,1,236.85,41.7172,12.2622,91.63,55.42
184,47,1,236.798,41.7176,12.2587,93.24,55.59
185,47,1,236.753,41.7203,12.2617,94.71,54.53
186,47,1,236.943,41.713,12.2664,94.61,55.66
187,47,1,236.897,41.7662,12.1427,93.38,55.35
188,47,1,236.828,41.7169,12.2395,96.15,54.77
189,47,1,236.91,41.7097,12.2858,94.22,54.69
190,47,1,236.752,41.697,12.3014,92.72,54.61
191,47,1,236.876,41.7127,12.3002,94.58,55.37
192,47,1,236.768,41.7205,12.3295,91.53,55.59
193,47,1,236.902,41.7914,12.2684,93.88,54.92
194,47,1,236.851,41.8534,12.2754,84.03,53.72
195,47,2,63.1493,9.76545,55.9193,65.95,52.79
196,47,1,61.1216,9.96678,58.3974,87.67,57.16
197,47,1,61.3172,10.0155,58.0447,89.62,57.99
198,47,1,61.5004,10.0148,57.8283,89.88,58.61
199,47,1,61.5025,9.97933,57.931,87.98,58.18
200,47,1,61.2921,9.96566,58.1447,90.45,59.71
201,47,1,61.3116,9.97535,58.1097,88.06,58.95
202,47,1,61.7931,9.92448,57.7365,93.21,59.54
203,47,1,61.4553,9.97357,57.9854,88.27,59.61
204,47,1,61.4337,9.9252,57.9782,88.21,59.51
205,47,1,61.354,9.97695,58.0336,88.23,58.17
206,47,1,61.403,9.95455,58.1062,89.51,58.9
207,47,1,61.4472,9.95303,58.0141,89.92,58.24
208,47,1,61.256,9.98821,58.1347,86.22,59.73
209,47,1,61.5799,9.94004,57.893,87.94,59.9
210,47,1,60.8246,9.97856,58.5239,89.14,59.16
211,47,1,61.4529,9.92823,57.996,90.75,59.46
212,47,1,61.1392,9.9189,58.3227,92.66,59.37
213,47,1,61.4956,9.90644,57.9689,89.8,59.35
214,47,1,61.3802,9.9488,58.0408,88.55,58.51
215,47,1,61.3527,9.88494,58.1916,93.29,59.95
216,47,1,61.408,9.91729,58.0302,90.43,59.47
217,47,1,60.9298,9.9365,58.6371,90.3,60.32
218,47,1,61.3819,9.88961,58.0555,88.75,59.19
219,47,1,60.8398,9.94736,58.5925,88.63,58.89
220,47,1,60.8972,9.93267,58.5305,90.41,59.12
221,47,1,61.3347,9.89326,58.172,82.56,58.73
222,47,1,61.115,9.91469,58.2922,88.15,57.51
223,47,0,0,0,0,0,52.85
224,47,1,168.049,26.9662,23.9864,94.08,55.44
225,47,1,168.014,26.9649,23.9764,93.18,58.04
226,47,1,168.175,26.9577,23.8854,92.58,58.5
227,47,1,167.973,26.8773,24.1172,94.65,57.59
228,47,1,167.96,26.8471,24.0784,93.96,58.51
229,47,1,168.148,26.9759,23.8455,93.48,60.09
230,47,1,168.326,26.9455,23.6989,92.34,59.11
231,47,1,168.03,26.913,23.9467,93.4,58.4
232,47,1,168.147,26.94,23.8304,94.59,59.24
233,47,1,168.047,26.8844,24.0193,95.02,58.87
234,47,1,167.97,26.8712,24.0451,95.75,58.84
235,47,1,168.208,26.836,23.9227,95.81,58.76
236,47,1,168.11,26.9419,23.9374,91.04,59.44
237,47,1,168.055,26.8577,24.0051,93.34,58.8
238,47,1,168.118,26.8423,23.9176,96.42,59.03
239,47,1,168.2,26.8425,23.8743,95.09,59.06
240,47,1,168.26,26.8411,23.7797,94.62,59.27
241,47,1,168.119,26.8634,23.92,95.02,58.46
242,47,1,168.123,26.8228,23.9261,94.81,59.23
243,47,1,168.107,26.9397,23.8195,90.49,58.88
244,47,1,168.169,26.9182,23.8089,91.8,58.16
245,47,1,168.282,26.8919,23.6935,93.16,59.43
246,47,1,168.134,26.8757,23.9027,95.68,59.6
247,47,1,168.126,26.9327,23.7664,93.25,59.3
248,47,1,168.251,26.9327,23.7248,92.33,59.17
249,47,1,168.127,26.8445,23.896,95.05,58.64
250,47,1,168.259,26.8786,23.8616,94.35,58.59
251,47,1,168.104,26.8909,23.8956,94.62,58.88
252,47,1,168.395,26.9192,23.6327,93.67,56.18
253,47,1,168.355,26.9828,23.5945,89.74,47.56
254,47,0,0,0,0,0,34.89
255,47,0,0,0,0,0,35.01
0,48,0,0,0,0,0,36.75
1,48,0,0,0,0,0,37.7
2,48,0,0,0,0,0,37.37
3,48,0,0,0,0,0,36.58
4,48,1,131.449,33.3889,80.8528,82.4,39.04
5,48,1,131.184,33.3171,81.0848,92.18,54.88
6,48,1,131.124,33.4158,81.1762,92.04,56.36
7,48,1,131.186,33.2816,81.0455,90.97,56.34
8,48,1,131.371,33.3039,80.938,94.89,56.11
9,48,1,131.2,33.2913,81.0549,93.17,56.26
10,48,1,131.346,33.3033,80.9862,91.57,56.64
11,48,1,131.217,33.2664,81.024,93.46,56.42
12,48,1,131.559,33.0753,80.8307,84.57,56.89
13,48,1,131.333,33.2592,80.949,93.95,56.43
14,48,1,131.296,33.2911,80.9339,94.27,56.12
15,48,1,131.244,33.2568,80.9822,92.3,57.13
16,48,1,131.338,33.2892,80.9694,93.65,57.51
17,48,1,131.426,33.2795,80.9298,92.94,56.51
18,48,1,131.511,33.068,80.8444,86.13,57.15
19,48,1,131.257,33.2965,81.0065,92.51,57.09
20,48,1,131.278,33.2528,80.9871,94.35,57.11
21,48,1,131.388,33.2472,80.9235,92.76,56.43
22,48,1,131.409,33.2499,80.9259,94.38,56.67
23,48,1,131.363,33.2753,80.9312,92.67,57.2
24,48,1,131.341,33.2771,80.9621,91.69,57.15
25,48,1,131.388,33.2674,80.9202,91.81,57.01
26,48,1,131.433,33.2659,80.9085,92.11,57.07
27,48,1,131.366,33.2834,80.9044,92.65,56.7
28,48,1,131.463,33.2239,80.8391,94.25,55.65
29,48,0,0,0,0,0,53.18
30,48,0,0,0,0,0,53.06
31,48,0,0,0,0,0,51.12
32,48,0,0,0,0,0,52.91
33,48,0,0,0,0,0,51.88
34,48,0,0,0,0,0,53.48
35,48,1,131.435,33.2646,80.8942,85.78,53.99
36,48,1,131.217,33.2654,81.0241,91.87,54.64
37,48,1,131.363,33.3657,80.9515,91.5,56.93
38,48,1,131.316,33.2801,80.9385,92.62,56.23
39,48,1,131.462,33.2111,80.8186,85.7,55
40,48,1,356.148,11.9519,24.0273,94.67,56.66
41,48,1,355.925,11.9501,24.1915,95.42,57.71
42,48,1,355.975,11.9267,24.1877,96.97,58.91
43,48,1,355.99,11.9093,24.168,95.54,58.21
44,48,1,355.814,11.9219,24.351,95.29,58.76
45,48,1,356.1,11.9207,23.9818,98.02,59.01
46,48,1,355.852,11.917,24.2426,95.97,58.02
47,48,1,355.829,11.9375,24.2892,94.62,59.4
48,48,1,355.871,11.9323,24.2074,95.69,58.49
49,48,1,355.861,11.9197,24.2389,95.84,59.08
50,48,1,355.794,11.91,24.3158,95.27,58.63
51,48,1,355.871,12.0032,24.2523,97.1,59.31
52,48,1,355.764,11.9199,24.3625,94.49,58.4
53,48,1,355.632,11.9428,24.4724,95.67,58.01
54,48,1,355.869,11.9327,24.2605,96.21,59.13
55,48,1,355.722,11.9384,24.3324,95.26,58.35
56,48,1,355.649,11.9398,24.4377,95.38,57.9
57,48,1,355.906,11.9417,24.1434,96.25,59.09
58,48,1,355.79,11.9115,24.4695,94.14,59.78
59,48,1,355.689,11.9219,24.3537,95.64,58.93
60,48,1,355.762,11.9577,24.312,96.18,58.5
61,48,1,355.722,11.918,24.3921,95.45,58.77
62,48,1,355.816,11.9376,24.2133,96.51,58.99
63,48,1,355.706,11.9291,24.3912,95.31,58.6
64,48,1,355.661,11.9428,24.436,97.07,58.98
65,48,1,355.664,11.9179,24.5189,96.23,58.88
66,48,1,355.721,11.9138,24.4457,96.63,58.41
67,48,1,355.81,11.9399,24.4011,92.94,58.43
68,48,1,355.675,11.9072,24.4454,96.17,58.68
69,48,1,355.68,11.9282,24.4509,96.72,59.41
70,48,1,355.657,11.9281,24.384,95.32,58.59
71,48,1,355.681,11.9353,24.507,95.98,58.21
72,48,1,355.674,11.9244,24.4912,94.99,58.55
73,48,1,355.58,11.9376,24.4771,94.3,59.1
74,48,1,355.653,11.9206,24.5312,95.47,59.08
75,48,1,355.688,11.9464,24.4277,96.7,59
76,48,1,355.647,11.9331,24.5187,96.7,59.07
77,48,1,355.508,11.9553,24.6462,96.48,57.88
78,48,1,355.536,11.9195,24.6069,96.12,58.87
79,48,1,355.582,12.0101,24.5475,95.28,58.54
80,48,1,355.41,11.9817,24.6545,96.3,58.69
81,48,1,355.563,11.9144,24.6427,94.82,58.87
82,48,1,355.52,11.9448,24.5167,94.03,59.41
83,48,1,355.375,11.9925,24.7301,93.88,56.55
84,48,0,0,0,0,0,54.81
85,48,1,128.138,39.4241,38.3343,94.9,55.08
86,48,1,128.089,39.3884,38.4254,96.3,56.88
87,48,1,128.201,39.3587,38.3232,95.15,56.28
88,48,1,128.074,39.4074,38.4271,97.82,56.37
89,48,1,128.172,39.3527,38.3131,97,56.33
90,48,1,127.964,39.3794,38.4896,95.31,56.96
91,48,1,128.194,39.4001,38.3129,95.38,56.45
92,48,1,128.226,39.4146,38.2949,96.61,56.94
93,48,1,128.179,39.3847,38.3289,95.5,56.69
94,48,1,128.237,39.3493,38.3382,95.72,56.06
95,48,1,128.127,39.4144,38.3357,94.89,56.12
96,48,1,128.15,39.3744,38.3207,96.14,56.69
97,48,1,128.239,39.3563,38.2605,88.64,53.68
98,48,1,355.356,11.9188,24.8077,87.44,56.47
99,48,1,355.458,11.963,24.5821,95.88,58.6
100,48,1,355.348,11.918,24.7434,96.54,58.13
101,48,1,355.295,11.9494,24.7434,96.39,58.28
102,48,1,355.145,11.9436,24.9401,95.6,58.3
103,48,1,355.446,12.0478,24.5724,95.82,58.3
104,48,1,355.067,11.8827,25.0809,95.44,58.39
105,48,1,355.376,11.9187,24.6649,97.8,59.07
106,48,1,355.399,11.9333,24.6204,96.81,59.3
107,48,1,355.359,11.9196,24.6876,96.47,58.97
108,48,1,355.215,11.9066,24.8645,96.17,58.85
109,48,1,355.354,11.9047,24.728,96.46,58.45
110,48,1,355.35,11.8983,24.703,96.15,59.42
111,48,1,355.171,11.9316,24.8613,95.94,58.83
112,48,1,355.364,11.8953,24.7354,96.23,58.81
113,48,1,355.31,11.9472,24.6877,96.41,58.37
114,48,1,355.169,11.9081,24.9137,94.1,57.89
115,48,1,355.46,11.9295,24.6118,95.67,58.87
116,48,1,355.431,12.006,24.6647,96.92,59.11
117,48,1,355.291,11.9786,24.7441,95.45,58.85
118,48,1,355.163,11.9209,24.9154,93.89,58.93
119,48,1,355.202,11.9179,24.8717,95.95,59.39
120,48,1,355.163,11.9127,24.9332,94.83,58.61
121,48,1,355.334,11.9843,24.7095,97.43,59.26
122,48,1,355.283,11.944,24.7526,94.73,59.3
123,48,1,355.192,11.9969,24.8325,96.13,58.55
124,48,1,355.069,11.9226,25.1312,94.69,58.6
125,48,1,355.24,11.9191,24.8221,95.27,59.34
126,48,1,355.23,11.8766,24.8837,95.11,58.74
127,48,1,355.082,11.9552,25.0185,96,59.38
128,48,1,355.301,11.9103,24.94,93.78,59.34
129,48,1,355.041,11.9309,25.0379,97.08,59.07
130,48,1,355.138,11.9725,24.8572,94.26,59.4
131,48,1,355.059,11.9381,24.9944,95.87,59.51
132,48,1,355.029,12.0757,25.1527,97.22,58.57
133,48,1,355.068,11.9618,24.9791,95.93,58.95
134,48,1,354.98,11.9592,25.0654,94.79,58.92
135,48,1,354.832,11.926,25.3493,95.34,58.98
136,48,1,354.988,11.9481,25.0613,95.97,59.28
137,48,1,354.906,12.0803,25.209,96.58,59
138,48,1,355.127,11.9937,24.8312,94.42,59.75
139,48,1,354.908,11.951,25.1896,95.5,59.15
140,48,1,354.927,11.9558,25.2154,96.77,59
141,48,1,355.051,12.0047,24.9417,96.35,59.25
142,48,1,355.144,11.9738,24.8329,96.06,58.79
143,48,1,354.883,11.9917,25.2073,96.73,57.32
144,48,0,0,0,0,0,53.38
145,48,1,236.81,41.6252,12.3091,93.93,53.64
146,48,1,236.789,41.6366,12.3228,92.88,54.41
147,48,1,236.737,41.6359,12.3556,92.93,55.4
148,48,1,236.841,41.6528,12.2955,94.18,54.29
149,48,1,236.827,41.6619,12.2627,94.68,54.85
150,48,1,236.856,41.6291,12.349,93.69,54.55
151,48,1,236.848,41.6477,12.2313,95.11,54.9
152,48,1,236.885,41.6535,12.2279,93.82,56.25
153,48,1,236.893,41.6478,12.2548,94.12,54.89
154,48,1,236.857,41.6495,12.2717,94.71,54.58
155,48,1,236.847,41.663,12.1541,95.76,54.55
156,48,1,236.852,41.6569,12.2766,93.93,55.23
157,48,1,236.807,41.6482,12.3186,93.66,55.23
158,48,1,236.76,41.6083,12.3614,92.76,55.93
159,48,1,236.855,41.6428,12.3108,95.41,54.83
160,48,1,236.763,41.6632,12.3327,93.04,54.76
161,48,1,236.852,41.6957,12.2111,93,55.44
162,48,1,236.909,41.6924,12.1808,92.8,54.96
163,48,1,236.807,41.6637,12.315,92.21,55.29
164,48,1,236.83,41.6622,12.2808,93.28,55.13
165,48,1,236.795,41.6642,12.2801,93.4,54.74
166,48,1,236.875,41.655,12.2691,94.67,55.04
167,48,1,236.879,41.6831,12.2902,94.1,54.99
168,48,1,236.736,41.6675,12.284,95.1,55.17
169,48,1,236.81,41.6826,12.2718,91.15,55.13
170,48,1,236.772,41.6951,12.2705,92.83,55.15
171,48,1,236.841,41.6483,12.3026,94.12,55.04
172,48,1,236.831,41.6641,12.2748,92.7,54.99
173,48,1,236.954,41.681,12.2524,95.18,55.27
174,48,1,236.854,41.6658,12.311,92.44,55.71
175,48,1,236.729,41.671,12.3255,94.27,54.68
176,48,1,236.794,41.6714,12.3164,93.83,55.47
177,48,1,236.885,41.6981,12.2731,94.84,54.96
178,48,1,236.811,41.7132,12.1799,92.88,55.34
179,48,1,236.838,41.699,12.259,94.58,55.35
180,48,1,236.805,41.6575,12.2988,94.14,55.53
181,48,1,236.933,41.6765,12.1234,93.5,56.31
182,48,1,236.861,41.6823,12.2659,94.9,56.27
183,48,1,236.83,41.7036,12.2691,95.4,54.82
184,48,1,236.739,41.7263,12.2813,92.03,54.75
185,48,1,236.896,41.7133,12.2719,92.76,56.45
186,48,1,236.82,41.7209,12.2709,95.32,55.72
187,48,1,236.798,41.7099,12.2884,92.99,55.57
188,48,1,236.901,41.724,12.2325,92.3,54.52
189,48,1,236.872,41.7203,12.3143,93.41,54.68
190,48,1,236.803,41.6968,12.2259,93.66,55.53
191,48,1,236.701,41.6636,12.3366,94.36,55.12
192,48,1,236.733,41.7364,12.3508,92.42,55.13
193,48,1,236.869,41.8321,12.2599,94.25,52.61
194,48,2,62.7148,9.7095,56.2146,54.37,53.56
195,48,1,61.4403,9.97905,58.0769,87.51,57.41
196,48,1,61.4482,10.0168,57.9706,90.11,58.01
197,48,1,61.4951,9.98192,57.9012,90.35,58.53
198,48,1,61.619,9.98785,57.7486,88.92,58.39
199,48,1,61.1298,10.0038,58.2812,90.57,59.42
200,48,1,59.6664,10.2007,59.6894,84.5,59.55
201,48,1,61.4186,9.9967,57.9633,88.61,58.72
202,48,1,61.2987,9.97539,58.2213,88.88,59.08
203,48,1,61.499,9.96656,57.9107,89.99,58.98
204,48,1,61.3396,9.96715,58.1356,89.52,58.58
205,48,1,61.4174,9.96391,57.9918,88.56,59.16
206,48,1,61.0644,9.97886,58.3489,89.85,59.22
207,48,1,61.536,9.96753,57.8977,89.6,59.43
208,48,1,61.3019,9.96828,58.1202,89.96,58.97
209,48,1,61.3461,9.9419,58.0462,86.13,59.26
210,48,1,61.7564,9.92525,57.7077,89.62,59.19
211,48,1,61.2571,9.93233,58.0997,90.46,59.57
212,48,1,60.9312,9.91077,58.5729,92.56,59.29
213,48,1,60.9534,9.91587,58.5158,92.79,59.69
214,48,1,61.7116,9.87128,57.8592,92.92,59.53
215,48,1,61.4325,9.92638,58.0133,89.02,59.41
216,48,1,61.2357,9.95009,58.1619,88.59,59.49
217,48,1,60.9786,9.93698,58.488,89.92,59.24
218,48,1,61.5945,9.89311,57.8507,89.53,59.79
219,48,1,61.2372,9.92153,58.1534,89.66,58.64
220,48,1,61.2552,9.88749,58.2858,94.16,59.67
221,48,1,61.195,9.93464,58.1429,89.82,59.49
222,48,1,61.1727,9.89837,58.2836,90.72,59.39
223,48,1,60.3666,10.0149,58.9755,80.2,54.45
224,48,1,168.011,26.8633,24.1378,94.29,55.46
225,48,1,167.998,26.854,24.0794,95.46,57.69
226,48,1,168.028,26.8475,24.0878,96.82,58.94
227,48,1,168.103,26.8781,24.0436,94.15,58.15
228,48,1,167.972,26.9488,24.0494,92.94,59.98
229,48,1,168.129,26.8456,23.9787,92.91,58.71
230,48,1,168.051,26.8577,24.001,95.23,58.57
231,48,1,167.918,26.9008,24.0554,92.58,58.81
232,48,1,167.987,26.8709,24.0471,94.1,59.3
233,48,1,168.022,26.86,24.0236,94.57,58.91
234,48,1,168.056,26.9093,23.9114,91.15,58.36
235,48,1,168.072,26.8587,24.0067,93.33,58.85
236,48,1,168.104,26.8633,23.9655,94.5,58.94
237,48,1,168.317,26.9457,23.7536,92.79,59.42
238,48,1,168.1,26.8585,23.9093,95.25,59.07
239,48,1,168.174,26.8461,23.894,95.14,58.4
240,48,1,168.159,26.8784,23.895,94.28,58.57
241,48,1,168.192,26.8953,23.8793,94.31,58.72
242,48,1,168.113,26.8311,23.914,93.55,58.5
243,48,1,168.204,26.8521,23.8802,93.06,58.98
244,48,1,168.114,26.8531,23.9002,94.37,59.42
245,48,1,168.156,26.8526,23.8693,95.71,58.41
246,48,1,168.154,26.8696,23.8748,94.59,59.37
247,48,1,168.121,26.8602,23.8926,96.1,58.89
248,48,1,168.078,26.8548,23.9236,94.12,59.19
249,48,1,168.198,26.8606,23.8402,95.41,58.71
250,48,1,168.256,26.8651,23.8139,95.45,59.5
251,48,1,168.175,26.8506,23.8581,95.3,58.74
252,48,1,168.329,26.905,23.7732,93.4,56.43
253,48,1,168.343,26.9136,23.6524,87.25,43.14
254,48,0,0,0,0,0,58.04
255,48,0,0,0,0,0,52.68
0,49,0,0,0,0,0,36.55
1,49,0,0,0,0,0,37.67
2,49,0,0,0,0,0,37.74
3,49,0,0,0,0,0,36.45
4,49,1,131.348,33.337,80.9502,94.89,40.56
5,49,1,131.204,33.3092,81.0155,90.84,54.73
6,49,1,131.228,33.2859,81.0406,90.85,55.96
7,49,1,131.257,33.4179,81.1569,92.3,56.31
8,49,1,131.223,33.3194,81.0339,93.41,57.25
9,49,1,131.191,33.3074,81.0492,93.3,56.29
10,49,1,131.264,33.2777,81.013,93.33,56.43
11,49,1,131.241,33.2726,81.0218,92.93,56.87
12,49,1,131.28,33.3075,80.9771,91.99,56.42
13,49,1,131.389,33.2663,80.9525,93.24,56.1
14,49,1,131.25,33.293,81.0159,91.89,57.4
15,49,1,131.253,33.2621,80.9974,91.79,57.18
16,49,1,131.384,33.2773,80.9676,92.48,56.86
17,49,1,131.383,33.2855,80.9572,92.19,57.54
18,49,1,131.308,33.233,80.9654,93.84,56.85
19,49,1,131.3,33.2381,80.9778,93.06,57.09
20,49,1,131.421,33.2875,80.9303,93.14,56.47
21,49,1,131.32,33.2972,80.9706,91.8,56.17
22,49,1,131.296,33.262,80.9363,92.04,56.54
23,49,1,131.286,33.2654,80.9786,92.3,56.54
24,49,1,131.456,33.2694,80.903,92.83,57.13
25,49,1,131.326,33.2548,80.9523,93.42,56.74
26,49,1,131.339,33.2752,80.94,93.2,57.74
27,49,1,131.446,33.2472,80.9006,93.61,56.58
28,49,1,131.286,33.2244,80.9678,93.71,56.24
29,49,1,131.397,33.2046,80.9249,92.62,53.54
30,49,1,131.294,33.2091,80.978,91.66,55.03
31,49,1,131.275,33.2141,81.0069,93.45,54.62
32,49,1,131.324,33.2408,80.9884,93.05,55.22
33,49,1,131.285,33.2955,80.9761,94.34,54.94
34,49,1,131.324,33.2917,80.9459,93.4,55.2
35,49,1,131.362,33.302,80.9216,93.24,56.58
36,49,1,131.296,33.4113,81.0472,92.38,57.59
37,49,1,131.262,33.3399,80.9787,92.44,56.58
38,49,1,131.387,33.3171,80.9079,90.72,57.33
39,49,1,131.489,33.2052,80.8407,87.41,54.65
40,49,1,356.09,11.9596,24.0439,97.13,56.24
41,49,1,356.041,11.9404,24.0184,96.41,58.59
42,49,1,355.877,11.9437,24.2905,96.95,58.14
43,49,1,355.906,11.9198,24.2887,95.86,58.71
44,49,1,355.911,11.9216,24.2042,95.66,58.43
45,49,1,355.914,11.918,24.1877,95.16,58.81
46,49,1,355.862,11.9455,24.1694,88.79,57.83
47,49,1,355.957,11.9298,24.1193,96.15,58.63
48,49,1,356.11,11.9052,23.9748,96.06,59.18
49,49,1,355.802,11.9173,24.2904,95.5,58.08
50,49,1,355.733,11.9294,24.4276,96.3,58.28
51,49,1,355.559,11.8884,24.5519,96.41,57.9
52,49,1,355.946,11.9068,24.1672,96.6,58.81
53,49,1,355.841,11.9674,24.2265,94.98,59.42
54,49,1,355.788,11.9085,24.3277,93.78,59.05
55,49,1,355.699,11.9253,24.3437,96.96,58.94
56,49,1,355.789,11.9247,24.2918,97.1,58.59
57,49,1,355.811,11.9089,24.4317,93.34,59.28
58,49,1,355.667,11.9125,24.4197,96.47,58.51
59,49,1,355.82,11.9198,24.2685,95.94,58.9
60,49,1,355.706,11.9187,24.3908,95.92,59.13
61,49,1,355.82,11.9439,24.281,94.11,58.72
62,49,1,355.874,12.001,24.1238,96.69,58.32
63,49,1,355.477,11.924,24.656,93.8,57.94
64,49,1,355.613,11.9545,24.4833,95.7,59.33
65,49,1,355.76,11.9293,24.3554,96.19,59.22
66,49,1,355.649,11.92,24.4977,94.95,59.49
67,49,1,355.624,11.9205,24.5219,95.76,58.55
68,49,1,355.701,11.9876,24.3077,95.22,58.47
69,49,1,355.595,11.9341,24.4797,97.54,58.73
70,49,1,355.713,11.905,24.3193,97.24,59.09
71,49,1,355.712,11.927,24.3675,96.02,58.49
72,49,1,355.53,11.9312,24.4807,94.87,58.82
73,49,1,355.69,11.9415,24.3969,94.78,58.93
74,49,1,355.619,11.9276,24.4744,95.15,58.96
75,49,1,355.66,11.9323,24.4433,95.67,59.04
76,49,1,355.64,11.949,24.5017,94.22,58.11
77,49,1,355.595,11.9319,24.5337,97.58,58.45
78,49,1,355.651,11.9106,24.5075,93.84,58.45
79,49,1,355.606,11.9128,24.5753,95.62,58.01
80,49,1,355.654,11.9435,24.4253,95.26,58.58
81,49,1,355.621,11.939,24.4565,94.39,58.77
82,49,1,355.414,11.9406,24.6105,96.2,58.01
83,49,0,0,0,0,0,55.47
84,49,1,128.133,39.4236,38.369,94.26,55.49
85,49,1,128.11,39.393,38.3515,94.71,55.62
86,49,1,128.125,39.3862,38.3264,93.5,56.12
87,49,1,128.061,39.3955,38.3706,94.99,56.02
88,49,1,128.129,39.3978,38.3533,95.6,56.31
89,49,1,128.178,39.3959,38.3353,95.4,56.17
90,49,1,128.204,39.3727,38.294,96.21,56
91,49,1,128.141,39.3805,38.3426,96.74,56.83
92,49,1,128.221,39.389,38.2629,96.18,56.61
93,49,1,128.184,39.3862,38.3228,96.89,56.38
94,49,1,128.258,39.3997,38.2536,95.96,55.93
95,49,1,128.212,39.3699,38.2869,95.89,56.38
96,49,1,128.241,39.3644,38.3066,95.01,55.21
97,49,0,0,0,0,0,54.84
98,49,1,355.48,11.9501,24.6531,97.74,57.85
99,49,1,355.276,11.9099,24.7941,94.1,58.76
100,49,1,355.581,12.0112,24.4712,96.56,58.78
101,49,1,355.305,12.0081,24.7783,95.84,58.93
102,49,1,355.446,11.9775,24.577,96.11,59.05
103,49,1,355.508,11.9505,24.5737,96.72,59.41
104,49,1,355.334,11.9164,24.8049,95.44,58.86
105,49,1,355.242,11.8973,24.867,94.96,58.11
106,49,1,355.388,11.9099,24.684,88.24,58.97
107,49,1,355.319,11.9268,24.6477,94,57.88
108,49,1,355.266,11.9332,24.8057,95.11,58.05
109,49,1,355.01,11.8743,25.1183,94.35,58.13
110,49,1,355.216,11.9084,24.7792,95.2,59.14
111,49,1,355.292,11.9367,24.8123,95.23,58.57
112,49,1,355.373,11.9007,24.7116,95.26,58.87
113,49,1,355.318,11.9165,24.8162,95.65,59.59
114,49,1,355.365,11.9973,24.6754,96.1,59.82
115,49,1,355.197,11.9701,24.9161,95.36,57.94
116,49,1,355.312,11.9918,24.7529,95.62,58.21
117,49,1,355.289,11.9783,24.802,95.18,59.5
118,49,1,355.369,11.9699,24.7869,95.63,58.59
119,49,1,355.339,12.0066,24.7,96.61,59.17
120,49,1,355.163,11.9371,24.9025,96.01,59.28
121,49,1,355.051,11.9381,24.9948,94.66,58.71
122,49,1,355.13,11.9116,24.9287,96.19,59.08
123,49,1,355.269,12.0222,24.739,97.68,58.39
124,49,1,355.116,11.9081,24.8996,96.04,59
125,49,1,355.183,11.9294,24.8379,94.81,59.27
126,49,1,355.214,11.9206,24.8349,96.51,59.06
127,49,1,355.052,11.9183,25.0981,96.57,59.05
128,49,1,355.333,11.9978,24.7286,96.73,59.45
129,49,1,355.083,11.9231,25.0106,96.14,58.74
130,49,1,355.07,11.9375,24.8925,94.33,59.2
131,49,1,355.137,11.9036,25.0405,95.46,59.27
132,49,1,355.208,11.93,24.9134,95.37,59.19
133,49,1,355.117,11.9389,24.94,96.34,59.12
134,49,1,355.148,11.9258,24.9778,96.83,59.43
135,49,1,354.995,11.9475,25.0552,95.75,58.15
136,49,1,355.059,11.923,24.939,96.45,58.04
137,49,1,354.817,11.9475,25.1714,94.58,59.2
138,49,1,354.985,11.9401,25.0637,96.06,58.96
139,49,1,355.216,11.9293,24.7899,95.38,59
140,49,1,354.994,12.0396,25.1319,97.71,59.62
141,49,1,355.039,11.9943,24.9622,95.82,59.61
142,49,1,354.945,11.981,25.2141,93.16,57.84
143,49,1,354.977,11.9589,25.0495,95.79,58.14
144,49,0,0,0,0,0,54.34
145,49,1,236.691,41.6026,12.3401,84.76,52.93
146,49,1,236.862,41.66,12.2815,94.56,53.9
147,49,1,236.879,41.6686,12.2875,93.76,54.15
148,49,1,236.835,41.635,12.2541,93.13,54.42
149,49,1,236.775,41.6433,12.3193,93.72,55.3
150,49,1,236.856,41.6442,12.2591,93.03,54.73
151,49,1,236.847,41.6595,12.2836,94.62,54.68
152,49,1,236.784,41.6249,12.3333,93.71,55.31
153,49,1,236.775,41.6262,12.3313,93.08,54.87
154,49,1,236.866,41.6802,12.2152,95.23,54.89
155,49,1,236.75,41.6426,12.3322,93.22,55.71
156,49,1,236.867,41.661,12.2798,92.42,54.83
157,49,1,236.799,41.6211,12.3251,95.78,55.08
158,49,1,236.868,41.6826,12.2202,95.95,55.33
159,49,1,236.785,41.651,12.2168,94.21,55.94
160,49,1,236.831,41.6731,12.224,94.04,55.29
161,49,1,236.741,41.6297,12.3271,92.68,55.84
162,49,1,236.779,41.6591,12.3096,94.25,54.7
163,49,1,236.842,41.6877,12.2005,94.03,55.22
164,49,1,236.809,41.6905,12.1845,95.05,54.61
165,49,1,236.839,41.6955,12.2014,93.99,54.54
166,49,1,236.863,41.6973,12.2227,92.64,55.06
167,49,1,236.737,41.6667,12.3143,93.04,55.41
168,49,1,236.807,41.6906,12.1863,93.99,55.08
169,49,1,236.761,41.685,12.2983,95.68,55.53
170,49,1,236.921,41.6928,12.2676,92.06,54.99
171,49,1,236.884,41.7042,12.2284,94.39,54.79
172,49,1,236.73,41.6883,12.3406,92.8,55.27
173,49,1,236.92,41.6882,12.2577,92.49,54.75
174,49,1,236.849,41.7005,12.2299,95.4,54.53
175,49,1,236.843,41.6898,12.2773,95.25,55.29
176,49,1,236.79,41.6875,12.3103,92.35,55.33
177,49,1,236.833,41.7033,12.2952,93.93,55.38
178,49,1,236.964,41.7206,12.2204,92.65,55.53
179,49,1,236.804,41.6824,12.2908,92.75,55.32
180,49,1,236.857,41.6322,12.253,93.46,55.49
181,49,1,236.879,41.6344,12.1054,92.87,56.24
182,49,1,236.818,41.6586,12.1918,94.64,55.86
183,49,1,236.835,41.7092,12.2319,93.45,55.41
184,49,1,236.828,41.7475,12.1839,93.65,55.34
185,49,1,236.781,41.7208,12.2765,94.68,54.87
186,49,1,236.898,41.7391,12.1571,93.48,55.74
187,49,1,236.766,41.7147,12.2729,93.49,54.35
188,49,1,236.901,41.7265,12.2251,92.09,55.09
189,49,1,236.854,41.6619,12.2979,95.27,54.33
190,49,1,236.86,41.6946,12.3151,95.15,55.77
191,49,1,236.783,41.7238,12.3023,94.38,55.38
192,49,1,236.812,41.7478,12.3022,93.6,53.28
193,49,0,0,0,0,0,52.92
194,49,1,61.53,9.9544,57.9989,86.36,56.99
195,49,1,61.4834,9.97976,57.988,83.82,58.1
196,49,1,61.1231,9.99712,58.278,88.14,58.47
197,49,1,61.1021,10.0156,58.2584,89.64,58.76
198,49,1,61.3549,9.99497,58.0568,89.17,59.16
199,49,1,61.493,9.95987,57.9999,87.31,58.77
200,49,1,61.7061,9.99007,57.7742,88,60.08
201,49,1,61.7427,9.98067,57.6694,88.49,59.2
202,49,1,61.0838,9.99133,58.3151,91.25,59.12
203,49,1,61.1322,9.9533,58.317,88.52,58.98
204,49,1,61.0563,9.98073,58.3956,89.45,59.2
205,49,1,61.4143,9.96175,58.0061,90.22,59.18
206,49,1,61.4401,9.96202,57.9561,86.67,58.65
207,49,1,61.3559,9.96654,58.0443,87.79,59.28
208,49,1,61.3446,9.9614,58.1288,88.89,59.4
209,49,1,59.8715,10.103,59.5885,86.39,59.22
210,49,1,61.3859,9.93326,58.0485,87.54,58.74
211,49,1,61.2532,9.94768,58.1624,87.65,59.5
212,49,1,61.0035,9.94477,58.4681,87.39,59.07
213,49,1,61.3738,9.92784,58.1108,85.45,59.04
214,49,1,61.2803,9.9405,58.1366,88.26,58.88
215,49,1,61.4992,9.92726,57.9158,90.53,58.67
216,49,1,61.2541,9.92803,58.2489,89.92,60.08
217,49,1,61.6742,9.88158,57.8442,92.28,59.85
218,49,1,61.3137,9.93922,58.0622,89.4,59.08
219,49,1,61.6067,9.91295,57.8261,90.85,59.54
220,49,1,61.2104,9.94158,58.1472,88.15,59.17
221,49,1,61.3138,9.92658,58.0578,89.29,59.45
222,49,1,61.5767,9.89995,57.7947,91.04,59.61
223,49,1,61.1278,9.92684,58.314,89.52,55.49
224,49,1,167.875,27.2846,24.2263,81.88,54.12
225,49,1,167.922,26.8833,24.1357,95.51,56.51
226,49,1,167.981,26.8779,24.1055,95.16,58.01
227,49,1,168.014,26.8652,24.0853,97.91,58.8
228,49,1,167.851,26.8832,24.0842,91.15,59.53
229,49,1,168.081,26.8868,24.0504,93.27,58.85
230,49,1,168.054,26.9169,23.8784,92.57,59.7
231,49,1,167.992,26.861,24.039,94.89,58.53
232,49,1,168.042,26.9969,23.986,91.82,58.6
233,49,1,168.215,26.9738,23.8319,91.45,57.96
234,49,1,168.04,26.8551,23.9893,93.3,58.72
235,49,1,168.084,26.8838,24.0278,95.58,60.16
236,49,1,167.961,26.8993,23.9263,91.67,59.34
237,49,1,168.094,26.8402,23.95,95.89,58.51
238,49,1,168.177,26.859,23.8679,93.87,59.06
239,49,1,168.089,26.9202,23.8675,89.56,59.17
240,49,1,168.227,26.9551,23.7603,91.11,59.13
241,49,1,168.103,26.8416,23.9291,93.42,58.41
242,49,1,168.35,26.9732,23.6305,95.01,59.41
243,49,1,168.169,26.8277,23.8733,95.14,58.67
244,49,1,168.205,26.851,23.8423,97.18,57.79
245,49,1,168.177,26.9338,23.7747,93.1,59.16
246,49,1,168.095,26.8815,23.9054,94.23,58.96
247,49,1,168.267,26.8617,23.8115,95.21,59.12
248,49,1,168.157,26.8595,23.87,95.72,58.82
249,49,1,168.18,26.8752,23.8915,94.94,59.05
250,49,1,168.414,26.9597,23.5948,93.36,59.57
251,49,1,168.152,26.8875,23.9055,94.24,58.64
252,49,1,168.202,26.9392,23.7415,91.07,57.62
253,49,1,168.243,26.8221,23.6611,91.28,42.28
254,49,0,0,0,0,0,34.89
255,49,0,0,0,0,0,53.27
0,50,0,0,0,0,0,56.7
1,50,0,0,0,0,0,37.77
2,50,0,0,0,0,0,37.42
3,50,0,0,0,0,0,36.12
4,50,1,131.553,33.3822,80.7932,89.72,41.33
5,50,1,131.29,33.3051,80.9976,92,54.99
6,50,1,131.166,33.3013,81.0532,93.57,55.91
7,50,1,131.37,33.28,80.9568,95.32,55.87
8,50,1,131.202,33.2969,81.0539,92.99,56.44
9,50,1,131.223,33.2893,81.0263,94.3,56.68
10,50,1,131.262,33.3018,81.0216,92.94,56.6
11,50,1,131.424,33.2791,80.964,94.83,57.16
12,50,1,131.184,33.3325,81.0389,92.17,57.24
13,50,1,131.343,33.2907,80.9889,93.1,56.61
14,50,1,131.381,33.2409,80.9574,93.66,55.69
15,50,1,131.282,33.3056,80.9747,95.07,56.61
16,50,1,131.302,33.2789,80.9862,92.82,55.9
17,50,1,131.292,33.2597,80.9944,91.19,56.31
18,50,1,131.365,33.2781,80.955,91.28,56.98
19,50,1,131.294,33.2505,80.9896,89.92,56.22
20,50,1,131.212,33.3755,81.0894,92.27,56.85
21,50,1,131.196,33.0953,80.9289,83.35,57.46
22,50,1,131.4,33.2524,80.9073,92.82,57.18
23,50,1,131.267,33.2288,80.969,90.08,57.48
24,50,1,131.288,33.2764,80.9576,92.78,56.86
25,50,1,131.332,33.265,80.9462,92.54,56.8
26,50,1,131.404,33.2803,80.926,92.62,56.21
27,50,1,131.369,33.2624,80.9104,93.39,56.42
28,50,1,131.311,33.2599,80.9474,93.07,56.91
29,50,1,131.252,33.2824,80.9843,92.95,56.41
30,50,1,131.314,33.2827,80.9754,92.32,57.52
31,50,1,131.284,33.2425,81.0017,94.15,56.55
32,50,1,131.358,33.262,80.9543,93.24,56.86
33,50,1,131.291,33.3547,80.9719,91.49,57.78
34,50,1,131.397,33.3344,80.8978,93.69,57.4
35,50,1,131.414,33.2954,80.865,92.76,57.59
36,50,1,131.342,33.3389,80.9486,92.25,57.43
37,50,1,131.295,33.3698,81.0203,91.74,57.24
38,50,1,131.351,33.3378,80.9612,94.14,57.93
39,50,1,131.521,33.1958,80.8228,86.94,55.29
40,50,1,356.11,11.9371,24.006,95.14,56.24
41,50,1,355.829,11.9028,24.371,97.31,58.57
42,50,1,355.833,11.9312,24.2959,94.12,57.8
43,50,1,355.719,11.9574,24.4986,95.35,58.54
44,50,1,355.938,11.969,24.1746,96.53,58.79
45,50,1,355.713,11.9127,24.4639,97.36,57.55
46,50,1,355.881,11.9888,24.1889,96.64,58.54
47,50,1,355.739,11.9741,24.38,94.9,58.09
48,50,1,355.763,11.9273,24.301,96.95,58.52
49,50,1,356.129,11.9321,24.0218,93.76,59.4
50,50,1,355.826,11.9128,24.275,96.29,59.07
51,50,1,355.977,11.9197,24.1807,97.16,58.18
52,50,1,355.753,11.912,24.3273,96.72,58.82
53,50,1,355.781,11.9115,24.2984,96.18,59.69
54,50,1,355.695,11.9224,24.3296,95.17,58.11
55,50,1,355.779,11.913,24.3196,97.26,58.36
56,50,1,355.617,11.8817,24.5216,95.16,58.24
57,50,1,355.762,11.9207,24.3192,96.3,58.34
58,50,1,355.848,11.9733,24.243,95.04,58.64
59,50,1,355.979,11.992,24.1184,95.55,58.59
60,50,1,355.828,11.9255,24.3897,91.02,58.47
61,50,1,355.63,11.9748,24.5429,94.42,58.83
62,50,1,355.634,11.9286,24.4422,95.21,58.48
63,50,1,355.842,11.9583,24.2902,96.85,59.13
64,50,1,355.665,11.9025,24.4279,94.88,58.4
65,50,1,355.723,11.9053,24.4085,95.98,58.8
66,50,1,355.687,12.005,24.3576,96.44,58.88
67,50,1,355.968,11.9154,24.1869,93.88,58.8
68,50,1,355.79,11.9438,24.2588,96.25,59.03
69,50,1,355.715,11.9512,24.2777,96.66,58.6
70,50,1,355.673,11.9248,24.44,96.98,58.82
71,50,1,355.771,11.9186,24.3281,96.38,58.78
72,50,1,355.781,11.8844,24.3255,96.56,59.16
73,50,1,355.617,11.9074,24.5105,96.12,59.4
74,50,1,355.63,11.9325,24.4467,95.63,59.82
75,50,1,355.493,11.9385,24.6243,96.47,58.99
76,50,1,355.565,11.9332,24.5624,95.72,58.46
77,50,1,355.89,11.9171,24.1673,96.57,59.11
78,50,1,355.658,11.9421,24.4122,94.86,58.58
79,50,1,355.681,11.9148,24.4043,96.04,58.92
80,50,1,355.585,11.9086,24.4636,93.87,58.71
81,50,1,355.518,11.9294,24.6349,97.17,58.76
82,50,1,355.495,11.9491,24.6769,94.97,56.28
83,50,1,128.1,39.4382,38.3832,89.24,55.73
84,50,1,128.1,39.4089,38.3592,95.83,55.25
85,50,1,128.108,39.3924,38.3547,97.33,55.37
86,50,1,128.1,39.4214,38.334,94.97,55.9
87,50,1,128.085,39.3839,38.3386,94.87,56.03
88,50,1,128.158,39.3822,38.311,95.98,56.1
89,50,1,128.138,39.4022,38.3426,95.38,55.42
90,50,1,128.152,39.3928,38.3908,94.67,55.97
91,50,1,128.192,39.3974,38.2535,93.76,56.15
92,50,1,128.123,39.4162,38.3332,94.1,56.19
93,50,1,128.193,39.3692,38.3164,98.35,56.65
94,50,1,128.213,39.3878,38.2465,96.67,56.98
95,50,1,128.223,39.3768,38.2945,96.51,55.36
96,50,0,0,0,0,0,54.32
97,50,1,355.323,11.9496,24.7523,95.57,56.43
98,50,1,355.306,11.8662,24.8675,94.82,58.61
99,50,1,355.145,11.9255,24.9033,95.68,58.82
100,50,1,355.267,11.9141,24.8447,95.96,57.67
101,50,1,355.299,11.9118,24.7963,96.69,58.33
102,50,1,355.392,11.9101,24.6899,96.71,59.16
103,50,1,355.077,11.9223,25.0578,95.56,58.4
104,50,1,355.508,11.9742,24.4838,95.74,58.17
105,50,1,355.335,11.9028,24.7005,95.88,58.86
106,50,1,355.235,11.8989,24.9033,95.64,59.35
107,50,1,355.446,11.9327,24.7015,95.59,59.07
108,50,1,355.473,11.8988,24.6262,96.28,58.96
109,50,1,355.321,11.934,24.7524,95.96,58.23
110,50,1,355.381,11.9187,24.6607,95.59,59.16
111,50,1,355.194,11.8991,24.8774,95.49,58.71
112,50,1,355.072,11.919,24.965,95.44,58.77
113,50,1,355.167,11.9101,24.9047,95.19,58.32
114,50,1,355.244,11.9198,24.8079,95.47,58.36
115,50,1,355.223,11.9078,24.9281,93.59,58.67
116,50,1,355.303,11.9035,24.8204,94.75,58.89
117,50,1,355.309,11.9341,24.6957,96.34,59.09
118,50,1,355.034,11.8888,25.0644,92.78,58.94
119,50,1,355.116,11.924,24.9015,95.14,59
120,50,1,355.097,11.9368,25.0036,95.29,57.87
121,50,1,355.166,11.9483,24.9934,95.09,59
122,50,1,355.025,11.94,25.0377,94.18,58.23
123,50,1,355.301,11.8968,24.7679,96.76,59.4
124,50,1,355.151,11.983,24.9071,96.54,59.09
125,50,1,355.153,11.9177,24.9426,95.09,59.26
126,50,1,355.134,11.8899,24.9858,95.76,59.09
127,50,1,355.18,12.0019,24.8606,95.24,59.31
128,50,1,355.212,12.0061,24.9213,95.05,58.56
129,50,1,355.11,11.934,24.98,95.31,59.21
130,50,1,355.208,11.9771,24.8414,95.32,59.87
131,50,1,355.168,11.9184,24.9448,95.26,58.65
132,50,1,355.157,11.9495,24.8469,96.1,59.04
133,50,1,354.986,12.0521,25.1122,95.9,58.37
134,50,1,355.104,11.9323,25.1467,94.4,59.25
135,50,1,354.938,11.9206,25.1868,93.75,59.54
136,50,1,354.942,11.937,25.1044,94.78,58.23
137,50,1,355.206,12.0397,24.8917,95.42,59.14
138,50,1,354.998,11.9372,25.1238,96.15,59.32
139,50,1,354.994,12.0058,25.1734,97.58,59.86
140,50,1,354.87,11.9323,25.1477,93.85,59.38
141,50,1,355.16,11.9912,24.7804,95.56,59.23
142,50,1,354.863,11.9475,25.2169,95.48,58.21
143,50,1,355.047,11.9258,25.0132,96.72,60.1
144,50,1,354.721,11.9265,25.3946,93.87,57.21
145,50,0,0,0,0,0,55.9
146,50,0,0,0,0,0,53.97
147,50,1,236.78,41.6439,12.336,94.16,54.67
148,50,1,236.805,41.6406,12.2761,94.27,55.06
149,50,1,236.93,41.6783,12.2895,91.94,54.49
150,50,1,236.937,41.6916,12.1934,94.87,54.08
151,50,1,236.945,41.6839,12.2148,93.56,54.71
152,50,1,236.861,41.667,12.2364,94.73,53.93
153,50,1,236.803,41.6304,12.3107,92.56,55.42
154,50,1,236.783,41.6607,12.3,92.66,55.21
155,50,1,236.831,41.6771,12.3086,94.38,54.81
156,50,1,236.828,41.6704,12.2846,94.15,55.47
157,50,1,236.904,41.6562,12.3125,94.63,55.18
158,50,1,236.918,41.6527,12.2429,94.28,55.41
159,50,1,236.753,41.6446,12.3264,94.4,55.69
160,50,1,236.909,41.6572,12.3146,92.42,55.85
161,50,1,236.866,41.6558,12.325,95.02,55.37
162,50,1,236.818,41.6785,12.2873,94.8,54.2
163,50,1,236.771,41.664,12.2831,93.21,54.82
164,50,1,236.747,41.6709,12.3256,94.91,55.37
165,50,1,236.8,41.7,12.2881,92.64,54.96
166,50,1,236.752,41.6732,12.2844,92.13,55.04
167,50,1,236.879,41.6933,12.314,95.42,54.6
168,50,1,236.818,41.6696,12.3037,93.21,54.95
169,50,1,236.861,41.665,12.2411,93.02,56.08
170,50,1,236.858,41.6832,12.2489,96.13,54.04
171,50,1,236.747,41.6802,12.3218,93.65,55.02
172,50,1,236.824,41.6751,12.2822,95.05,54.59
173,50,1,236.831,41.668,12.3176,93.97,54.39
174,50,1,236.839,41.6921,12.2525,96.18,55.6
175,50,1,236.84,41.6799,12.3002,94.46,55
176,50,1,236.815,41.7216,12.2867,91.95,54.77
177,50,1,236.853,41.7251,12.2847,93.92,54.8
178,50,1,236.807,41.6964,12.3045,92.47,55.8
179,50,1,236.805,41.6828,12.3175,93.3,56.02
180,50,1,236.797,41.6177,12.2975,94.1,55.7
181,50,1,236.888,41.6037,12.1394,92.09,56.48
182,50,1,236.937,41.6415,12.0133,92.13,55.69
183,50,1,236.77,41.6772,12.2003,94.55,56.14
184,50,1,236.872,41.7318,12.1648,92.97,55.2
185,50,1,236.892,41.7534,12.1244,92.49,54.55
186,50,1,236.904,41.7375,12.2247,93.04,56.01
187,50,1,236.887,41.7183,12.229,93.37,55.6
188,50,1,236.846,41.6853,12.2735,94.51,56.03
189,50,1,236.818,41.6904,12.2863,93.47,55.16
190,50,1,236.755,41.6922,12.2981,92.35,54.71
191,50,1,236.913,41.7372,12.256,92.04,54.37
192,50,0,0,0,0,0,53.02
193,50,1,61.4657,10.0635,57.9333,81.34,55.13
194,50,1,61.2081,9.9892,58.2796,87.89,58.54
195,50,1,61.2389,9.9926,58.2337,87.27,57.52
196,50,1,60.8382,10.0314,58.6173,89.92,58.03
197,50,1,61.5455,9.93392,57.8695,89.3,59.4
198,50,1,61.1883,9.99267,58.2374,88.71,59.58
199,50,1,61.6749,9.96295,57.7869,88.51,59.02
200,50,1,61.0942,10.0119,58.2552,89.41,58.69
201,50,1,61.4348,9.96559,57.9929,88.42,58.68
202,50,1,61.6776,9.94757,57.7082,88.12,59.5
203,50,1,61.1692,9.96049,58.3516,87.12,58.71
204,50,1,61.5244,9.94788,57.8865,88.36,59.52
205,50,1,61.6089,9.95283,57.7664,89.11,58.87
206,50,1,61.4056,9.93637,58.0112,89.07,59.04
207,50,1,61.6857,9.94256,57.7686,88.31,59.43
208,50,1,61.0533,9.94367,58.3661,92.04,58.34
209,50,1,61.0508,9.97278,58.3222,88.39,58.77
210,50,1,61.4674,9.86375,58.0327,92.59,59.74
211,50,1,61.4151,9.91398,58.1376,87.87,59.6
212,50,1,61.3626,9.90986,58.095,89.3,59.98
213,50,1,61.3358,9.93026,58.1464,89.67,59.44
214,50,1,61.0628,9.92146,58.3485,90.99,58.78
215,50,1,61.2906,9.94244,58.0678,90.85,59.45
216,50,1,61.2292,9.91437,58.2152,93.57,60
217,50,1,61.5164,9.9202,57.9383,88.11,59.75
218,50,1,61.6953,9.9163,57.7604,89.03,59.8
219,50,1,61.3396,9.91511,58.0154,91.37,59.81
220,50,1,61.1533,9.89352,58.3987,93.64,59.66
221,50,1,61.3184,9.9074,58.1412,90.74,59.48
222,50,1,60.9264,9.92593,58.4671,91.3,59.34
223,50,1,61.1687,9.89616,58.2499,90.86,58.18
224,50,0,0,0,0,0,51.55
225,50,1,168.04,26.8618,24.0855,86.98,52.14
226,50,1,168.035,26.8996,24.1135,94.22,55.79
227,50,1,167.931,26.8786,24.1227,95.07,58.21
228,50,1,167.962,26.9316,24.017,91.92,59.1
229,50,1,168.207,26.8927,23.9587,93.2,58.37
230,50,1,168.094,26.8854,24.025,97.13,58.64
231,50,1,167.975,26.9363,24.0327,92.6,59.24
232,50,1,168.098,26.9225,23.9332,92.05,58.76
233,50,1,168.087,26.8702,24.0144,94.75,58.71
234,50,1,168.069,26.8778,24.0392,93.97,59.32
235,50,1,168.104,26.9277,23.8736,90.52,58.63
236,50,1,168.254,26.9573,23.7823,91.82,58.25
237,50,1,168.29,26.9532,23.7784,93.55,59.37
238,50,1,168.159,26.856,23.9153,93.2,58.72
239,50,1,168.201,26.8761,23.8244,94.71,59.44
240,50,1,168.095,26.8352,23.9128,96.35,59.35
241,50,1,168.2,26.859,23.8609,95.23,58.96
242,50,1,168.078,26.8449,23.9373,92.87,58.03
243,50,1,168.16,26.8708,23.9169,93.69,59.34
244,50,1,168.111,26.8757,23.933,93.5,58.64
245,50,1,168.238,26.8596,23.8611,94.89,58.69
246,50,1,168.359,26.9559,23.6436,92.54,59.12
247,50,1,168.261,26.8563,23.819,94.42,58.73
248,50,1,168.14,26.853,23.8798,95.02,58.98
249,50,1,168.196,26.8898,23.8477,94.79,59.61
250,50,1,168.126,26.9726,23.866,90.79,59.59
251,50,1,168.262,26.9597,23.7137,93.44,59.25
252,50,1,168.293,26.8547,23.8002,94.42,58.09
253,50,1,168.214,26.9107,23.7333,93.04,44.18
254,50,0,0,0,0,0,35.78
255,50,0,0,0,0,0,34.41
0,51,0,0,0,0,0,36.53
1,51,0,0,0,0,0,37.76
2,51,0,0,0,0,0,37.56
3,51,0,0,0,0,0,37.29
4,51,1,131.058,33.4213,81.1163,83.86,40.41
5,51,1,131.253,33.2928,81.0191,90.89,54.86
6,51,1,131.219,33.3628,81.1153,91.67,54.95
7,51,1,131.246,33.3008,81.0453,94.39,56.65
8,51,1,131.271,33.2664,81.0264,93.43,56.64
9,51,1,131.358,33.2822,80.9742,93.24,55.98
10,51,1,131.36,33.2787,81.0098,92.66,56.52
11,51,1,131.251,33.3377,81.0594,92.34,56.82
12,51,1,131.259,33.2993,81.0051,92.97,57.2
13,51,1,131.294,33.2573,81.0017,94.06,56.86
14,51,1,131.944,33.2957,80.3526,82.72,56.94
15,51,1,131.343,33.2885,80.9621,95.45,57.08
16,51,1,131.337,33.2832,80.9692,91.43,57.12
17,51,1,131.332,33.2529,80.9631,94,56.48
18,51,1,131.306,33.3073,80.9924,91.02,56.8
19,51,1,131.203,33.2681,80.9956,94.1,57
20,51,1,131.367,33.2762,80.951,92.07,56.88
21,51,1,131.272,33.3452,81.0476,92.43,56.65
22,51,1,131.311,33.2831,80.9545,92.82,57.44
23,51,1,131.313,33.2255,80.9555,94.06,56.25
24,51,1,131.37,33.2788,80.9224,93.61,57.11
25,51,1,131.343,33.2663,80.9305,92.99,57.28
26,51,1,131.255,33.2682,80.9758,92.97,57.69
27,51,1,131.329,33.2603,80.9503,92.26,57.19
28,51,1,131.324,33.25,80.9731,91.83,57.21
29,51,1,131.217,33.2601,81.0222,93.36,57.19
30,51,1,131.232,33.3156,81.0249,93.04,57.11
31,51,1,131.278,33.323,80.9833,91.49,57.59
32,51,1,131.383,33.2907,80.8898,94.31,56.66
33,51,1,131.348,33.3386,80.8901,93.81,57.44
34,51,1,131.447,33.3059,80.857,91.69,57.02
35,51,1,131.42,33.3032,80.885,91.15,57.38
36,51,1,131.347,33.3347,80.9673,91.64,57.2
37,51,1,131.382,33.374,81.0283,93,57.22
38,51,1,131.487,33.2972,80.9276,92.84,57.02
39,51,1,131.46,33.2012,80.849,84.97,54.67
40,51,1,355.898,11.9234,24.2634,93.96,57.49
41,51,1,355.863,11.9189,24.25,95.43,57.99
42,51,1,355.925,11.9492,24.2272,94.96,58.19
43,51,1,355.851,11.9276,24.1813,95.64,58.5
44,51,1,355.935,11.9064,24.1885,96.38,58.02
45,51,1,355.837,11.9081,24.407,93.86,58.25
46,51,1,355.882,11.8989,24.3011,94.93,58.62
47,51,1,355.966,11.8971,24.2286,93.35,59.17
48,51,1,355.976,11.9243,24.1338,95.38,59.05
49,51,1,355.718,11.8916,24.4233,94.46,57.9
50,51,1,355.884,11.8947,24.4143,93.25,58.2
51,51,1,355.652,11.9285,24.4701,96.39,57.67
52,51,1,355.623,11.9016,24.4713,94.84,58.46
53,51,1,355.519,11.9936,24.6283,96.89,58.27
54,51,1,355.916,11.9216,24.1863,95.34,59.15
55,51,1,355.822,11.9532,24.2546,95.83,58.73
56,51,1,356.002,11.9099,24.031,96.07,58.73
57,51,1,355.881,11.9035,24.2038,95.57,58.89
58,51,1,355.703,11.9627,24.4127,95.21,58.51
59,51,1,355.748,11.9122,24.307,95.33,58.9
60,51,1,355.863,11.8951,24.2924,93.7,58.7
61,51,1,355.712,11.9179,24.3844,95.05,58.31
62,51,1,355.68,11.9569,24.3623,95.45,59.03
63,51,1,355.64,11.9393,24.4914,95.5,58.48
64,51,1,355.691,11.9383,24.3352,96.31,58.63
65,51,1,355.772,11.9229,24.3529,96.24,58.49
66,51,1,355.482,11.9106,24.659,95.17,58.42
67,51,1,355.556,11.9154,24.5516,97.57,58.84
68,51,1,355.665,11.9307,24.4487,96.88,59.34
69,51,1,355.675,11.941,24.4562,94.94,58.82
70,51,1,355.559,11.9105,24.6194,96.68,59.37
71,51,1,355.655,11.9358,24.4482,95.45,57.93
72,51,1,355.541,11.9193,24.6463,96.87,58.94
73,51,1,355.602,11.9266,24.4191,96.89,58.21
74,51,1,355.535,11.9148,24.5905,95.82,58.94
75,51,1,355.799,11.9179,24.351,95.95,58.65
76,51,1,355.745,11.9228,24.2111,94.77,58.72
77,51,1,355.512,11.9264,24.631,96.21,58.8
78,51,1,355.492,11.9329,24.6058,93.49,58.55
79,51,1,355.443,11.9219,24.733,95.76,59.05
80,51,1,355.537,11.9292,24.5347,96.06,59.61
81,51,1,355.355,11.9297,24.7733,96.94,57.04
82,51,0,0,0,0,0,54.43
83,51,1,128.051,39.4063,38.3984,94.05,54.99
84,51,1,128.17,39.3872,38.323,97.07,56.32
85,51,1,128.183,39.3591,38.3364,94.66,55.07
86,51,1,128.102,39.4009,38.3467,94.04,56.86
87,51,1,128.085,39.382,38.4231,94.84,55.97
88,51,1,128.222,39.3822,38.3051,96.8,56.99
89,51,1,128.077,39.3732,38.4511,96.86,56.85
90,51,1,128.181,39.421,38.3041,96.73,57.16
91,51,1,128.13,39.4043,38.3175,96.14,55.87
92,51,1,128.111,39.3897,38.3815,94.64,56.33
93,51,1,128.155,39.3788,38.3058,95.89,55.72
94,51,1,128.211,39.3613,38.2762,96.52,56.6
95,51,1,128.229,39.3416,38.3044,94.22,54.45
96,51,0,0,0,0,0,55.38
97,51,1,355.391,11.9224,24.7027,95.77,57.5
98,51,1,355.322,11.9082,24.6676,96.02,58.38
99,51,1,355.426,11.9282,24.5971,94.64,58.62
100,51,1,355.237,11.924,24.8379,95.25,58
101,51,1,355.407,11.8836,24.6873,96.93,59.19
102,51,1,355.419,11.9002,24.6546,96.77,58.77
103,51,1,355.475,11.8878,24.6142,94.04,58.58
104,51,1,355.319,11.8823,24.7501,94.48,58.68
105,51,1,355.265,11.9918,24.8354,95.78,58.83
106,51,1,355.225,11.9055,24.8115,95.21,58.98
107,51,1,355.293,11.9187,24.8307,93.88,59.13
108,51,1,355.322,11.9502,24.6532,96.37,58.92
109,51,1,355.245,11.9108,24.7762,95.61,59.3
110,51,1,355.44,11.9035,24.6854,95.44,59.13
111,51,1,355.315,11.9244,24.7935,96.93,58.95
112,51,1,355.41,11.8931,24.7202,94.34,58.99
113,51,1,355.354,11.9043,24.7276,94.32,59.43
114,51,1,355.219,11.9043,24.819,95.94,59.06
115,51,1,355.236,11.9116,24.9158,94.61,59.11
116,51,1,355.201,11.9007,24.9666,96.5,58.97
117,51,1,355.03,11.9248,25.0856,96.24,59.32
118,51,1,355.359,11.9608,24.7581,95.56,58.7
119,51,1,355.312,11.9531,24.6865,96.26,58.61
120,51,1,355.079,11.9059,24.9886,94.88,59.13
121,51,1,355.082,11.9141,24.9579,95.14,59.79
122,51,1,355.321,11.9629,24.7412,95.34,59.34
123,51,1,355.271,11.9229,24.7485,96.61,59.08
124,51,1,355.138,11.8972,24.8485,94.74,58.57
125,51,1,355.095,11.9416,24.9702,96.56,58.82
126,51,1,355.163,11.9211,24.8915,96.19,59.31
127,51,1,355.155,11.9104,24.8661,96.03,59.31
128,51,1,354.888,11.9318,25.1752,94.83,58.43
129,51,1,355.014,11.9233,25.0501,95.04,58.7
130,51,1,355.02,11.9562,25.0254,94.3,58.52
131,51,1,355.179,11.8997,24.8677,97.62,58.34
132,51,1,355.053,11.9323,25.0555,95.89,59.27
133,51,1,355.036,12.0479,25.1095,96.86,58.45
134,51,1,355.084,11.9201,24.9738,94.83,59.28
135,51,1,355.083,11.9326,25.0238,96.06,58.7
136,51,1,354.959,11.9419,25.1424,96.03,59.65
137,51,1,355.259,11.9334,24.9135,94.94,59.78
138,51,1,355.032,11.9473,25.0014,97.54,59.68
139,51,1,354.933,11.9336,25.1564,94.8,58.98
140,51,1,355.104,11.972,24.9077,95.65,59.71
141,51,1,355.051,11.9437,24.9745,95.53,58.91
142,51,1,355.052,11.9271,25.0028,95.6,59.39
143,51,1,355.008,11.9389,25.085,94.95,58.89
144,51,1,355.131,11.946,25.0311,95.11,58.44
145,51,1,354.568,11.9868,25.5698,96.51,57.77
146,51,1,354.743,11.9177,25.3908,93.99,56.01
147,51,0,0,0,0,0,53.59
148,51,1,236.835,41.6642,12.2959,91.71,53.76
149,51,1,236.828,41.6331,12.319,94.31,54.55
150,51,1,236.847,41.6801,12.216,93.01,53.37
151,51,1,236.847,41.6589,12.2027,92.71,55.15
152,51,1,236.914,41.6787,12.2867,93.92,54.62
153,51,1,236.837,41.6538,12.3081,92.69,55.03
154,51,1,236.93,41.6721,12.2636,93.44,55.11
155,51,1,236.897,41.6858,12.2858,93.74,54.66
156,51,1,236.806,41.6557,12.321,93.83,55.22
157,51,1,236.89,41.6555,12.3021,93.94,55.27
158,51,1,236.844,41.6764,12.281,94.56,55.23
159,51,1,236.87,41.6822,12.1884,93.04,54.68
160,51,1,236.741,41.6501,12.3113,93.76,54.78
161,51,1,236.849,41.6738,12.3053,92.75,55.26
162,51,1,236.776,41.6638,12.3073,92.38,55.05
163,51,1,236.771,41.6741,12.3169,94.53,54.94
164,51,1,236.835,41.681,12.2935,92.48,54.84
165,51,1,236.806,41.6882,12.2818,92.25,54.81
166,51,1,236.856,41.698,12.2532,94.16,55.84
167,51,1,236.767,41.6813,12.2874,93.29,55.5
168,51,1,236.854,41.6747,12.2272,92.56,55.1
169,51,1,236.798,41.688,12.2981,91.78,54.93
170,51,1,236.757,41.6838,12.3055,92.6,54.7
171,51,1,236.912,41.6862,12.2941,94.95,55.22
172,51,1,236.792,41.6824,12.2132,94.3,54.55
173,51,1,236.84,41.7084,12.2398,93.43,55.08
174,51,1,236.849,41.7032,12.2927,93.3,55.41
175,51,1,236.865,41.7077,12.2326,92.66,54.9
176,51,1,236.829,41.7063,12.2938,92.86,55.19
177,51,1,236.775,41.7006,12.3291,92.62,55.29
178,51,1,236.828,41.7169,12.2553,93.05,54.82
179,51,1,236.771,41.6477,12.3138,96.2,55.05
180,51,1,236.788,41.6334,12.2709,93.51,55.72
181,51,1,236.867,41.6213,12.1589,93.76,56.37
182,51,1,236.917,41.6179,12.0688,93.92,55.6
183,51,1,236.986,41.674,11.9905,94,55.63
184,51,1,236.893,41.7072,12.1612,93.19,54.04
185,51,1,236.912,41.7446,12.2104,92.15,55.23
186,51,1,236.809,41.7084,12.2684,93.4,55.28
187,51,1,236.786,41.7167,12.1877,92.68,54.85
188,51,1,236.789,41.6836,12.3323,94.1,54.3
189,51,1,236.872,41.7098,12.2856,92.31,55.23
190,51,1,236.853,41.7243,12.19,92.4,54.3
191,51,1,236.845,41.7444,12.2746,93.58,52.72
192,51,0,0,0,0,0,54.37
193,51,1,61.4045,10.0004,58.0068,89.79,57.26
194,51,1,61.2772,9.99065,58.1379,87.42,58.71
195,51,1,61.7446,9.98453,57.6629,80.5,58.78
196,51,1,61.098,10.0117,58.3499,88.38,59.38
197,51,1,61.5499,9.9769,57.8729,87.03,59.23
198,51,1,61.4624,9.89786,58.1283,93.22,60
199,51,1,61.2129,9.97351,58.1799,89.96,59.13
200,51,1,61.0295,10.0246,58.346,80.9,58.32
201,51,1,61.2149,9.97606,58.1977,92.71,58.58
202,51,1,61.5699,9.92539,57.935,93.43,59.42
203,51,1,61.3872,9.96964,58.0355,89.72,58.71
204,51,1,61.2081,9.96119,58.264,88,59.17
205,51,1,61.7178,9.94348,57.7052,90.29,60.14
206,51,1,61.4277,9.94745,57.9553,88.63,58.97
207,51,1,61.4009,9.94217,58.0482,87.5,58.97
208,51,1,61.4728,9.96862,57.8622,87.73,58.46
209,51,1,61.4858,9.94736,57.9174,89,59.58
210,51,1,61.3935,9.95254,58.0877,85.63,59.28
211,51,1,61.3591,9.96221,58.024,88.91,58.77
212,51,1,61.3727,9.91647,58.1441,91.59,59.42
213,51,1,61.4838,9.9407,57.978,89.36,59.66
214,51,1,60.9879,9.93946,58.3728,90.9,58.4
215,51,1,61.2998,9.91129,58.1574,89.03,59.6
216,51,1,61.3997,9.94398,57.965,89.9,59.74
217,51,1,61.3925,9.91052,58.0147,90.13,58.58
218,51,1,60.9763,9.9016,58.5438,92.14,59.62
219,51,1,61.4436,9.91525,58.0228,87.47,59.51
220,51,1,61.2165,9.92464,58.2106,89.21,59.83
221,51,1,61.1766,9.9336,58.1971,90.05,59.58
222,51,1,61.5489,9.92146,57.7934,89.15,59.57
223,51,1,61.191,9.90712,58.268,88.21,58.71
224,51,2,60.7567,10.3789,58.5078,60.56,53.46
225,51,0,0,0,0,0,51.24
226,51,1,167.994,26.8789,24.1226,88.45,53.26
227,51,1,167.983,26.9057,24.108,94.02,56.56
228,51,1,168.105,26.8999,24.0456,96.69,57.23
229,51,1,168.085,26.8801,24.0189,94.83,58.66
230,51,1,167.981,26.987,24.0417,93.28,59.41
231,51,1,168.175,26.989,23.8369,92.39,59.12
232,51,1,168.228,26.9649,23.8398,92.72,58.43
233,51,1,168.202,26.9592,23.8342,91.62,59.68
234,51,1,168.23,26.885,23.9514,94.13,58.68
235,51,1,168.191,26.9531,23.8644,93.56,59.17
236,51,1,168.345,26.9566,23.7162,91.88,59.71
237,51,1,168.003,26.9125,23.9761,91.49,59.92
238,51,1,168.142,26.911,23.7823,93.43,59.59
239,51,1,168.013,26.9035,23.9341,91.35,59.49
240,51,1,168.267,26.9495,23.7632,93.05,59.15
241,51,1,168.201,26.8606,23.8863,94.21,58.76
242,51,1,168.229,26.9282,23.7863,92.72,59.13
243,51,1,168.129,26.8585,23.9318,94.14,58.6
244,51,1,168.154,26.8537,23.8978,95.39,59.53
245,51,1,168.221,26.8784,23.8624,94.85,58.46
246,51,1,168.282,26.9362,23.827,93.08,59.83
247,51,1,168.2,26.8719,23.864,95.34,58.99
248,51,1,168.146,26.8598,23.8845,94.74,58.95
249,51,1,168.188,26.8784,23.8817,95.99,58.83
250,51,1,168.263,26.9563,23.697,91.7,59.54
251,51,1,168.24,26.8798,23.8627,96,59.43
252,51,1,168.3,26.9562,23.7136,90,58.13
253,51,1,168.164,26.9077,23.7779,92.89,49.17
254,51,0,0,0,0,0,36.74
255,51,0,0,0,0,0,35.37
0,52,0,0,0,0,0,36.48
1,52,0,0,0,0,0,37.31
2,52,0,0,0,0,0,37.93
3,52,0,0,0,0,0,36.48
4,52,1,131.376,33.3377,80.9434,91.32,41.4
5,52,1,131.2,33.2898,81.0544,92.16,54.62
6,52,1,131.149,33.3269,81.0839,92.33,55.33
7,52,1,131.217,33.3157,81.0421,93.67,56.69
8,52,1,131.229,33.3325,81.028,92.39,56.54
9,52,1,131.307,33.2958,80.9456,95.04,56.36
10,52,1,131.386,33.2973,80.9952,94.14,57.09
11,52,1,131.35,33.255,80.9633,91.01,56.73
12,52,1,131.294,33.254,80.991,93.61,56
13,52,1,131.211,33.3086,81.022,91.85,56.28
14,52,1,131.293,33.2728,80.9698,92.54,56.84
15,52,1,131.327,33.3229,81.0268,91.82,56.5
16,52,1,131.346,33.294,80.9586,92.67,57.46
17,52,1,131.38,33.2469,80.9344,93.69,55.77
18,52,1,131.288,33.2575,80.9737,92.37,57.04
19,52,1,131.287,33.2817,80.981,92.51,56.91
20,52,1,131.374,33.2819,80.9436,90.84,57.94
21,52,1,131.26,33.251,80.9577,93.46,56.72
22,52,1,131.399,33.2803,80.9077,91.23,57.65
23,52,1,131.342,33.2733,80.9354,93.5,56.69
24,52,1,131.294,33.2486,80.9622,92.46,56.74
25,52,1,131.316,33.2557,80.9588,92.33,56.28
26,52,1,131.305,33.2794,80.8921,91.28,56.46
27,52,1,131.413,33.2692,80.9123,92.85,57.51
28,52,1,131.362,33.2489,80.9453,92.84,56.63
29,52,1,131.286,33.2878,80.9904,91.77,57.07
30,52,1,131.241,33.3365,80.9867,91.8,57.77
31,52,1,131.316,33.2643,80.9344,92.56,57.19
32,52,1,131.405,33.309,80.881,90.86,57.92
33,52,1,131.429,33.3114,80.848,93.42,56.34
34,52,1,131.368,33.2907,80.8778,92.8,57.03
35,52,1,131.389,33.2989,80.9009,90.58,57.45
36,52,1,131.341,33.3611,81.0056,91.55,57.34
37,52,1,131.243,33.3874,81.0579,94.86,57.01
38,52,1,131.303,33.3206,80.9408,93.49,57.22
39,52,1,131.505,33.1875,80.8118,83.69,53.46
40,52,1,356.161,11.9161,24.0218,93.09,56.28
41,52,1,355.692,11.9376,24.4323,93.26,55.16
42,52,1,355.782,11.9386,24.2921,95.46,58.14
43,52,1,356.138,11.9156,23.9945,96.6,58.62
44,52,1,355.772,11.9306,24.3372,96.03,57.42
45,52,1,355.987,11.8988,24.0824,93.69,58.22
46,52,1,355.815,11.9062,24.3728,95.41,58.84
47,52,1,356.014,11.996,24.0964,96.89,58.6
48,52,1,355.737,11.9152,24.3696,95,58.07
49,52,1,355.916,11.9106,24.2868,93.14,58.46
50,52,1,355.695,11.9151,24.374,94.2,58.3
51,52,1,355.659,11.9247,24.4448,95.11,58.37
52,52,1,355.763,11.8954,24.3514,95.82,58.57
53,52,1,355.89,11.9908,24.1923,96.52,58.36
54,52,1,355.602,11.9208,24.4993,94.43,58.04
55,52,1,355.829,11.9474,24.2549,95.18,58.86
56,52,1,355.884,11.8898,24.1833,95.38,58.67
57,52,1,355.881,11.8995,24.2476,94.77,59.15
58,52,1,355.753,11.9159,24.3448,97.72,59.07
59,52,1,355.844,11.9027,24.2557,94.76,59
60,52,1,355.756,11.9188,24.2982,93.14,58
61,52,1,355.587,11.944,24.5435,95.87,59.04
62,52,1,355.9,11.9101,24.2809,93.97,58.78
63,52,1,355.7,11.98,24.4586,95.31,58.25
64,52,1,355.814,11.8917,24.3406,95.46,59.05
65,52,1,355.697,11.8961,24.4258,96.27,58.37
66,52,1,355.507,11.8788,24.6374,94.34,58.2
67,52,1,355.709,11.9398,24.2988,95.49,58.8
68,52,1,355.59,11.991,24.4328,95.73,58.84
69,52,1,355.65,11.9218,24.4446,95.61,58.98
70,52,1,355.432,11.9328,24.7528,95.86,58.44
71,52,1,355.521,11.9257,24.5677,94.46,58.85
72,52,1,355.638,11.9667,24.5585,96.18,58.89
73,52,1,355.692,11.9009,24.4106,96.48,59.72
74,52,1,355.701,11.9897,24.4397,96.06,59.61
75,52,1,355.488,11.929,24.6096,96.36,58.02
76,52,1,355.644,11.8999,24.4773,97.38,59.35
77,52,1,355.411,11.9318,24.6204,95.56,58.78
78,52,1,355.43,11.8854,24.7296,95.45,58.88
79,52,1,355.574,11.9328,24.4485,95.64,58.66
80,52,1,355.592,11.9133,24.5008,97.13,58.49
81,52,0,0,0,0,0,55.89
82,52,1,128.226,39.4092,38.308,94.83,54.1
83,52,1,128.089,39.413,38.3639,95.15,55.27
84,52,1,128.094,39.3965,38.4155,95.29,55.49
85,52,1,128.158,39.4001,38.3391,97.22,56.42
86,52,1,128.173,39.405,38.3017,95.87,55.29
87,52,1,128.174,39.3696,38.3386,98.08,56.22
88,52,1,128.172,39.3947,38.3436,96.12,55.64
89,52,1,128.097,39.3762,38.3523,96.9,56.08
90,52,1,128.169,39.3866,38.3239,96.48,55.77
91,52,1,128.071,39.3984,38.3884,94.77,55.66
92,52,1,128.16,39.3796,38.3114,93.32,55.27
93,52,1,128.111,39.3941,38.3215,96.41,56.31
94,52,1,128.218,39.357,38.2662,95.79,54.92
95,52,0,0,0,0,0,55.29
96,52,1,355.157,11.9218,24.9081,96.35,56.53
97,52,1,355.34,11.8923,24.7119,94.83,58.51
98,52,1,355.428,11.9418,24.7114,96.97,58.84
99,52,1,355.384,11.9676,24.7186,96.58,58.59
100,52,1,355.595,11.9003,24.5251,96.33,58.99
101,52,1,355.245,11.888,24.9444,93.07,58.55
102,52,1,355.377,11.8905,24.759,95.71,58.96
103,52,1,355.295,11.907,24.7639,94.91,59.29
104,52,1,355.242,11.8889,24.9008,95.67,58.66
105,52,1,355.422,11.8848,24.646,94.8,59.2
106,52,1,355.276,11.9178,24.7068,93.69,58.52
107,52,1,355.305,11.9147,24.7328,96.68,58.26
108,52,1,355.118,11.9046,24.9715,94.11,58.42
109,52,1,355.378,11.8971,24.6301,96.75,58
110,52,1,355.053,11.9699,25.0196,97.27,57.63
111,52,1,355.141,11.9158,24.9069,95.39,58.57
112,52,1,355.297,11.9654,24.7493,95.6,58.98
113,52,1,355.085,11.9004,25.0066,96.66,57.85
114,52,1,355.283,11.9021,24.8181,96.68,58.34
115,52,1,355.182,11.9116,24.9447,96.82,59.27
116,52,1,355.23,11.9181,24.9454,94.73,58.73
117,52,1,355.226,11.9091,24.7616,95.59,58.8
118,52,1,355.029,11.9223,25.0507,95.65,58.09
119,52,1,355.221,11.9022,24.8344,96.04,58.76
120,52,1,355.324,11.9742,24.7366,97.4,59.35
121,52,1,355.121,11.9029,25.0086,95.15,58.84
122,52,1,355.069,11.9085,25.0339,96.28,59.1
123,52,1,355.144,11.9294,24.8574,96.2,58.67
124,52,1,355.113,11.904,24.9737,96.02,58.98
125,52,1,354.893,11.8968,25.204,95.11,58.84
126,52,1,355.193,11.916,24.9692,96.94,58.4
127,52,1,355.074,11.9705,25.0078,95.46,59.05
128,52,1,355.09,11.9176,25.0218,93.47,58.99
129,52,1,355.254,11.9744,24.8341,95.1,59.53
130,52,1,355.112,12.0084,24.964,96.67,58.82
131,52,1,355.091,11.9262,24.9252,97.12,59.37
132,52,1,354.872,11.9739,25.271,95.75,58.96
133,52,1,355.173,11.9992,24.8048,96.31,59.6
134,52,1,354.992,11.9339,25.0746,95.03,58.69
135,52,1,355.062,11.8958,25.1585,94.41,59.33
136,52,1,355.196,11.9325,24.8706,94.99,59.29
137,52,1,355.258,11.9648,24.7391,96.65,58.93
138,52,1,355.203,11.9251,24.85,96.41,58.82
139,52,1,355.25,11.9435,24.8174,95.73,59.45
140,52,1,355.007,11.9125,24.9979,95.59,58.91
141,52,1,355.088,11.9415,25.0646,95.95,59.22
142,52,1,354.926,11.9384,25.1272,94.9,59.37
143,52,1,355.012,11.9841,25.0705,96.27,59.24
144,52,1,354.895,11.9327,25.1575,93.93,58.77
145,52,1,354.983,11.9221,25.0917,94.97,59.09
146,52,1,354.888,11.9528,25.1061,95.14,58.02
147,52,1,354.77,11.9559,25.2934,95.58,56.08
148,52,0,0,0,0,0,54.78
149,52,1,236.827,41.6697,12.3116,93.98,52.68
150,52,1,236.83,41.6359,12.329,94.67,54.57
151,52,1,236.794,41.6535,12.3458,92.96,54.25
152,52,1,236.784,41.6579,12.3028,94.63,55.09
153,52,1,236.842,41.6542,12.2454,94.71,54.88
154,52,1,236.816,41.6671,12.2411,95.43,54.22
155,52,1,236.829,41.6527,12.2302,92.93,54.85
156,52,1,236.785,41.6377,12.328,92.62,54.8
157,52,1,236.837,41.6781,12.2926,94.97,54.73
158,52,1,236.797,41.6603,12.3041,93.25,54.93
159,52,1,236.895,41.6892,12.2627,94.69,55.1
160,52,1,236.784,41.679,12.3177,94.88,55.52
161,52,1,236.834,41.664,12.3285,94.57,55.48
162,52,1,236.861,41.6531,12.2867,95.18,55.21
163,52,1,236.837,41.6773,12.211,94.5,55.54
164,52,1,236.81,41.679,12.3066,95.45,55.43
165,52,1,236.881,41.6574,12.322,94.24,55.13
166,52,1,236.908,41.695,12.2282,94.06,54.53
167,52,1,236.731,41.634,12.3412,95.03,55.44
168,52,1,236.825,41.6906,12.2433,94.56,55.57
169,52,1,236.827,41.6749,12.3044,96.7,56.1
170,52,1,236.761,41.6827,12.2966,94.27,54.24
171,52,1,236.854,41.7098,12.2305,94.86,55.39
172,52,1,236.875,41.6937,12.2529,95.18,54.48
173,52,1,236.827,41.6948,12.2689,93.32,54.92
174,52,1,236.857,41.675,12.245,92.77,56.06
175,52,1,236.766,41.7168,12.3006,90.78,55.27
176,52,1,236.805,41.7272,12.211,93.65,55.22
177,52,1,236.791,41.7162,12.2916,93.52,55
178,52,1,236.756,41.6815,12.2913,94.52,55.52
179,52,1,236.843,41.6934,12.3022,94.47,55.86
180,52,1,236.813,41.7008,12.2954,91.59,55.29
181,52,1,236.886,41.714,12.1227,92.83,55.99
182,52,1,236.976,41.6845,12.1126,92.05,56.19
183,52,1,236.915,41.6586,12.1105,95.14,55.83
184,52,1,236.932,41.7104,12.1686,93.41,55.63
185,52,1,236.826,41.712,12.1644,94.43,55.04
186,52,1,236.821,41.6868,12.2602,93.13,55.46
187,52,1,236.754,41.6667,12.2886,95.49,55.48
188,52,1,236.886,41.6982,12.2615,94.17,55.08
189,52,1,236.699,41.6793,12.3083,94.03,53.88
190,52,1,236.842,41.7005,12.2618,94.13,53.31
191,52,2,62.9135,9.73838,56.072,56.57,53.11
192,52,1,61.5468,10.0228,57.842,88.92,56.83
193,52,1,61.5688,9.95747,57.9656,91.05,58.29
194,52,1,61.9563,9.96401,57.4449,90.24,58.52
195,52,1,61.5114,9.95622,57.9706,90.92,58.08
196,52,1,61.3855,9.98193,57.9823,87.66,59.38
197,52,1,61.2024,9.97065,58.2273,90.83,57.97
198,52,1,61.208,9.96148,58.238,85.57,58.8
199,52,1,61.4706,9.98457,57.9757,90.22,58.87
200,52,1,61.2181,9.94608,58.2596,88.97,59.65
201,52,1,61.5651,9.96047,57.8241,90.54,58.52
202,52,1,61.1744,9.98744,58.2829,88.12,59.08
203,52,1,61.514,9.93578,57.9606,89.25,59.16
204,52,1,61.4775,9.94285,57.9561,89.98,59.09
205,52,1,61.6218,9.92751,57.8278,90.25,59.09
206,52,1,61.665,9.9069,57.7825,87.8,59.76
207,52,1,61.4811,9.9376,57.9376,90.21,58.84
208,52,1,61.4552,9.93579,57.9395,89.99,59.17
209,52,1,61.7665,9.96589,57.6258,89.54,60.47
210,52,1,61.506,9.92709,57.8876,89.18,59.1
211,52,1,60.993,9.95285,58.4548,91.02,59.94
212,52,1,60.9956,9.90843,58.4527,93.33,59.72
213,52,1,61.3857,9.92544,58.0609,88.44,59.14
214,52,1,61.1397,9.93434,58.3136,90.44,59.98
215,52,1,60.9759,9.95416,58.4025,88.92,59.62
216,52,1,61.3925,9.90041,58.049,91.4,59.24
217,52,1,61.4203,9.92827,58.0127,87.66,59.52
218,52,1,61.2205,9.93336,58.1471,90.37,59.74
219,52,1,61.5122,9.91581,57.8946,87.56,58.45
220,52,1,61.0763,9.91363,58.3551,86.61,58.92
221,52,1,61.1223,9.93186,58.2486,88,59.35
222,52,1,61.1797,9.92345,58.247,91.08,59.39
223,52,1,61.5552,9.90065,57.8464,90.26,59.04
224,52,1,61.0137,9.90344,58.4319,88.4,57.11
225,52,0,0,0,0,0,51.71
226,52,1,66.5314,35.9316,79.9306,88.31,51.15
227,52,1,167.992,26.9189,24.1025,88.48,52.96
228,52,1,168.133,26.8779,24.0038,94.75,55.41
229,52,1,168.167,26.8924,23.9538,94.67,58.62
230,52,1,168.255,26.9947,23.7898,94.65,58.63
231,52,1,168.078,26.9002,24.0064,94.46,57.59
232,52,1,168.115,26.9132,24.0092,93.32,58.14
233,52,1,168.042,26.8946,24.0288,93.82,58.89
234,52,1,168.152,26.9421,23.8938,92.38,59.32
235,52,1,168.281,26.9726,23.8057,92.12,59.36
236,52,1,167.992,26.8611,24.0136,95.18,58.85
237,52,1,168.226,26.8781,23.9062,95.34,58.92
238,52,1,168.01,26.9728,23.9468,90.31,58.78
239,52,1,168.273,26.87,23.8287,96.25,58.84
240,52,1,168.167,26.9612,23.792,91.41,58.94
241,52,1,168.341,26.9405,23.6943,93.8,59.45
242,52,1,168.087,26.9583,23.9033,93.39,59.17
243,52,1,168.143,26.8666,23.9148,94.77,58.94
244,52,1,168.124,26.8491,23.9114,94.92,57.99
245,52,1,168.217,26.9292,23.7512,93.62,59.18
246,52,1,168.027,26.8892,23.8703,90.87,58.94
247,52,1,168.084,26.8484,23.8892,94.57,58.67
248,52,1,168.235,26.8729,23.8432,95.15,58.92
249,52,1,168.109,26.8309,23.8944,94.85,60.02
250,52,1,168.219,26.9545,23.7456,92.78,59.03
251,52,1,168.183,26.945,23.7674,92.37,58.91
252,52,1,167.992,26.8882,23.9177,90.49,58.07
253,52,1,168.089,26.8917,23.9015,93.4,50.03
254,52,0,0,0,0,0,35.33
255,52,0,0,0,0,0,34.75
0,53,0,0,0,0,0,36.56
1,53,0,0,0,0,0,37.24
2,53,0,0,0,0,0,37.33
3,53,0,0,0,0,0,36.52
4,53,1,131.044,33.3349,81.0819,86.67,40.75
5,53,1,131.388,33.286,80.9851,93.95,55.23
6,53,1,131.279,33.2607,81.0139,91.6,56.09
7,53,1,131.194,33.3006,81.04,92.66,56.41
8,53,1,131.199,33.3496,81.0481,90.9,55.89
9,53,1,131.252,33.3,81.0144,93.46,56.93
10,53,1,131.294,33.2722,80.9951,91.23,57.02
11,53,1,131.332,33.3233,80.9845,91.76,56.63
12,53,1,131.265,33.3604,81.0753,93.87,55.73
13,53,1,131.241,33.2564,81.0132,90.8,56.13
14,53,1,131.311,33.3009,80.9834,93.31,56.92
15,53,1,131.289,33.2909,81.0073,93.9,56.37
16,53,1,131.352,33.2796,80.9563,93.25,56.74
17,53,1,131.368,33.2377,80.9338,93.96,56.67
18,53,1,131.43,33.2446,80.9069,92.52,56.44
19,53,1,131.309,33.2444,80.9662,91.69,56.1
20,53,1,131.281,33.2428,80.9799,91.7,55.86
21,53,1,131.354,33.2581,80.9391,93.01,56.69
22,53,1,131.319,33.0849,80.7978,83.96,56.81
23,53,1,131.355,33.2856,80.9196,92.61,56.99
24,53,1,131.081,33.0982,80.9339,82.7,57.68
25,53,1,131.282,33.2467,80.9521,91.85,56.88
26,53,1,131.259,33.3094,80.9808,92.99,57.02
27,53,1,131.438,33.2723,80.9279,92.94,57.47
28,53,1,131.276,33.287,80.9709,94.58,56.12
29,53,1,131.29,33.2934,80.9805,93.45,57.66
30,53,1,131.416,33.2942,80.9228,94.04,57.27
31,53,1,131.46,33.2474,80.8484,94,56.88
32,53,1,131.418,33.2759,80.8561,92.38,56.71
33,53,1,131.342,33.245,80.8923,92.5,56.88
34,53,1,131.314,33.2919,80.9268,93.63,56.18
35,53,1,131.253,33.2879,80.9778,91.82,57.29
36,53,1,131.243,33.4059,81.0753,90.42,57.76
37,53,1,131.148,33.4242,81.1192,92.56,58.46
38,53,1,131.621,33.3399,80.801,94.01,58.14
39,53,1,131.587,33.1981,80.7927,85.67,54.64
40,53,0,0,0,0,0,55.18
41,53,0,0,0,0,0,56.4
42,53,1,356.004,11.8789,24.0925,94.2,56.4
43,53,1,355.994,11.9,24.1582,96.9,57.86
44,53,1,355.922,11.9022,24.1285,96.48,58.25
45,53,1,355.855,11.9179,24.1491,93.91,57.62
46,53,1,355.774,11.8877,24.3155,95.39,58.1
47,53,1,356.098,11.9086,23.8851,95.09,58.61
48,53,1,355.704,11.9144,24.3835,95.71,58.27
49,53,1,355.857,11.9116,24.3283,95.63,57.91
50,53,1,355.898,11.8813,24.2555,95.5,58.63
51,53,1,355.936,11.9263,24.1753,95.36,58.17
52,53,1,355.755,11.8829,24.4593,94.56,59.3
53,53,1,355.812,11.921,24.1982,95.38,59.12
54,53,1,355.701,11.9106,24.2971,95.47,58.05
55,53,1,355.843,11.8843,24.2589,95.89,59.02
56,53,1,355.841,11.9322,24.2683,96.94,58.71
57,53,1,355.961,11.9068,23.9853,93.49,59.19
58,53,1,355.767,11.921,24.3524,93.49,58.53
59,53,1,355.929,11.902,24.1746,96.89,58.7
60,53,1,355.636,11.9086,24.5457,95.02,58.3
61,53,1,355.843,11.9202,24.2577,95.6,59.48
62,53,1,355.783,11.8993,24.2793,95,59.03
63,53,1,355.659,11.912,24.3806,94.63,58.81
64,53,1,355.835,11.9156,24.2122,95.15,59.26
65,53,1,355.767,11.9096,24.2956,96.61,58.91
66,53,1,355.778,11.9094,24.268,95.05,58.34
67,53,1,355.571,11.9084,24.5197,96.26,58.53
68,53,1,355.703,11.9024,24.3919,95.85,59.19
69,53,1,355.722,11.9699,24.3584,95.52,59.15
70,53,1,355.679,11.9081,24.4508,94.97,58.46
71,53,1,355.63,11.9069,24.4703,96.32,59.45
72,53,1,355.585,11.93,24.5072,95.36,58.75
73,53,1,355.684,11.9259,24.4562,94.99,58.83
74,53,1,355.677,11.9719,24.4448,95.97,59.17
75,53,1,355.503,11.9373,24.4791,96.68,58.24
76,53,1,355.551,11.9664,24.5161,93.67,59.19
77,53,1,355.551,11.917,24.5564,96.54,58.68
78,53,1,355.399,11.9214,24.74,93.4,59.08
79,53,1,355.517,11.9234,24.5176,97.1,57.89
80,53,1,355.31,11.9196,24.7978,94.7,56.81
81,53,0,0,0,0,0,54.75
82,53,1,128.185,39.43,38.3215,95.49,54.45
83,53,1,128.145,39.3954,38.3359,94.93,55.05
84,53,1,128.024,39.3839,38.4309,94.65,55.05
85,53,1,128.112,39.3837,38.3541,95.84,56.43
86,53,1,128.107,39.4228,38.323,95.69,55.74
87,53,1,128.217,39.4137,38.2657,95.09,56.27
88,53,1,128.146,39.4385,38.2987,96.74,55.71
89,53,1,128.055,39.4001,38.3225,95.56,57.11
90,53,1,128.149,39.4138,38.3125,96.1,57.21
91,53,1,128.118,39.3763,38.3486,96.42,56.86
92,53,1,128.231,39.3783,38.3028,95.43,56.92
93,53,1,128.231,39.3582,38.2763,94.19,55.83
94,53,1,128.206,39.3745,38.2813,88.79,54.28
95,53,1,355.367,11.9116,24.6935,85.48,55.45
96,53,1,355.559,11.8969,24.5055,96.55,58.08
97,53,1,355.546,11.9527,24.5705,96.37,58.91
98,53,1,355.289,11.926,24.676,95.28,58.49
99,53,1,355.417,11.9345,24.6331,96.23,59.56
100,53,1,355.425,11.8811,24.6123,97.1,59.4
101,53,1,355.231,11.9197,24.8207,95.15,58.51
102,53,1,355.276,11.903,24.8235,97.21,58.43
103,53,1,355.448,11.8866,24.6294,94.87,59.06
104,53,1,355.401,11.8809,24.5815,97.48,58.24
105,53,1,355.447,11.8878,24.5637,96.3,59.17
106,53,1,355.251,11.8673,24.908,95.33,59.66
107,53,1,355.424,11.8937,24.6622,94.1,58.94
108,53,1,355.223,11.873,24.8504,94.4,58.28
109,53,1,355.551,11.8994,24.5693,96.81,59.05
110,53,1,355.139,11.9294,24.9455,94.87,58.64
111,53,1,355.461,11.9166,24.5575,95.13,58.82
112,53,1,355.18,11.9139,24.8309,96.5,58.5
113,53,1,355.16,11.8904,24.8381,96.93,58.44
114,53,1,355.307,11.9022,24.7577,95.35,59.13
115,53,1,355.103,11.8874,24.8759,96.14,58.99
116,53,1,355.23,11.8994,24.7898,95.64,59.57
117,53,1,355.186,11.9276,24.9152,95.63,59.1
118,53,1,355.237,11.8991,24.7468,96.41,59.11
119,53,1,355.198,11.9329,24.9673,97.09,58.27
120,53,1,355.076,12.0806,25.0176,96.93,58.57
121,53,1,355.193,11.93,24.8725,96.76,59.04
122,53,1,355.354,11.8857,24.6985,95.79,58.89
123,53,1,355.208,11.9506,24.8594,96.99,58.39
124,53,1,355.232,11.9988,24.8112,97.01,58.52
125,53,1,355.146,11.9025,24.9493,96.66,58.68
126,53,1,355.204,11.8882,24.883,94.2,59.8
127,53,1,355.155,11.8995,24.8583,94.73,59.54
128,53,1,355.133,11.9099,24.9553,94.74,59.1
129,53,1,355.029,11.9171,25.0909,95.48,59.65
130,53,1,355.05,11.9165,24.9988,96.99,59.03
131,53,1,355.335,12.0448,24.7656,95.33,58.93
132,53,1,355.137,11.9283,24.8837,95.47,59.14
133,53,1,355.015,11.9271,25.0965,93.44,58.73
134,53,1,355.081,11.9823,25.0101,95.5,59.78
135,53,1,354.98,11.9398,25.0148,95.69,58.6
136,53,1,355.141,11.9244,24.8247,94.63,59.46
137,53,1,355.029,11.925,25.0025,97,58.86
138,53,1,355.076,11.9075,24.981,97.58,58.9
139,53,1,355.139,11.9741,24.8288,95.12,59.03
140,53,1,354.97,11.9459,25.0722,95.03,59.25
141,53,1,354.93,11.9244,25.1056,95.28,59.07
142,53,1,354.955,11.9248,25.0548,95.88,58.63
143,53,1,355.021,11.9523,25.0244,95.72,58.85
144,53,1,354.979,11.925,25.1649,96.05,59.01
145,53,1,355.034,11.9388,25.0914,96.26,59.54
146,53,1,354.825,11.9375,25.2967,96.02,58.71
147,53,1,354.974,11.9425,25.0743,95.5,59.14
148,53,1,354.74,11.92,25.3583,95.54,54.99
149,53,1,236.947,41.6594,12.2966,91.59,53.99
150,53,1,236.8,41.6501,12.3387,95.52,54.83
151,53,1,236.915,41.6627,12.3105,94.55,55.05
152,53,1,236.902,41.7014,12.2155,93.31,54.59
153,53,1,236.816,41.6562,12.3044,94.16,55.04
154,53,1,236.829,41.6503,12.3514,93.33,54.99
155,53,1,236.851,41.6578,12.2715,93.91,55.96
156,53,1,236.922,41.6507,12.3175,95.13,55.14
157,53,1,236.804,41.6821,12.2333,95.07,55.37
158,53,1,236.824,41.6674,12.2371,94.5,54.46
159,53,1,236.825,41.6705,12.2344,93.85,55.09
160,53,1,236.879,41.6941,12.2806,95.6,55.5
161,53,1,236.782,41.6694,12.3241,92.63,54.67
162,53,1,236.693,41.6592,12.323,94.55,54.34
163,53,1,236.869,41.6997,12.2119,94.69,55.93
164,53,1,236.86,41.6875,12.2302,94.1,55.37
165,53,1,236.774,41.6738,12.3411,94.18,55.21
166,53,1,236.781,41.6909,12.2903,93.23,55.38
167,53,1,236.806,41.6403,12.3309,95.07,55.26
168,53,1,236.847,41.6804,12.3181,93.76,54.58
169,53,1,236.775,41.6637,12.3211,93.14,55.12
170,53,1,236.825,41.6925,12.2788,91.88,54.92
171,53,1,236.762,41.6571,12.3422,92.35,55.11
172,53,1,236.754,41.6791,12.3087,94.32,55.24
173,53,1,236.839,41.7113,12.1984,94.46,55.68
174,53,1,236.809,41.7178,12.2984,93.86,55.55
175,53,1,236.773,41.7001,12.3315,93.42,54.52
176,53,1,236.769,41.7096,12.3302,93.88,55.8
177,53,1,236.8,41.7138,12.2264,93.14,55.32
178,53,1,236.857,41.7302,12.3024,93.25,55.86
179,53,1,236.811,41.7122,12.2136,95.66,54.79
180,53,1,236.871,41.7354,12.3,95.19,54.49
181,53,1,236.85,41.7381,12.2833,95.34,54.78
182,53,1,236.817,41.7038,12.2619,92.11,55.69
183,53,1,236.882,41.7203,12.0979,94.57,55.8
184,53,1,236.919,41.6932,12.1835,93.91,54.8
185,53,1,236.83,41.6897,12.2436,94.69,55.68
186,53,1,236.827,41.6886,12.2304,94.31,55.38
187,53,1,236.876,41.7107,12.2801,92.67,54.7
188,53,1,236.779,41.6605,12.3434,93.54,54.74
189,53,1,236.81,41.7242,12.1998,93.9,54.13
190,53,0,0,0,0,0,52.65
191,53,1,61.3894,10.0201,57.9392,88.77,56.39
192,53,1,61.2916,9.98213,58.1994,85.66,57.93
193,53,1,61.944,9.94826,57.5085,88.39,58.69
194,53,1,61.6687,9.9879,57.7087,87.43,58.54
195,53,1,61.2202,10.0104,58.1291,89.4,58.65
196,53,1,61.5579,9.96341,57.8821,88.24,59.58
197,53,1,61.5008,9.97811,57.9623,89.56,59.69
198,53,1,61.61,9.9795,57.7549,89.59,58.03
199,53,1,61.5836,9.96494,57.7873,91.74,59.5
200,53,1,61.6278,9.95587,57.8442,90.2,59.5
201,53,1,61.4717,9.97445,57.9507,90.38,58.13
202,53,1,61.5514,9.92688,57.931,88.52,58.57
203,53,1,61.6993,9.9249,57.7706,90.64,59.28
204,53,1,61.2807,9.92119,58.1501,89.43,58.53
205,53,1,61.6026,9.90192,57.822,91.28,59.58
206,53,1,61.4734,9.926,57.9525,88.17,58.45
207,53,1,61.1762,9.9547,58.2486,88.43,59.48
208,53,1,61.4576,9.94879,58.015,90.77,58.79
209,53,1,61.3688,9.9354,58.0621,88.96,59.17
210,53,1,61.205,9.95426,58.2439,89.83,59.62
211,53,1,61.4728,9.94074,57.9463,90.49,59.54
212,53,1,61.1387,9.93708,58.2595,91.53,59.49
213,53,1,61.4491,9.90236,57.9764,86.64,59.62
214,53,1,61.5142,9.9162,57.9118,88.3,59.05
215,53,1,61.6769,9.92376,57.74,88.04,59.93
216,53,1,61.2711,9.92178,58.2229,90.29,59.81
217,53,1,61.3276,9.94079,58.0488,89.41,59.69
218,53,1,61.4194,9.9251,58.0085,88.81,58.54
219,53,1,61.062,9.94126,58.4564,89.68,59.96
220,53,1,61.4717,9.90204,57.9159,90.3,59.43
221,53,1,61.371,9.91497,57.9943,88.23,59.24
222,53,1,61.0871,9.88571,58.4743,92.2,59.63
223,53,1,61.3399,9.88799,58.1511,89.76,59.11
224,53,1,61.2,9.90361,58.202,90.27,58.68
225,53,0,0,0,0,0,52.1
226,53,1,66.2426,36.0106,80.3117,87.23,52.24
227,53,1,66.5041,35.9472,79.8636,92.35,51.4
228,53,1,167.928,26.9503,24.1648,94.19,52.95
229,53,1,168.015,26.8945,24.0642,93.97,55.25
230,53,1,167.989,26.9456,23.9816,92.79,58.04
231,53,1,168.066,26.9005,24.0467,95.58,57.76
232,53,1,168.151,26.9818,23.9014,93.93,58.72
233,53,1,167.998,26.9922,24.0192,93.35,59.25
234,53,1,167.954,26.8492,24.0378,96.01,59.18
235,53,1,168.047,26.8937,24.0212,95.15,58.74
236,53,1,168.115,26.8917,23.9554,93.85,58.95
237,53,1,168.156,26.8756,23.9231,94.24,59.15
238,53,1,168.139,26.9293,23.8258,92.07,58.97
239,53,1,168.198,26.9405,23.8272,91.93,58.96
240,53,1,168.282,26.8681,23.7778,95.7,58.63
241,53,1,168.148,26.8483,23.8941,94.49,58.87
242,53,1,168.188,26.8639,23.9041,95.12,58.77
243,53,1,168.103,26.8758,23.9439,95.79,59.06
244,53,1,168.133,26.913,23.8315,90.21,59.42
245,53,1,168.229,26.9156,23.7536,93.1,59.13
246,53,1,168.179,26.8528,23.8387,96.06,59.05
247,53,1,168.154,26.8905,23.8782,94.53,59.25
248,53,1,168.244,26.9996,23.785,92.18,59.23
249,53,1,168.097,26.8769,23.9026,93.9,59.05
250,53,1,168.275,26.9564,23.748,89.8,58.27
251,53,1,168.148,26.8975,23.8884,93.18,59.05
252,53,1,168.245,26.9743,23.713,92.03,55.01
253,53,1,168.126,26.9018,23.8514,91.23,45.3
254,53,0,0,0,0,0,36.61
255,53,0,0,0,0,0,35.5
0,54,0,0,0,0,0,56.76
1,54,0,0,0,0,0,37.04
2,54,0,0,0,0,0,37.39
3,54,0,0,0,0,0,54.35
4,54,1,131.102,33.3756,81.1166,88.32,40.88
5,54,1,131.23,33.3795,81.1336,92.72,54.46
6,54,1,131.217,33.2794,81.027,90.99,55.97
7,54,1,131.249,33.2873,81.0373,89.98,55.25
8,54,1,131.363,33.2936,81.0007,93.61,57.65
9,54,1,131.372,33.28,80.9544,93.03,56.23
10,54,1,131.379,33.2563,80.9383,90.88,56.57
11,54,1,131.384,33.2924,80.9171,92.93,55.37
12,54,1,131.305,33.2568,81.0016,92.31,56.4
13,54,1,131.31,33.2792,80.9362,94.25,56.12
14,54,1,131.205,33.2601,81.0131,93.3,56.57
15,54,1,131.213,33.2727,81.0051,91.1,56.19
16,54,1,131.367,33.3052,80.9584,92.25,57.1
17,54,1,131.219,33.296,80.983,93.43,56.6
18,54,1,131.331,33.2912,80.9543,93.7,57.15
19,54,1,131.273,33.2566,80.9682,93.27,56.26
20,54,1,131.33,33.2433,80.9365,94.52,56.6
21,54,1,131.39,33.272,80.9335,92.17,56.35
22,54,1,131.239,33.311,80.9841,91.07,56.84
23,54,1,131.391,33.2682,80.9164,93.18,56.62
24,54,1,131.35,33.2798,80.9251,92.25,57.37
25,54,1,131.381,33.266,80.9296,93.18,57.13
26,54,1,131.321,33.3529,81.0188,92.54,57.95
27,54,1,131.23,33.2756,80.9809,91.42,56.76
28,54,1,131.378,33.3079,80.9184,91.71,56.75
29,54,1,131.356,33.303,80.9223,92.07,57.16
30,54,1,131.391,33.2979,80.873,92.09,57.26
31,54,1,131.423,33.2954,80.878,92.35,57.35
32,54,1,131.415,33.2702,80.8839,93.02,57.12
33,54,1,131.448,33.2511,80.8669,92.24,56.55
34,54,1,131.359,33.2554,80.9237,91.16,57.05
35,54,1,131.197,33.4341,81.1306,91.85,58.36
36,54,1,131.127,33.4107,81.1117,93.33,57.39
37,54,1,131.27,33.504,81.0739,91.92,58.05
38,54,1,131.465,33.3043,80.8202,92.44,57.21
39,54,0,0,0,0,0,54.69
40,54,1,274.224,48.8563,47.3943,93.02,57.38
41,54,1,274.15,48.8337,47.5085,91.45,58.28
42,54,0,0,0,0,0,56.52
43,54,0,0,0,0,0,56.4
44,54,0,0,0,0,0,57.04
45,54,1,356.073,11.9259,24.033,95.97,57.72
46,54,1,355.878,11.8855,24.3184,95.72,57.47
47,54,1,355.803,11.9134,24.3058,96.98,57.92
48,54,1,355.774,11.9148,24.2979,95.79,57.96
49,54,1,355.817,11.8939,24.3006,96.95,58.17
50,54,1,355.736,11.9059,24.3698,94.81,57.9
51,54,1,355.76,11.8999,24.2653,96.15,58.24
52,54,1,355.604,11.9793,24.526,96.68,58.31
53,54,1,355.876,11.9242,24.1713,94.91,58.53
54,54,1,355.628,11.9111,24.4209,94.45,58.55
55,54,1,355.629,11.8734,24.5166,95.9,58.39
56,54,1,355.685,11.9013,24.3906,97.14,59.03
57,54,1,355.853,11.9099,24.2557,95.05,57.57
58,54,1,355.83,11.8834,24.2647,95.89,58.76
59,54,1,355.706,11.9132,24.4359,96.67,58.51
60,54,1,355.685,11.9064,24.3492,94.74,58.72
61,54,1,355.728,11.9088,24.403,93.73,59.24
62,54,1,355.789,11.9024,24.274,96.61,58.89
63,54,1,355.74,11.9041,24.4101,95.42,58.23
64,54,1,355.772,11.8985,24.3436,95.65,58.68
65,54,1,355.726,11.9034,24.3344,95.99,59.41
66,54,1,355.764,11.8891,24.387,96.75,58.41
67,54,1,355.566,11.9107,24.5639,94.56,58.38
68,54,1,355.827,12.0085,24.2323,95.94,58.78
69,54,1,355.628,11.918,24.4649,96.57,58.21
70,54,1,355.664,11.9167,24.4322,96.14,59.26
71,54,1,355.747,11.94,24.323,95.64,58.63
72,54,1,355.538,11.9072,24.5494,95.85,58.76
73,54,1,355.769,11.9059,24.3625,96.25,58.91
74,54,1,355.574,11.9447,24.5033,96,59.24
75,54,1,355.649,11.9083,24.4012,95.84,58.52
76,54,1,355.673,11.9807,24.4305,96.4,59.27
77,54,1,355.65,11.971,24.4699,97.02,59.21
78,54,1,355.475,11.9272,24.576,95.01,58.64
79,54,1,355.349,11.8941,24.7682,95.12,58.29
80,54,0,0,0,0,0,54.39
81,54,1,128.091,39.422,38.4299,95.31,53.96
82,54,1,128.1,39.4015,38.35,94.58,55
83,54,1,128.147,39.4268,38.305,94.73,56.16
84,54,1,128.154,39.3914,38.3209,95.47,56.12
85,54,1,128.312,39.4072,38.2143,96.26,56.91
86,54,1,128.183,39.3831,38.3231,97.68,56.27
87,54,1,128.102,39.4157,38.3449,95.91,56.19
88,54,1,128.148,39.3875,38.3498,96.8,55.72
89,54,1,128.183,39.4111,38.3337,95.72,55.7
90,54,1,128.191,39.3793,38.3228,94.72,56.82
91,54,1,128.093,39.3698,38.3546,96.9,56.49
92,54,1,128.134,39.3882,38.3139,92.83,56.65
93,54,1,128.098,39.4097,38.341,95.36,54.53
94,54,0,0,0,0,0,55.17
95,54,1,355.604,11.8877,24.5252,96.09,58.32
96,54,1,355.234,11.9164,24.8884,96.31,57.81
97,54,1,355.476,11.9252,24.6371,96.69,59.34
98,54,1,355.358,11.8927,24.7022,94.97,58.72
99,54,1,355.238,11.9089,24.8309,94.72,58.47
100,54,1,355.383,11.8996,24.6259,96.32,59.08
101,54,1,355.499,11.8705,24.6333,95.06,59.01
102,54,1,355.191,11.8931,24.8923,96.3,59.32
103,54,1,355.421,11.8958,24.6386,97.12,58.37
104,54,1,355.18,11.9051,24.9221,95.01,58.43
105,54,1,355.179,11.8809,24.8447,95.01,58.45
106,54,1,355.342,11.886,24.7209,95.14,59.19
107,54,1,355.53,11.8894,24.5417,95.72,58.42
108,54,1,355.328,11.8761,24.7055,95.11,58.86
109,54,1,355.068,11.8659,25.0516,97.65,58.07
110,54,1,355.312,11.9625,24.7525,95.64,58.63
111,54,1,355.217,11.9102,24.8392,95.61,59.05
112,54,1,355.344,11.9664,24.6503,95.21,58.28
113,54,1,355.534,11.8898,24.5328,96.76,58.68
114,54,1,355.093,11.8953,25.005,94.78,59.49
115,54,1,355.313,11.8788,24.7667,95.25,58.46
116,54,1,355.122,11.8879,24.9794,94.39,58.86
117,54,1,355.173,11.8895,24.8901,97.22,59.38
118,54,1,355.325,11.9274,24.641,94.93,58.9
119,54,1,355.206,11.9012,24.8842,95.73,58.81
120,54,1,355.356,11.9021,24.7558,95.03,59.07
121,54,1,355.277,11.889,24.849,96.31,58.83
122,54,1,355.304,11.995,24.7416,95.76,59.25
123,54,1,355.299,11.8898,24.7556,95.51,58.7
124,54,1,355.262,11.8838,24.8402,95.33,59.17
125,54,1,354.932,11.8817,25.2114,96.47,58.02
126,54,1,355.032,11.8864,25.0259,93.72,59.1
127,54,1,355.136,11.9138,24.9168,95.52,59.26
128,54,1,355.11,11.9624,24.9287,96.04,59.11
129,54,1,354.937,11.9447,25.1583,95.5,58.31
130,54,1,355.282,11.9412,24.8407,95.86,58.61
131,54,1,355.052,11.9025,25.0395,96.95,58.89
132,54,1,355.176,11.8999,24.9199,96.44,59.54
133,54,1,354.945,11.9465,25.1151,95.35,58.7
134,54,1,355.015,11.9323,25.0163,97.05,59.39
135,54,1,355.055,11.903,25.0977,94.79,59.35
136,54,1,355.038,11.9312,25.0119,96.83,59.07
137,54,1,354.91,11.9224,25.169,94.34,59.75
138,54,1,355.124,11.9212,25.0183,95.72,58.9
139,54,1,354.921,11.9178,25.1853,94.49,59.98
140,54,1,355.012,11.9654,25.0589,93.49,59.11
141,54,1,355.015,11.9355,24.9796,96.66,59.21
142,54,1,355.053,11.9305,25.0409,96.42,59.46
143,54,1,355.095,11.9229,24.8564,95.99,58.96
144,54,1,355.078,11.9768,24.8935,96.48,59.09
145,54,1,354.872,11.933,25.162,94.75,58.88
146,54,1,355.026,11.9654,25.0931,95.66,59.45
147,54,1,354.823,11.9157,25.3153,95.66,59.67
148,54,1,354.801,11.9124,25.1744,94.24,57.67
149,54,1,236.923,41.6901,12.2883,85.93,54.38
150,54,1,236.832,41.6738,12.2909,93.77,54.3
151,54,1,236.841,41.6547,12.3147,96.35,54.08
152,54,1,236.796,41.6632,12.3039,93.33,54.46
153,54,1,236.824,41.677,12.2332,94.04,55.05
154,54,1,236.762,41.6148,12.336,94.85,55.49
155,54,1,236.801,41.662,12.3034,92.81,54.91
156,54,1,236.784,41.6222,12.3417,93.62,54.35
157,54,1,236.732,41.6289,12.3215,93.61,54.37
158,54,1,236.871,41.6667,12.3,95.68,54.04
159,54,1,236.895,41.7017,12.2278,93.99,54.66
160,54,1,236.815,41.6312,12.336,96.24,54.98
161,54,1,236.839,41.6889,12.2319,92.78,54.93
162,54,1,236.813,41.6698,12.2521,93.38,55.27
163,54,1,236.773,41.6741,12.2559,96.14,55.14
164,54,1,236.829,41.6832,12.1953,93.26,54.77
165,54,1,236.842,41.7009,12.2103,94.93,55.18
166,54,1,236.837,41.6947,12.2883,92.6,54.15
167,54,1,236.757,41.6952,12.2954,96.14,55.1
168,54,1,236.773,41.6893,12.337,94.14,55.03
169,54,1,236.903,41.6979,12.292,95.05,55.71
170,54,1,236.821,41.7091,12.2777,92.09,54.98
171,54,1,236.827,41.7075,12.2724,92.36,55.09
172,54,1,236.731,41.6924,12.3087,92.15,55.38
173,54,1,236.97,41.7311,12.1609,93.6,55.27
174,54,1,236.902,41.6773,12.2152,93.48,55.73
175,54,1,236.829,41.7146,12.2081,94.07,54.94
176,54,1,236.714,41.6945,12.3051,91.87,54.74
177,54,1,236.765,41.7156,12.274,92.99,54.36
178,54,1,236.802,41.7163,12.3071,92.82,55.98
179,54,1,236.901,41.7653,12.1897,93.68,55.2
180,54,1,236.835,41.7156,12.3081,94.37,55.45
181,54,1,236.918,41.704,12.3014,92.54,55.01
182,54,1,236.866,41.732,12.2996,93.43,55.05
183,54,1,236.878,41.726,12.2748,92.03,55.51
184,54,1,236.885,41.7198,12.1549,94.38,54.86
185,54,1,236.852,41.7262,12.2528,93.38,54.98
186,54,1,236.912,41.7271,12.1673,94.25,55.27
187,54,1,236.844,41.699,12.2757,92.7,54.5
188,54,1,236.828,41.7246,12.2894,90.85,53.56
189,54,1,236.824,41.7699,12.3082,91.97,51.72
190,54,1,61.4631,10.002,57.9781,88.21,52.82
191,54,1,61.6233,9.9983,57.7778,90.32,57.12
192,54,1,61.6944,9.94558,57.7912,88.1,58.12
193,54,1,61.648,9.96177,57.7615,88.99,57.89
194,54,1,61.7113,9.96175,57.6768,88.56,58.49
195,54,1,61.4453,9.96731,57.9766,90.28,58.79
196,54,1,61.5921,9.96813,57.8309,91.51,58.69
197,54,1,61.5598,9.98204,57.8942,87.78,58.2
198,54,1,61.5379,9.95784,57.936,90.11,58.84
199,54,1,61.801,9.95414,57.6403,88.35,59.39
200,54,1,61.6654,9.96117,57.7416,89.74,59.29
201,54,1,60.9165,9.9964,58.584,87.71,59.05
202,54,1,61.1478,9.94696,58.2921,94.01,59.16
203,54,1,61.4735,9.93545,57.9246,91.12,58.66
204,54,1,61.4337,9.93601,57.959,91.09,59.2
205,54,1,61.509,9.93599,57.9657,88.67,59.39
206,54,1,61.1828,9.93793,58.2361,88.19,59.33
207,54,1,61.4795,9.93871,58.0066,88.35,58.75
208,54,1,61.5048,9.92451,57.9979,88.36,58.49
209,54,1,61.1372,9.93407,58.2599,92.07,58.49
210,54,1,61.9536,9.88702,57.5705,95.49,59.78
211,54,1,61.135,9.94413,58.2469,89.21,58.15
212,54,1,61.1086,9.95026,58.3437,89.67,59.34
213,54,1,61.5599,9.91838,57.7912,88.13,59.35
214,54,1,61.4282,9.957,57.9909,89.36,59.47
215,54,1,61.483,9.92546,57.9826,89.51,59.26
216,54,1,61.6134,9.90654,57.8665,88.81,58.91
217,54,1,61.0848,9.93779,58.3515,88.59,59.37
218,54,1,61.4349,9.89638,58.0477,91.62,58.65
219,54,1,60.9812,9.92314,58.4684,87.86,58.79
220,54,1,61.1808,9.92775,58.2998,90.19,59.76
221,54,1,61.5648,9.87788,57.9866,93.03,59.42
222,54,1,61.3424,9.93873,58.0521,90.39,59.09
223,54,1,61.0405,9.91345,58.3868,90.11,59.53
224,54,1,61.2956,9.90495,58.0939,89.87,58.26
225,54,2,61.3558,10.4904,57.8564,62.47,53.24
226,54,1,66.1771,36.0111,80.2629,85.36,52.62
227,54,1,66.2405,36.0937,80.2746,89.69,53.88
228,54,1,66.1911,36.0155,80.1708,92.94,51.44
229,54,0,0,0,0,0,51.57
230,54,1,167.994,26.8793,24.0887,96.55,55.42
231,54,1,168.009,26.9058,24.0741,94.17,57.41
232,54,1,168.043,26.8936,24.0521,94.85,58.36
233,54,1,168.111,26.9532,23.9191,91.25,58.47
234,54,1,167.988,26.9274,23.98,90.04,58.52
235,54,1,168.095,26.8706,24.004,93.36,59.4
236,54,1,168.047,26.9176,23.924,91.89,58.21
237,54,1,168.139,26.9452,23.8547,90.83,58.91
238,54,1,168.071,26.911,23.9966,96.26,59.14
239,54,1,168.222,26.8987,23.865,94.46,58.71
240,54,1,168.097,26.8513,23.9634,96.27,59.24
241,54,1,167.985,26.8275,24.036,94.74,58.59
242,54,1,168.155,26.8887,23.9269,94.58,58.91
243,54,1,168.261,26.8433,23.8381,97.46,59.78
244,54,1,168.122,26.8799,23.9192,96.05,59.05
245,54,1,168.142,26.8475,23.8871,93.35,58.38
246,54,1,168.211,26.8683,23.8739,93.57,59.17
247,54,1,168.099,26.8764,23.9242,93.93,58.83
248,54,1,168.195,26.8713,23.8575,94.44,58.62
249,54,1,168.122,26.9217,23.8227,92.19,59.13
250,54,1,168.191,26.8728,23.8766,94.86,59.33
251,54,1,168.226,26.9327,23.7599,91.75,59.34
252,54,1,168.172,26.9727,23.7861,89.68,54.36
253,54,1,168.506,27.0658,23.4106,86.8,39.11
254,54,0,0,0,0,0,35.4
255,54,0,0,0,0,0,35.23
0,55,0,0,0,0,0,36.18
1,55,0,0,0,0,0,37.29
2,55,0,0,0,0,0,37.36
3,55,0,0,0,0,0,54.04
4,55,1,131.381,33.379,80.9253,85.98,40.75
5,55,1,131.348,33.3159,80.9708,94.44,54.67
6,55,1,131.162,33.3881,81.1247,93.08,56.61
7,55,1,131.182,33.3775,81.12,92.15,56.24
8,55,1,131.377,33.2515,80.9777,93.38,56.16
9,55,1,131.285,33.2707,80.9807,93.7,56.56
10,55,1,131.312,33.2796,80.9596,93.49,56.26
11,55,1,131.292,33.3038,80.9952,93.49,56.02
12,55,1,131.393,33.2669,80.9585,93.38,56.39
13,55,1,131.278,33.2633,80.9894,92.56,56.19
14,55,1,131.294,33.3226,80.9866,91.88,56.07
15,55,1,131.242,33.274,81.0165,92.16,56.66
16,55,1,131.36,33.2537,80.9491,91.45,56.63
17,55,1,131.278,33.2716,80.9914,92.74,56.86
18,55,1,131.274,33.2729,80.9979,91.29,56.57
19,55,1,131.308,33.2368,80.9385,94.39,56.5
20,55,1,131.34,33.2815,80.9389,92.4,56.86
21,55,1,131.396,33.2437,80.9216,91.73,56.67
22,55,1,131.321,33.2929,80.9687,93.24,56.62
23,55,1,131.264,33.2883,80.9697,93.51,57.18
24,55,1,131.443,33.2692,80.8956,91.56,57.17
25,55,1,131.301,33.3539,81.0354,93.25,56.87
26,55,1,131.446,33.2444,80.8676,91.11,56.78
27,55,1,131.411,33.2661,80.8967,92.7,56.83
28,55,1,131.358,33.2928,80.9168,92.92,58.51
29,55,1,131.347,33.2881,80.9057,92.27,57.7
30,55,1,131.361,33.2699,80.9076,92.13,57.4
31,55,1,131.398,33.2936,80.8877,93.47,56.83
32,55,1,131.415,33.27,80.8841,92.31,57.35
33,55,1,131.467,33.2487,80.8587,92.58,56.47
34,55,1,131.386,33.2848,80.9278,93.07,57.06
35,55,1,131.256,33.3622,81.0472,92.17,57.33
36,55,1,131.241,33.4255,81.0961,94.76,57.46
37,55,1,131.42,33.3933,80.9299,90.37,57.92
38,55,1,131.614,33.2367,80.7613,93.38,55.93
39,55,0,0,0,0,0,56.58
40,55,1,274.215,48.9155,47.5531,88.85,59.31
41,55,1,274.181,48.8557,47.511,95.51,59.41
42,55,1,274.212,48.8694,47.4321,93.55,58.07
43,55,1,274.237,48.9005,47.4162,86.67,57.69
44,55,0,0,0,0,0,57.11
45,55,0,0,0,0,0,56.91
46,55,0,0,0,0,0,57.19
47,55,1,355.733,11.9962,24.523,93.94,56.46
48,55,1,355.888,11.9044,24.278,94.83,57.35
49,55,1,355.697,11.9135,24.4615,95.34,57.7
50,55,1,355.818,11.899,24.2384,96.52,57.63
51,55,1,355.873,11.9123,24.2752,95.35,57.98
52,55,1,355.723,11.8814,24.3914,96.44,57.52
53,55,1,355.953,11.8838,24.1355,96.47,58.63
54,55,1,355.931,11.8958,24.1198,97.55,58.57
55,55,1,355.725,11.8805,24.3463,94.08,58.09
56,55,1,355.875,11.9249,24.1639,96.13,58.34
57,55,1,355.752,11.8751,24.4435,95.31,58.64
58,55,1,355.773,11.8968,24.2454,95.34,58.48
59,55,1,355.556,11.9113,24.5613,94.84,57.42
60,55,1,355.786,11.9766,24.2792,95.19,58.77
61,55,1,355.597,11.8861,24.5832,94.71,58.63
62,55,1,355.684,11.8916,24.4275,95.78,58.59
63,55,1,355.652,11.8917,24.4591,96.77,59.31
64,55,1,355.753,11.9004,24.3529,95.67,58.43
65,55,1,355.387,11.8992,24.7499,94.78,58.36
66,55,1,355.676,11.9082,24.4002,94.44,59.1
67,55,1,355.589,11.929,24.5129,95.33,57.68
68,55,1,355.641,11.902,24.4626,95.31,58.77
69,55,1,355.755,11.9066,24.3251,95.84,58.89
70,55,1,355.66,11.8967,24.3907,96.09,58.92
71,55,1,355.589,11.913,24.4656,95.42,58.91
72,55,1,355.771,11.9654,24.2866,97.52,59.21
73,55,1,355.656,11.938,24.4406,96.15,58.8
74,55,1,355.695,11.9254,24.4464,94.65,58.83
75,55,1,355.618,11.8995,24.4035,95.04,58.35
76,55,1,355.676,11.8896,24.3724,96.19,58.8
77,55,1,355.677,11.9003,24.4353,97.08,58.31
78,55,1,355.481,11.9406,24.5534,96.91,58.67
79,55,1,355.501,11.9239,24.6114,94.57,56.52
80,55,0,0,0,0,0,53.74
81,55,1,128.066,39.4303,38.3608,93.8,55.45
82,55,1,128.128,39.3913,38.3604,95.38,54.42
83,55,1,128.148,39.3952,38.3531,96.19,55.83
84,55,1,128.164,39.3893,38.3851,95.88,56.51
85,55,1,128.129,39.3877,38.3287,95.09,55.31
86,55,1,128.18,39.4123,38.3397,95.36,56.2
87,55,1,128.144,39.4192,38.3008,94.31,56.79
88,55,1,128.121,39.4396,38.317,94.34,56.24
89,55,1,128.189,39.4277,38.2388,95.1,56.44
90,55,1,128.032,39.4065,38.423,97.25,56.88
91,55,1,128.207,39.408,38.263,95.34,56.45
92,55,1,128.213,39.4104,38.2696,94.83,55.19
93,55,0,0,0,0,0,54.11
94,55,1,355.333,11.9273,24.7383,95.05,56.81
95,55,1,355.575,11.9107,24.5961,95.4,58.4
96,55,1,355.431,11.9055,24.6565,96.9,58.64
97,55,1,355.347,11.8867,24.7429,95.08,58.53
98,55,1,355.521,11.8985,24.551,96.52,58.74
99,55,1,355.157,11.8772,24.896,94.09,57.91
100,55,1,355.462,11.9478,24.5612,96.32,58.17
101,55,1,355.456,11.8738,24.5936,96.18,59.11
102,55,1,355.384,11.9326,24.6646,96.23,58.66
103,55,1,355.352,11.9036,24.7158,96.11,58.43
104,55,1,355.306,11.8798,24.7372,95.78,58.62
105,55,1,355.382,11.932,24.7291,96.27,58.5
106,55,1,355.221,11.893,24.8512,95.04,59.25
107,55,1,355.235,11.8999,24.7853,95.47,58.79
108,55,1,355.433,11.8696,24.6385,96.07,58.98
109,55,1,355.199,11.8942,24.8728,94.75,59.13
110,55,1,355.248,11.8803,24.8135,96.36,58.93
111,55,1,355.544,11.8707,24.5377,96.23,58.75
112,55,1,355.078,11.9131,24.9852,94.27,58.47
113,55,1,355.31,11.9026,24.7559,96.13,58.63
114,55,1,355.334,11.9068,24.6528,96.22,57.99
115,55,1,355.109,11.9022,25.0132,96.43,59.16
116,55,1,355.203,11.8879,24.9289,94.99,59.04
117,55,1,355.345,11.9069,24.7533,94.32,58.83
118,55,1,355.25,11.89,24.8449,95.2,59.47
119,55,1,355.144,11.9003,24.9689,95.52,59.59
120,55,1,355.242,11.8798,24.7883,95.42,59.25
121,55,1,355.116,11.9082,25.0136,95.52,58.89
122,55,1,355.312,11.8777,24.7427,94.89,59.28
123,55,1,355.204,11.9514,24.8105,96.23,59.18
124,55,1,355.46,11.9012,24.5571,95.63,58.8
125,55,1,355.104,11.9188,24.8875,95.22,59.34
126,55,1,355.208,11.9938,24.8526,95.54,58.1
127,55,1,355.212,11.9855,24.9371,96.94,58.7
128,55,1,355.185,11.8805,24.7708,96.03,59.08
129,55,1,355.124,11.9153,24.9115,95.26,58.5
130,55,1,355.12,11.8955,24.964,93.53,58.83
131,55,1,355.088,11.9095,24.9442,96.67,58.85
132,55,1,355.076,11.9134,24.992,96.23,58.46
133,55,1,354.847,11.9807,25.2892,97.04,59.1
134,55,1,355.169,11.9914,24.9515,96.83,58.54
135,55,1,355.222,11.9644,24.8386,96.58,58.91
136,55,1,355.003,11.926,24.9915,96.66,58.93
137,55,1,354.896,11.9365,25.1874,94.98,59.49
138,55,1,355.106,11.9334,24.9558,95.2,58.43
139,55,1,355.004,11.9586,25.0734,95.17,59.13
140,55,1,354.904,11.9305,25.1403,95.81,59.19
141,55,1,355.182,11.9231,24.8667,94.83,59.12
142,55,1,354.948,11.9257,25.1436,95.87,59.1
143,55,1,355.053,11.9196,25.0937,95.72,59.25
144,55,1,355.009,11.9438,24.9685,96.12,59.01
145,55,1,355.039,11.9367,25.0039,96.96,58.3
146,55,1,354.938,11.9188,25.1155,95.16,59.32
147,55,1,354.737,11.9466,25.368,97.01,58.2
148,55,1,354.822,11.9558,25.1987,95.18,57.76
149,55,0,0,0,0,0,54.81
150,55,1,236.896,41.676,12.3152,91.98,54.28
151,55,1,236.858,41.6377,12.2945,94.48,54.21
152,55,1,236.927,41.694,12.2088,92.49,55.1
153,55,1,236.827,41.6779,12.3085,91.52,53.87
154,55,1,236.834,41.6625,12.3168,95.15,54.35
155,55,1,236.775,41.6708,12.3399,92.72,55.12
156,55,1,236.752,41.6658,12.3156,92.57,54.95
157,55,1,236.868,41.6774,12.3042,95.42,55.07
158,55,1,236.807,41.6575,12.3078,94.17,54.3
159,55,1,236.741,41.6532,12.3371,94.7,54.2
160,55,1,236.803,41.6873,12.3141,92.82,54.92
161,55,1,236.849,41.6832,12.2373,94.89,55.39
162,55,1,236.686,41.6656,12.3649,95.46,55.2
163,55,1,236.735,41.6786,12.3059,93.2,54.99
164,55,1,236.799,41.6782,12.2946,91,56.1
165,55,1,236.839,41.6702,12.2875,94.95,54.58
166,55,1,236.838,41.6892,12.2065,94.22,54.81
167,55,1,236.835,41.6819,12.3237,92.27,54.17
168,55,1,236.869,41.6996,12.2655,94.55,54.81
169,55,1,236.807,41.6684,12.2686,94.27,54.76
170,55,1,236.826,41.6992,12.2065,95.53,55.44
171,55,1,236.776,41.6772,12.3438,93.78,54.55
172,55,1,236.754,41.6852,12.3103,91.66,54.26
173,55,1,236.809,41.6945,12.3077,93.09,55.54
174,55,1,236.815,41.7148,12.2326,94.48,55.48
175,55,1,236.855,41.6921,12.2842,94.33,55.31
176,55,1,236.788,41.7134,12.3036,93.84,55.92
177,55,1,236.794,41.6969,12.23,94.4,55.45
178,55,1,236.863,41.7419,12.1968,93.32,54.46
179,55,1,236.845,41.7433,12.2323,93.95,55.12
180,55,1,236.715,41.7157,12.3586,90.86,55.7
181,55,1,236.854,41.7436,12.2362,93.97,55.56
182,55,1,236.761,41.7209,12.2238,92.06,55.12
183,55,1,236.843,41.7027,12.2984,96.16,55.59
184,55,1,236.751,41.7088,12.3056,93.96,55.13
185,55,1,236.759,41.71,12.2865,93.19,54.21
186,55,1,236.819,41.6898,12.3188,94.18,55.11
187,55,1,236.762,41.711,12.3099,93.21,53.75
188,55,1,236.856,41.7386,12.2574,89.46,54.06
189,55,0,0,0,0,0,49.81
190,55,0,0,0,0,0,52.56
191,55,1,61.4001,9.99058,58.0022,80.49,53.86
192,55,1,61.5183,9.95113,57.9321,88.41,54.88
193,55,1,61.528,9.99476,57.7779,88.78,54.76
194,55,1,61.8512,9.94928,57.6076,88.54,56.37
195,55,1,61.664,9.9921,57.6731,89.18,56.68
196,55,1,61.6321,9.96959,57.8287,89.22,58.03
197,55,1,61.4157,10.0016,57.9609,88.88,58.19
198,55,1,61.7533,9.94846,57.7382,91.57,58.32
199,55,1,61.6721,9.96529,57.796,88.95,58.74
200,55,1,61.4745,9.99368,57.9373,88.28,58.96
201,55,1,61.8382,9.9518,57.6022,91.53,58.9
202,55,1,61.0877,9.94905,58.3696,89.79,58.75
203,55,1,61.6797,9.91539,57.7681,87.69,59.17
204,55,1,61.2496,9.94907,58.1723,90.66,58.76
205,55,1,61.5411,9.93222,57.908,89.62,59.05
206,55,1,61.9312,9.93851,57.4194,92.83,59.35
207,55,1,61.6159,9.9016,57.8634,90.59,59.19
208,55,1,61.4233,9.96527,57.9609,89.3,59.33
209,55,1,60.8313,9.96189,58.7089,86.35,58.56
210,55,1,61.4571,9.94309,57.8991,89.89,58.62
211,55,1,61.5058,9.93905,57.8893,88.22,59.05
212,55,1,61.3788,9.9642,57.9862,89.99,58.68
213,55,1,61.4343,9.93331,57.9588,89.71,58.92
214,55,1,61.1971,9.89157,58.2714,93.63,59.48
215,55,1,61.3061,9.94766,58.0724,87.95,58.59
216,55,1,61.5437,9.93207,57.8122,89.15,58.85
217,55,1,61.4893,9.94711,57.8522,89.59,59.44
218,55,1,61.338,9.93711,58.0934,89.5,59.48
219,55,1,61.2757,9.91885,58.1177,94.21,59.02
220,55,1,61.4666,9.89017,58.0315,92.83,59.48
221,55,1,61.4093,9.92499,58.0186,87.06,58.78
222,55,1,61.0423,9.90656,58.4523,88.63,58.62
223,55,1,60.9542,9.93935,58.4253,89.96,58.77
224,55,1,61.3535,9.9262,57.9486,90.72,59.1
225,55,1,61.3185,9.91165,58.0127,95.17,55.76
226,55,1,66.2981,35.9939,80.2538,85.64,51.8
227,55,1,66.1772,36.0237,80.2093,92.05,53.61
228,55,1,66.2853,36.0183,80.0897,94.19,54.03
229,55,1,66.3181,35.8647,80.2181,89.22,52.08
230,55,0,0,0,0,0,52.5
231,55,1,168.052,26.9206,24.07,94.12,53.77
232,55,1,167.999,26.9027,24.0373,94.6,58.2
233,55,1,168.047,26.9146,24.0505,91.19,58.09
234,55,1,168.151,26.9421,23.9024,93.69,58.67
235,55,1,168.044,26.8415,24.0347,94.5,58.44
236,55,1,168.143,26.86,23.9527,94.45,58.77
237,55,1,168.11,26.9021,23.9642,94.69,58.11
238,55,1,168.111,26.8881,23.9361,95.66,58.8
239,55,1,168.083,26.9021,24.0007,92.6,58.45
240,55,1,168.147,26.8948,23.9393,95.46,59.32
241,55,1,168.186,26.9502,23.7909,93.18,58.58
242,55,1,168.08,26.8604,23.9715,94.21,58.82
243,55,1,168.222,26.945,23.7533,91.91,59.26
244,55,1,167.979,26.9155,23.9132,92.27,59.61
245,55,1,168.203,26.8699,23.8843,94.14,58.95
246,55,1,168.085,26.9302,23.8431,93.68,59.19
247,55,1,168.021,26.9079,23.8809,91.66,58.59
248,55,1,168.169,26.8788,23.9061,95.13,59.21
249,55,1,168.131,26.9347,23.812,90.9,58.34
250,55,1,168.148,26.8556,23.8952,92.68,59.07
251,55,1,168.131,26.8857,23.9086,92.2,58.87
252,55,1,168.134,26.8963,23.8812,95.2,55.54
253,55,0,0,0,0,0,39.41
254,55,0,0,0,0,0,35.62
255,55,0,0,0,0,0,34.81
0,56,0,0,0,0,0,36.33
1,56,0,0,0,0,0,37.57
2,56,0,0,0,0,0,37.56
3,56,0,0,0,0,0,36.6
4,56,1,131.366,33.4618,80.8786,86.22,40.69
5,56,1,131.443,33.3538,80.8832,93.15,55.65
6,56,1,131.296,33.2904,80.998,92.33,55.85
7,56,1,131.203,33.294,81.0245,91.18,55.31
8,56,1,131.284,33.2891,80.9764,94.93,56.39
9,56,1,131.257,33.3357,81.0153,92.97,56.79
10,56,1,131.285,33.2623,80.9793,92.82,55.63
11,56,1,131.246,33.2648,81.0091,93.46,55.96
12,56,1,131.3,33.265,80.9845,93.48,56.49
13,56,1,131.34,33.267,80.9688,91.08,56.3
14,56,1,131.28,33.2811,80.9914,93,56.61
15,56,1,131.312,33.262,80.9673,94.18,56.74
16,56,1,131.263,33.2649,81.0113,88.96,55.91
17,56,1,131.34,33.3084,80.9452,91.66,56.35
18,56,1,131.341,33.2597,80.9519,92.33,56.75
19,56,1,131.33,33.2675,80.9319,93.86,55.67
20,56,1,131.31,33.2761,80.9792,92.53,56.93
21,56,1,131.279,33.2887,80.9493,92.61,56.96
22,56,1,131.394,33.2689,80.9124,91.46,57.03
23,56,1,131.379,33.2228,80.9254,93.93,56.32
24,56,1,131.362,33.2698,80.9315,92.17,56.46
25,56,1,131.379,33.2332,80.9171,92.99,55.85
26,56,1,131.384,33.2326,80.882,93.2,56.29
27,56,1,131.368,33.3509,81.005,91.74,57.51
28,56,1,131.42,33.2683,80.877,91.81,56.73
29,56,1,131.285,33.2928,80.9423,92.48,57.47
30,56,1,131.358,33.2882,80.8905,90.36,57.64
31,56,1,131.216,33.2537,80.9684,91.86,56.61
32,56,1,131.382,33.2857,80.907,91.48,57.24
33,56,1,131.377,33.2834,80.8891,91.67,56.24
34,56,1,131.5,33.2689,80.9013,93.46,56.95
35,56,1,131.185,33.419,81.1305,92.22,56.9
36,56,1,131.252,33.4633,81.104,92.6,56.79
37,56,1,131.416,33.4107,80.9684,91.77,57.21
38,56,1,131.635,33.2097,80.7501,95.1,55.48
39,56,1,274.177,48.7334,47.4637,92.65,56.62
40,56,1,274.146,48.8191,47.5079,92.26,59.94
41,56,1,274.102,48.8291,47.5395,92.59,59.31
42,56,1,274.152,48.8121,47.4772,96.1,60.54
43,56,1,274.172,48.8551,47.5069,93.61,59.51
44,56,1,274.136,48.8317,47.4879,91.27,58.67
45,56,1,274.249,48.879,47.403,93.31,57.77
46,56,0,0,0,0,0,56.43
47,56,0,0,0,0,0,57.2
48,56,0,0,0,0,0,56.4
49,56,1,355.871,11.9082,24.2557,96.46,56.55
50,56,1,355.715,11.9329,24.4473,95.83,57.32
51,56,1,355.807,11.9124,24.2851,93.68,57.47
52,56,1,356.049,11.9804,23.9975,96.68,58.73
53,56,1,355.893,11.9052,24.1303,95.63,58.27
54,56,1,355.753,11.8806,24.4408,95.56,58.66
55,56,1,355.724,11.8812,24.407,93.66,58.54
56,56,1,355.535,11.8675,24.5518,94.39,57.87
57,56,1,355.771,11.8795,24.3424,96.62,59.18
58,56,1,355.816,11.8835,24.2567,96.2,59.17
59,56,1,355.791,11.8866,24.2884,94.1,59.05
60,56,1,355.738,11.8725,24.3573,95.38,58.75
61,56,1,355.86,11.8956,24.2696,94.86,58.96
62,56,1,355.785,11.8876,24.2611,96.2,58.86
63,56,1,355.682,11.8933,24.2964,93.89,57.58
64,56,1,355.635,11.8801,24.4745,95.33,59.1
65,56,1,355.616,11.908,24.4939,95.3,58.1
66,56,1,355.696,11.921,24.3821,96.25,58.8
67,56,1,355.639,11.9195,24.4906,95.66,59
68,56,1,355.659,11.9093,24.4347,96.45,59.11
69,56,1,355.734,11.9099,24.3194,96.28,58.46
70,56,1,355.753,11.9044,24.3535,94.6,58.44
71,56,1,355.594,11.9145,24.5151,95.72,58.54
72,56,1,355.71,11.9116,24.3502,94.45,59.03
73,56,1,355.72,11.9078,24.4461,95.59,58.66
74,56,1,355.797,11.9503,24.221,96.15,59.42
75,56,1,355.73,11.9922,24.4505,96.97,58.58
76,56,1,355.506,11.9062,24.6719,95.83,58.62
77,56,1,355.548,11.9443,24.5282,95.58,59.09
78,56,1,355.255,11.8745,24.8562,95.11,58.35
79,56,0,0,0,0,0,54.97
80,56,1,128.137,39.4567,38.377,95.31,55.14
81,56,1,128.093,39.4065,38.4157,96.2,56
82,56,1,128.116,39.412,38.319,93.96,56.43
83,56,1,128.013,39.3966,38.4247,96.4,55.64
84,56,1,128.044,39.4065,38.4329,95.52,56.53
85,56,1,128.112,39.4026,38.3532,94.5,56.12
86,56,1,128.189,39.3965,38.3042,96.78,56.71
87,56,1,128.112,39.407,38.3268,94.41,56.53
88,56,1,128.154,39.4196,38.3152,94.65,56.57
89,56,1,128.19,39.3794,38.2888,94.75,55.64
90,56,1,128.16,39.3884,38.3388,95.95,55.9
91,56,1,128.156,39.393,38.3395,95.32,55.53
92,56,1,128.225,39.3552,38.2746,93.77,54.21
93,56,0,0,0,0,0,55.24
94,56,1,355.382,11.8913,24.7363,95.93,57.33
95,56,1,355.541,11.8924,24.5306,95.06,59.14
96,56,1,355.397,11.8796,24.7232,95.65,58.65
97,56,1,355.538,11.9166,24.5436,95.64,59.1
98,56,1,355.364,11.8874,24.7469,96.28,59.07
99,56,1,355.288,11.9229,24.8016,96.16,58.21
100,56,1,355.328,11.9673,24.7743,95.28,58.03
101,56,1,355.323,11.8752,24.7166,95.24,58.43
102,56,1,355.378,11.8732,24.7042,96.07,59
103,56,1,355.499,11.9036,24.4986,96.11,58.32
104,56,1,355.29,11.9539,24.8259,95.96,58.54
105,56,1,355.32,11.911,24.8058,95.72,58.49
106,56,1,355.131,11.8681,24.9378,95.97,58.58
107,56,1,355.295,11.9008,24.7418,95.85,58.79
108,56,1,355.254,11.8685,24.8514,95.17,58.78
109,56,1,355.3,11.8748,24.7854,95.8,59.33
110,56,1,355.285,11.8684,24.8135,95.69,58.86
111,56,1,355.252,11.8861,24.7671,94.53,58.92
112,56,1,355.247,11.8814,24.784,96.43,58.11
113,56,1,355.366,11.9535,24.6537,97.07,58.78
114,56,1,355.237,11.886,24.8176,95.91,58.69
115,56,1,355.323,11.939,24.759,95.66,59.05
116,56,1,355.158,11.9203,24.8724,95.54,57.88
117,56,1,355.007,11.9036,25.088,94.45,58.4
118,56,1,355.001,11.8919,25.1471,95.52,58.78
119,56,1,355.199,11.9536,24.8802,95.58,58.67
120,56,1,355.266,11.908,24.7104,95.54,58.35
121,56,1,355.238,11.9219,24.7935,96.23,59.04
122,56,1,354.984,11.8748,25.1244,94.59,59.22
123,56,1,355.12,11.8955,24.9285,95.72,58.65
124,56,1,354.938,11.9535,25.1701,95.84,58.04
125,56,1,355.085,11.8985,25.0969,96.42,59.25
126,56,1,355.194,11.9202,24.9071,96.69,58.71
127,56,1,355.183,11.9564,24.9203,95.73,58.31
128,56,1,354.978,11.935,25.0827,94.4,59.09
129,56,1,355.023,11.9105,25.1212,93.62,59.13
130,56,1,355.056,11.9052,25.0044,94.69,59.13
131,56,1,355.115,11.9062,24.8647,94.47,59.02
132,56,1,355.117,11.9122,24.9206,95.66,59.21
133,56,1,355.197,11.8967,24.8497,93.65,58.72
134,56,1,355.115,12.0088,24.9864,95.45,58.93
135,56,1,355.056,11.9286,24.9408,96.59,59.22
136,56,1,355.063,11.9145,25.0578,96.92,59.48
137,56,1,355.024,11.9135,25.0058,95.04,58.91
138,56,1,355.187,11.9358,24.9439,95.96,60.22
139,56,1,355.015,11.9095,25.0321,96.02,59.43
140,56,1,355.07,11.9746,25.0328,96.4,58.93
141,56,1,355.078,11.9377,24.9383,95.6,59.25
142,56,1,354.882,11.9271,25.1252,96.76,58.71
143,56,1,354.973,11.9723,25.1145,95.64,58.88
144,56,1,355.022,11.9331,25.1052,94.54,58.3
145,56,1,355.013,11.9109,25.1138,94.77,59.12
146,56,1,354.983,11.9115,25.092,96.01,58.44
147,56,1,354.929,11.9399,25.1935,95.65,59.4
148,56,1,354.954,11.8853,25.1419,95.89,58.64
149,56,1,354.5,11.9617,25.6532,94.33,57.25
150,56,0,0,0,0,0,55.07
151,56,1,236.87,41.688,12.2634,95.57,53.01
152,56,1,236.934,41.6912,12.2682,90.46,53.58
153,56,1,236.874,41.6769,12.2918,93.56,54.86
154,56,1,236.876,41.6836,12.2879,91.71,54.34
155,56,1,236.828,41.6427,12.3106,94.52,55.16
156,56,1,236.752,41.6608,12.3519,92.28,54.46
157,56,1,236.84,41.6455,12.3395,94.3,55.92
158,56,1,236.77,41.681,12.2864,93.55,54.76
159,56,1,236.847,41.6778,12.3075,95.53,54.77
160,56,1,236.808,41.6962,12.2223,94.85,55.09
161,56,1,236.845,41.6949,12.3029,94.11,54.56
162,56,1,236.852,41.6889,12.3288,94.31,54.86
163,56,1,236.814,41.6538,12.3497,94.34,55.58
164,56,1,236.845,41.6925,12.2226,93.36,54.31
165,56,1,236.856,41.6788,12.3267,94.1,55.04
166,56,1,236.8,41.6938,12.3507,94.15,55.05
167,56,1,236.916,41.7188,12.2604,93.72,55.15
168,56,1,236.821,41.6962,12.3029,94.83,56.41
169,56,1,236.806,41.7005,12.2962,95.68,54.58
170,56,1,236.856,41.6808,12.3263,93.91,55.36
171,56,1,236.852,41.6953,12.2461,93.57,55.39
172,56,1,236.879,41.7148,12.2475,93.04,55.31
173,56,1,236.789,41.7011,12.304,92.94,54.63
174,56,1,236.81,41.6419,12.3514,94.87,54.93
175,56,1,236.901,41.7114,12.2221,94.65,55.06
176,56,1,236.805,41.7026,12.2412,94,55.38
177,56,1,236.949,41.719,12.2016,93.94,54.55
178,56,1,236.754,41.7101,12.3295,94.24,55.31
179,56,1,236.814,41.6952,12.2848,94.22,55.42
180,56,1,236.729,41.7249,12.3921,93.75,54.91
181,56,1,236.843,41.7545,12.2309,93.91,54.86
182,56,1,236.776,41.7013,12.2913,92.41,54.32
183,56,1,236.878,41.7154,12.2618,94.78,54.82
184,56,1,236.82,41.705,12.2863,92.9,55.34
185,56,1,236.875,41.7402,12.1563,93.61,55.59
186,56,1,236.846,41.716,12.2916,95.41,54.71
187,56,1,236.892,41.7561,12.2769,83.92,52.45
188,56,0,0,0,0,0,53.73
189,56,1,278.653,40.0367,55.2842,92.32,54.77
190,56,1,278.709,40.0901,55.2801,95.3,54.12
191,56,1,278.644,40.0648,55.3684,84.77,54.6
192,56,1,278.598,40.0513,55.3489,85.04,54.89
193,56,0,0,0,0,0,54.64
194,56,0,0,0,0,0,53.84
195,56,0,0,0,0,0,54.42
196,56,0,0,0,0,0,54.53
197,56,1,61.6683,9.9423,57.7133,91.45,54.99
198,56,1,61.8153,9.94814,57.6053,89.98,54.39
199,56,1,61.4409,9.98792,57.9507,88.66,55.19
200,56,1,61.4597,9.94974,57.9527,89.73,56.92
201,56,1,61.837,9.93637,57.5905,90.63,57.58
202,56,1,61.6833,9.88811,57.8516,88.83,58.02
203,56,1,61.8641,9.93134,57.5503,89.14,57.97
204,56,1,61.43,9.91001,58.0493,88.63,58.42
205,56,1,60.9489,9.89567,58.6061,92.19,59.4
206,56,1,61.578,9.92589,57.9067,86.19,59.19
207,56,1,61.6869,9.92277,57.8146,89.05,58.85
208,56,1,61.6275,9.92398,57.8567,92.14,58.45
209,56,1,61.5302,9.93465,57.8117,88.84,58.7
210,56,1,61.2027,9.94763,58.1806,89.86,58.89
211,56,1,61.9292,9.91602,57.4931,88.62,58.24
212,56,1,61.1722,9.93586,58.1687,90.12,58.86
213,56,1,61.4043,9.95945,57.9781,90.14,59.74
214,56,1,61.3762,9.92883,58.031,89.81,59.66
215,56,1,61.5315,9.92326,57.8568,90.71,59.24
216,56,1,61.4503,9.91927,57.9037,89.37,58.86
217,56,1,61.2721,9.91479,58.1777,92.77,59.96
218,56,1,61.5167,9.89437,57.9204,90.31,59.11
219,56,1,61.5666,9.90331,57.836,90.87,58.92
220,56,1,61.1016,9.91601,58.3585,89.71,59.16
221,56,1,61.5531,9.91635,57.8541,91.12,59.77
222,56,1,61.4361,9.90935,57.9542,87.19,59.02
223,56,1,60.907,9.95278,58.5043,90.28,59.72
224,56,1,61.3081,9.93696,58.0858,89.1,59.09
225,56,1,61.2134,9.89461,58.154,89.2,56.86
226,56,1,66.1915,35.9844,80.2738,88.74,52.43
227,56,1,66.2708,36.0041,80.1131,93.84,53.91
228,56,1,66.2541,35.9818,80.2645,90.14,53.76
229,56,1,66.1524,35.984,80.2456,88.88,54.8
230,56,1,66.1049,35.9885,80.2856,87.26,52.79
231,56,0,0,0,0,0,52.17
232,56,1,167.972,26.8969,24.0971,95.27,54.77
233,56,1,168.053,26.9082,24.0411,95.35,56.58
234,56,1,168.051,26.9077,24.0438,94.69,57.49
235,56,1,168.061,26.9215,24.0324,95.55,58.5
236,56,1,168.063,26.8851,23.9987,93.53,58.58
237,56,1,168.122,26.8842,23.9455,95.55,58.76
238,56,1,167.978,26.8945,23.989,94.5,58.81
239,56,1,168.265,26.9461,23.7461,92.75,59.07
240,56,1,167.999,26.9326,23.9398,92.73,58.25
241,56,1,168.084,26.8661,23.9856,96.64,59.01
242,56,1,168.239,26.9301,23.7676,91.53,59.01
243,56,1,168.101,26.8903,23.9496,94.65,58.75
244,56,1,168.106,26.8518,23.9106,94.62,59.14
245,56,1,168.242,26.9448,23.7391,91.37,58.8
246,56,1,168.221,26.889,23.8894,94.11,58.53
247,56,1,168.087,26.871,23.9019,95.33,57.65
248,56,1,168.057,26.8541,23.9268,94.75,58.62
249,56,1,168.191,26.8879,23.9038,94.12,58.84
250,56,1,168.287,26.8391,23.7962,94.28,59.82
251,56,1,167.974,26.8988,23.9182,90.16,59.34
252,56,1,168.195,26.9381,23.7347,93.08,57.23
253,56,1,168.446,26.9528,23.709,92.17,42.39
254,56,0,0,0,0,0,35.62
255,56,0,0,0,0,0,34.87
0,57,0,0,0,0,0,36.1
1,57,0,0,0,0,0,37.31
2,57,0,0,0,0,0,37.64
3,57,0,0,0,0,0,36.64
4,57,1,131.517,33.4859,80.7195,90.46,40.55
5,57,1,131.453,33.3553,80.8687,95.69,55.33
6,57,1,131.202,33.3028,81.0547,91.45,55.79
7,57,1,131.421,33.2825,80.9374,92.88,56.29
8,57,1,131.284,33.3298,81.002,91.67,56.71
9,57,1,131.208,33.3234,81.0333,92.84,56.38
10,57,1,131.303,33.3881,81.0397,92.92,56.77
11,57,1,131.293,33.267,80.9954,92.38,56.49
12,57,1,131.343,33.2866,80.9695,95.86,56.48
13,57,1,131.32,33.2796,80.9867,91.57,56.27
14,57,1,131.325,33.275,80.9787,93.08,56.38
15,57,1,131.343,33.3138,80.9673,91.7,56.41
16,57,1,131.281,33.2757,80.9875,91.87,56.51
17,57,1,131.379,33.2508,80.9105,91.83,56.99
18,57,1,131.408,33.2746,80.9195,92.7,56.51
19,57,1,131.428,33.2716,80.9176,91.36,56.67
20,57,1,131.406,33.2766,80.9235,90.64,56.81
21,57,1,131.373,33.2979,80.9231,92.62,57.22
22,57,1,131.296,33.2718,80.9708,92.78,57.45
23,57,1,131.366,33.2901,80.9057,92.42,56.6
24,57,1,131.411,33.2467,80.8915,92.17,55.77
25,57,1,131.284,33.2347,80.9192,93.51,55.95
26,57,1,131.387,33.2766,80.9151,92.06,57.58
27,57,1,131.474,33.2369,80.827,92.06,56.56
28,57,1,131.388,33.2925,80.9012,92.66,57
29,57,1,131.355,33.3523,80.997,93.81,56.7
30,57,1,131.35,33.2805,80.8999,92.55,57.1
31,57,1,131.461,33.2452,80.8473,92.55,56.4
32,57,1,131.513,33.231,80.8319,93.47,56.26
33,57,1,131.337,33.2388,80.9251,93.42,56.45
34,57,1,131.395,33.3231,80.9479,91.83,58.07
35,57,1,131.325,33.3785,81.0187,93.54,56.46
36,57,1,131.347,33.3926,80.9534,93.57,57.9
37,57,1,131.498,33.2766,80.8035,93.73,56.43
38,57,1,131.408,33.2252,80.855,93.53,54.29
39,57,1,274.126,48.7419,47.4827,83.74,58.66
40,57,1,274.16,48.8475,47.5013,92.69,59.45
41,57,1,274.21,48.8545,47.5484,89.99,60.08
42,57,1,274.159,48.8777,47.5085,94.17,59.59
43,57,1,274.22,48.9021,47.5427,96.07,59.8
44,57,1,274.216,48.8301,47.5472,87.43,60.66
45,57,1,274.166,48.8436,47.5522,90.86,60.29
46,57,1,274.253,48.8778,47.4464,83.81,59.8
47,57,1,274.189,48.8667,47.517,91.93,58.41
48,57,0,0,0,0,0,58.31
49,57,0,0,0,0,0,56.97
50,57,0,0,0,0,0,56.95
51,57,1,355.855,11.9793,24.3335,89.15,56.76
52,57,1,355.823,11.9085,24.3227,96.06,57.3
53,57,1,356.1,11.87,23.9138,95.65,59.09
54,57,1,355.705,11.9028,24.3102,94.99,58.19
55,57,1,355.712,11.8809,24.3208,96.03,57.92
56,57,1,355.944,11.9038,24.078,95.21,58.06
57,57,1,355.885,11.8803,24.2883,97.37,58.45
58,57,1,355.783,11.9509,24.3533,96.67,58.15
59,57,1,355.385,11.9516,24.6802,95.4,57.94
60,57,1,355.758,11.8871,24.2664,94.55,58.56
61,57,1,355.898,11.9013,24.187,94.91,58.51
62,57,1,355.732,11.9611,24.2414,95.98,58.86
63,57,1,355.712,11.8892,24.3464,95.61,58.93
64,57,1,355.593,11.9085,24.5072,93.66,57.46
65,57,1,355.639,11.9258,24.4378,95.71,59.51
66,57,1,355.69,11.8869,24.4202,96.24,58.91
67,57,1,355.695,11.9512,24.384,96.38,59.28
68,57,1,355.51,11.8984,24.5214,94.56,57.94
69,57,1,355.635,11.9048,24.439,95.38,58.44
70,57,1,355.67,11.9186,24.4342,96.65,58.98
71,57,1,355.596,11.882,24.5066,95.73,58.15
72,57,1,355.633,11.9068,24.4595,94.9,59.43
73,57,1,355.692,11.9502,24.4112,95.62,59.07
74,57,1,355.582,11.9086,24.5623,95.87,58.32
75,57,1,355.555,11.9286,24.5199,93.2,58.27
76,57,1,355.403,11.8956,24.8419,94.94,58.33
77,57,1,355.575,11.8945,24.5434,95.19,58.52
78,57,0,0,0,0,0,55.99
79,57,1,128.13,39.4561,38.4105,87.91,54.83
80,57,1,128.255,39.4281,38.2709,96.88,55.01
81,57,1,128.082,39.4372,38.3563,94.6,56.61
82,57,1,128.121,39.4126,38.3442,94.41,55.99
83,57,1,128.148,39.4332,38.301,95.21,56.45
84,57,1,128.174,39.4274,38.3086,95.8,55.87
85,57,1,128.153,39.3876,38.3115,94.24,56.83
86,57,1,128.23,39.4025,38.2932,96.14,56.41
87,57,1,128.221,39.4289,38.2733,95.66,56.35
88,57,1,128.24,39.4019,38.3043,97.43,57.24
89,57,1,128.18,39.4262,38.2696,94.3,55.99
90,57,1,128.163,39.3909,38.2983,96.61,56.06
91,57,1,128.26,39.3863,38.2852,96.33,54.93
92,57,0,0,0,0,0,55.41
93,57,1,355.556,11.9035,24.5178,94.32,57.37
94,57,1,355.505,11.9533,24.5603,96.42,58.97
95,57,1,355.421,11.8949,24.7702,92.6,58.38
96,57,1,355.231,11.8977,24.9318,94.09,59.07
97,57,1,355.511,11.8889,24.56,96.59,58.39
98,57,1,355.24,11.87,24.9135,93.48,58.06
99,57,1,355.447,11.8697,24.6262,95.56,58.7
100,57,1,355.491,11.9695,24.5533,96.57,58.8
101,57,1,355.192,11.8632,24.9152,95.27,58.62
102,57,1,355.439,11.8766,24.645,95.35,59.09
103,57,1,355.391,11.8706,24.6689,95.73,58.97
104,57,1,355.264,11.8731,24.7903,94.25,59.25
105,57,1,355.291,11.9232,24.8515,96.21,59.31
106,57,1,355.243,11.8607,24.8002,95.8,59.29
107,57,1,355.24,11.8558,24.7673,95.81,58.87
108,57,1,355.297,11.8608,24.7573,96.19,58.77
109,57,1,355.411,11.85,24.7334,95.32,59.63
110,57,1,355.281,11.8735,24.774,94.77,59.12
111,57,1,355.326,11.8952,24.7813,94.87,59.31
112,57,1,355.214,11.875,24.8567,95.41,58.49
113,57,1,355.385,11.9326,24.6049,94.78,58.71
114,57,1,355.269,11.9084,24.8329,95.62,59.31
115,57,1,355.241,11.8681,24.9351,96.11,58.46
116,57,1,355.089,11.8494,25.0416,96.39,58.37
117,57,1,355.127,11.8872,24.9585,95.31,58.76
118,57,1,355.274,11.9063,24.8005,95.75,59.11
119,57,1,355.279,11.8951,24.8323,95.66,58.2
120,57,1,355.148,11.8889,24.9391,95.2,58.95
121,57,1,355.171,11.9821,24.8702,96.02,59.06
122,57,1,354.998,11.8448,25.0937,94.01,58.82
123,57,1,355.054,11.8772,24.9333,94.96,58.65
124,57,1,355.116,11.8996,25.0134,94.48,58.97
125,57,1,355.158,11.8888,24.9288,95.32,58.64
126,57,1,355.122,11.8878,24.8861,96.01,57.96
127,57,1,355.097,11.9382,24.9246,95.59,58.58
128,57,1,355.295,11.8998,24.8309,96.02,58.52
129,57,1,355.118,11.974,25.0105,94.92,58.69
130,57,1,355.052,11.8971,24.9513,96.47,58.96
131,57,1,355.115,11.9084,24.9903,96.68,59.86
132,57,1,355.039,11.9637,24.9618,96.61,59.07
133,57,1,355.074,11.9069,24.9832,95.42,59.72
134,57,1,355.215,11.8998,24.9437,94.86,59.31
135,57,1,355.026,11.9059,25.0036,95.9,58.58
136,57,1,355.035,11.9201,24.9426,94.51,59.6
137,57,1,354.984,11.9154,25.134,96.42,59.35
138,57,1,355.112,11.9878,24.9818,94.59,59.81
139,57,1,354.984,11.8932,25.0762,95.57,59.13
140,57,1,355.005,11.9719,25.02,94.82,58.51
141,57,1,354.912,11.946,25.1306,96.37,59.03
142,57,1,354.8,11.9136,25.2819,95.41,58.23
143,57,1,354.948,11.9163,25.0344,95.08,59.61
144,57,1,354.987,11.9143,25.099,96.67,59.44
145,57,1,354.885,11.912,25.1741,96.75,58.96
146,57,1,354.811,11.9056,25.2214,93.32,59.49
147,57,1,354.745,11.9401,25.3242,93.78,57.86
148,57,1,354.858,11.909,25.1994,96.57,59.06
149,57,1,354.794,11.9329,25.2277,95.62,58.86
150,57,1,355.024,11.9805,25.0224,94.7,56.94
151,57,0,0,0,0,0,55.13
152,57,1,236.956,41.703,12.2858,92.55,53.4
153,57,1,236.847,41.6677,12.3076,94.63,54.95
154,57,1,236.911,41.7065,12.2797,93.91,54.54
155,57,1,236.874,41.6686,12.3165,92.92,54.45
156,57,1,236.744,41.6445,12.3753,94.04,54.89
157,57,1,236.773,41.6597,12.3149,92.75,54.81
158,57,1,236.766,41.6755,12.3195,93.01,54.35
159,57,1,236.86,41.6896,12.3165,93.48,54.22
160,57,1,236.846,41.6806,12.3279,94.33,55.62
161,57,1,236.787,41.6747,12.3498,93.31,55.88
162,57,1,236.762,41.6875,12.3187,91.42,54.58
163,57,1,236.736,41.6879,12.3373,92.31,54.99
164,57,1,236.822,41.7136,12.2192,94.61,55.24
165,57,1,236.857,41.6867,12.2778,94.76,55.14
166,57,1,236.806,41.7107,12.2997,93.02,54.25
167,57,1,236.821,41.6888,12.309,93.1,54.99
168,57,1,236.785,41.6956,12.3057,94.53,55.35
169,57,1,236.769,41.7003,12.3032,92.72,55.19
170,57,1,236.861,41.716,12.215,94.93,55.84
171,57,1,236.838,41.7267,12.2698,93.43,54.67
172,57,1,236.815,41.6997,12.2925,92.7,54.86
173,57,1,236.806,41.6451,12.3296,94.42,55.11
174,57,1,236.801,41.7175,12.275,91.36,54.73
175,57,1,236.894,41.7461,12.1602,92.13,55.62
176,57,1,236.796,41.7072,12.2918,94.58,55.58
177,57,1,236.847,41.7092,12.2981,93.57,54.75
178,57,1,236.905,41.732,12.2476,92.98,54.3
179,57,1,236.87,41.7363,12.2811,93.98,55.33
180,57,1,236.833,41.7306,12.3042,93.2,54.13
181,57,1,236.843,41.7255,12.1893,93.47,55.56
182,57,1,236.86,41.68,12.2384,94.3,55.04
183,57,1,236.73,41.6807,12.3149,92.19,55.25
184,57,1,236.808,41.688,12.2899,93.28,54.58
185,57,1,236.799,41.7294,12.3039,92.56,53.2
186,57,1,236.792,41.745,12.2775,93.33,52.42
187,57,0,0,0,0,0,54.25
188,57,1,278.561,40.027,55.262,92.98,58.1
189,57,1,278.576,40.022,55.3629,93.45,58.92
190,57,1,278.555,40.0157,55.368,91.65,59.17
191,57,1,278.548,40.001,55.3599,94.6,58.84
192,57,1,278.55,40.0018,55.3325,92.62,58.07
193,57,1,278.53,40.0021,55.334,93.54,55.93
194,57,1,278.588,40.0538,55.305,94.28,56.69
195,57,1,278.543,39.9893,55.3702,91.88,56.41
196,57,1,278.595,40.0595,55.3611,94.57,55.22
197,57,1,278.546,40.0396,55.3372,87.99,55.41
198,57,1,278.533,40.015,55.3361,86.21,54.43
199,57,0,0,0,0,0,53.86
200,57,0,0,0,0,0,54.99
201,57,0,0,0,0,0,53.51
202,57,0,0,0,0,0,54.86
203,57,0,0,0,0,0,54.93
204,57,1,61.8661,9.91998,57.6518,80.4,54.64
205,57,1,61.4562,9.91745,58.0193,88.9,55.64
206,57,1,61.7367,9.91352,57.6912,91.09,56.1
207,57,1,61.4383,9.92097,58.0198,90.65,56.59
208,57,1,61.6283,9.9315,57.7461,90.28,57.46
209,57,1,61.6325,9.91781,57.8311,89.49,57.41
210,57,1,61.7792,9.90351,57.6816,88.84,58.62
211,57,1,61.4419,9.91426,57.9991,87.82,58.06
212,57,1,61.6331,9.91557,57.7933,88.31,59.16
213,57,1,61.6151,9.93458,57.7074,90.89,58.87
214,57,1,61.649,9.90738,57.7206,92.24,59.4
215,57,1,61.7278,9.93117,57.7286,90.48,59.92
216,57,1,61.5693,9.92052,57.8389,87.67,59.71
217,57,1,61.389,9.96119,57.9751,88.27,58.62
218,57,1,61.5522,9.90068,57.885,91.72,59.35
219,57,1,61.4658,9.90856,58.0107,87.88,59.18
220,57,1,61.4133,9.93601,58.0179,88.76,58.88
221,57,1,61.4917,9.87682,58.0224,91.88,59.32
222,57,1,61.4836,9.9448,57.8197,87.99,59.11
223,57,1,61.3369,9.91425,58.1228,90.1,60.38
224,57,1,61.584,9.87037,57.8325,87.73,59.43
225,57,1,61.4962,9.90619,57.902,83.35,58.09
226,57,0,0,0,0,0,51.64
227,57,1,66.0544,36.0152,80.313,90.97,52.85
228,57,1,66.2865,36.0107,80.0836,89.63,52.66
229,57,1,66.1997,35.976,80.2687,87.91,53.53
230,57,1,66.1932,35.9756,80.2702,83.01,53.88
231,57,1,66.2178,36.0035,80.2411,85.85,52.94
232,57,1,66.0866,36.0946,80.0743,84.46,51.98
233,57,0,0,0,0,0,52.42
234,57,1,168.014,26.9199,24.0442,83.68,54.55
235,57,1,168.104,26.8912,23.9956,94.26,56.64
236,57,1,168.143,26.9015,23.9956,95.85,57.75
237,57,1,168.102,26.8784,23.9847,93.93,58.91
238,57,1,168.123,26.9481,23.8107,92.5,59.19
239,57,1,168.112,26.8858,23.934,94.39,58.72
240,57,1,168.115,26.888,23.9302,94.6,58.45
241,57,1,168.1,26.8736,23.9612,94.56,59.35
242,57,1,168.191,26.8729,23.902,95.2,59.06
243,57,1,168.101,26.9067,23.9552,95.24,59.35
244,57,1,168.081,26.9103,23.8512,91.36,59.57
245,57,1,168.135,26.8692,23.9006,94.86,59.12
246,57,1,168.286,26.9736,23.7668,93.85,59.5
247,57,1,168.065,26.9451,23.8768,92.04,57.83
248,57,1,168.125,26.8227,23.9491,94.08,59.16
249,57,1,168.008,26.7981,24.0019,92.65,59.33
250,57,1,168.23,26.9305,23.7338,92.36,59.98
251,57,1,168.095,26.9191,23.8331,91.31,58.23
252,57,1,168.158,26.8696,23.8944,94.41,58.24
253,57,1,168.098,26.9281,23.7906,85.19,46.45
254,57,0,0,0,0,0,35.41
255,57,0,0,0,0,0,34.78
0,58,0,0,0,0,0,36.24
1,58,0,0,0,0,0,37.78
2,58,0,0,0,0,0,37.27
3,58,0,0,0,0,0,36.79
4,58,1,131.306,33.4539,80.8395,91.97,40.54
5,58,1,131.288,33.3308,80.992,92.14,55.53
6,58,1,131.257,33.2999,81.0026,93.93,56.22
7,58,1,131.317,33.3082,80.9365,90.04,55.89
8,58,1,131.27,33.282,81.006,92.9,55.82
9,58,1,131.307,33.3206,80.9033,93,56.4
10,58,1,131.378,33.2791,80.93,92.93,56.61
11,58,1,131.31,33.3176,80.9638,91.8,57.2
12,58,1,131.315,33.2541,80.9874,92.54,56.82
13,58,1,131.323,33.2681,80.9532,93.06,56.57
14,58,1,131.32,33.3218,80.9508,93.66,57.27
15,58,1,131.373,33.2636,80.9331,94.01,55.74
16,58,1,131.275,33.2495,80.9627,92.05,56.17
17,58,1,131.407,33.2534,80.9234,93.25,55.61
18,58,1,131.34,33.249,80.923,90.96,55.75
19,58,1,131.371,33.2775,80.9215,93.47,56.89
20,58,1,131.397,33.2975,80.9142,93.19,56.86
21,58,1,131.121,33.3139,81.0199,91.9,56.94
22,58,1,131.257,33.3186,80.9352,92.36,57.49
23,58,1,131.394,33.2491,80.8898,91.67,55.69
24,58,1,131.377,33.2916,80.9164,91.62,56.63
25,58,1,131.332,33.2944,80.9274,92.43,57.05
26,58,1,131.501,33.0818,80.7822,85.49,56.95
27,58,1,131.325,33.2725,80.9236,92.02,56.58
28,58,1,131.309,33.2545,80.9159,92.12,56.32
29,58,1,131.478,33.2329,80.8461,92.94,56.78
30,58,1,131.401,33.2987,80.9099,92.92,57.14
31,58,1,131.718,33.0793,80.6796,87.35,57.69
32,58,1,131.335,33.28,80.9205,92.27,57.31
33,58,1,131.332,33.301,80.9289,93.6,57.07
34,58,1,131.283,33.3488,81.0077,91.05,57.2
35,58,1,131.275,33.3672,80.994,92.88,55.9
36,58,1,131.438,33.3826,80.8512,94.55,57.37
37,58,1,131.444,33.2837,80.8491,93.08,57.25
38,58,1,131.569,33.1833,80.7515,85.06,54.16
39,58,1,274.093,48.7942,47.4772,93.2,58.02
40,58,1,274.134,48.8975,47.5522,88.06,60.26
41,58,1,274.117,48.8911,47.5798,88.32,59.5
42,58,1,274.105,48.8828,47.5467,87.45,61.05
43,58,1,274.155,48.8456,47.5385,87.69,60.16
44,58,1,274.08,48.8422,47.5373,95.49,59.76
45,58,1,274.213,48.8564,47.5407,90,61.09
46,58,1,274.158,48.8757,47.5352,96.11,59.6
47,58,1,274.213,48.8601,47.5308,96.86,60.69
48,58,1,274.232,48.8673,47.4501,83.73,59.15
49,58,1,274.174,48.8645,47.4362,93.24,58.12
50,58,0,0,0,0,0,57.38
51,58,0,0,0,0,0,56.8
52,58,1,355.907,11.8765,24.2364,87.99,55.98
53,58,1,355.609,11.9643,24.4364,96.61,56.64
54,58,1,355.863,11.8619,24.3007,95.19,57.36
55,58,1,355.777,11.8742,24.2588,97.37,58.45
56,58,1,355.835,11.8857,24.2283,96.71,58.78
57,58,1,355.62,11.9005,24.5164,96.25,57.36
58,58,1,355.351,11.9511,24.7948,95.54,58.01
59,58,1,355.705,11.8632,24.4215,94.93,58.69
60,58,1,355.677,11.8835,24.3972,94.16,58.02
61,58,1,355.611,11.8902,24.4786,95.78,59.04
62,58,1,355.625,11.9061,24.4047,94.81,58.3
63,58,1,355.663,11.8839,24.3925,96.95,58.88
64,58,1,355.672,11.8949,24.3664,95.63,58.39
65,58,1,355.813,11.8838,24.2589,94.38,58.85
66,58,1,355.693,11.9665,24.3323,96.19,58.91
67,58,1,355.699,11.9567,24.4517,96.15,58.55
68,58,1,355.593,11.9189,24.4545,95.22,58.03
69,58,1,355.682,11.8897,24.602,93.87,58.91
70,58,1,355.616,11.8928,24.5642,96.46,58.42
71,58,1,355.628,11.9063,24.4461,96.19,58.85
72,58,1,355.66,11.896,24.415,95.43,58.7
73,58,1,355.547,11.9168,24.5066,96.54,58.88
74,58,1,355.593,11.8997,24.5334,96.99,58.74
75,58,1,355.698,11.9007,24.3802,93.56,58.92
76,58,1,355.381,11.9192,24.7297,96.55,58.68
77,58,1,355.316,11.9149,24.7983,93.66,56.57
78,58,0,0,0,0,0,54.06
79,58,1,128.16,39.3913,38.3989,94.89,55.25
80,58,1,128.191,39.4428,38.2973,94.55,56.19
81,58,1,128.173,39.4168,38.323,94.29,56.02
82,58,1,128.224,39.3918,38.2923,95.73,55.42
83,58,1,128.085,39.4308,38.3159,97.44,56.62
84,58,1,128.181,39.4209,38.3258,95.76,56.29
85,58,1,128.126,39.4053,38.3106,93.37,55.52
86,58,1,128.247,39.4053,38.3041,96.24,56.6
87,58,1,127.962,39.4352,38.405,93.8,55.46
88,58,1,128.084,39.4138,38.3429,96.93,55.55
89,58,1,128.207,39.3826,38.2999,96.5,56.92
90,58,1,128.139,39.4234,38.3203,96.04,55.85
91,58,1,128.098,39.3418,38.4178,89.83,53.47
92,58,1,355.219,11.9091,24.8486,88.21,55.42
93,58,1,355.348,11.9051,24.6944,96.46,58.5
94,58,1,355.424,11.9023,24.6602,96.4,59.02
95,58,1,355.581,11.8917,24.5105,96.79,58.75
96,58,1,355.318,11.8763,24.7806,96.35,58.22
97,58,1,355.379,11.8969,24.7241,97.19,58.86
98,58,1,355.514,11.8726,24.5559,95.64,58.07
99,58,1,355.483,11.8949,24.6232,96.16,58.66
100,58,1,355.011,11.9305,25.1626,98.2,58.37
101,58,1,355.509,11.9092,24.5508,97.44,58.95
102,58,1,355.346,11.8571,24.7103,94.4,58.85
103,58,1,355.414,11.8562,24.691,94.21,57.82
104,58,1,355.194,11.9078,24.8513,95.98,59.1
105,58,1,355.127,11.8256,24.9512,94.05,58.79
106,58,1,355.341,11.8704,24.7854,94.82,58.26
107,58,1,355.14,11.8805,24.9055,94.52,58.31
108,58,1,355.135,11.8814,24.8922,96.54,59
109,58,1,355.339,11.8948,24.7422,95.08,59.65
110,58,1,355.384,11.8771,24.7365,96.62,58.87
111,58,1,355.084,11.8918,24.9773,94.12,58.21
112,58,1,355.487,11.9347,24.711,95.1,59.3
113,58,1,355.265,11.8636,24.8299,94.23,59.3
114,58,1,355.308,11.882,24.8251,96.01,59.6
115,58,1,355.174,11.8615,24.8742,94.08,58.74
116,58,1,355.075,11.902,24.9687,94.33,58.07
117,58,1,355.185,11.874,24.8923,95.31,59.43
118,58,1,354.999,11.9018,25.1306,94.32,59.08
119,58,1,355.117,11.9102,24.9475,94.7,58.16
120,58,1,355.071,11.8716,25.0594,96.42,58.5
121,58,1,355.012,11.8983,25.0119,96.05,58.72
122,58,1,355.242,11.8741,24.8097,93.76,58.56
123,58,1,355.332,11.895,24.7646,95.62,59.21
124,58,1,355.159,11.8842,24.8687,96.57,58.73
125,58,1,355.241,11.8975,24.7608,95.11,59.1
126,58,1,355.024,11.8759,25.0051,95.43,58.55
127,58,1,355.349,11.8744,24.7438,94.3,58.82
128,58,1,355.127,11.9109,24.9356,94.99,58.5
129,58,1,355.208,11.9821,24.8531,96.73,59.38
130,58,1,355.124,11.9093,24.9917,95.93,59.41
131,58,1,355.077,11.8959,24.9622,96.22,59.92
132,58,1,355.078,11.9018,24.9531,94.6,58.96
133,58,1,355.202,11.9158,24.7965,95.87,58.99
134,58,1,355.131,11.8967,24.9202,96.04,59.51
135,58,1,355.086,11.9095,25.001,96.64,58.82
136,58,1,355.095,12.0064,24.9084,96.68,58.76
137,58,1,354.903,11.8984,25.2382,95.56,58.53
138,58,1,354.852,11.9567,25.2413,95.21,59.05
139,58,1,354.986,11.9605,25.1007,96.35,58.99
140,58,1,354.986,11.9228,25.0789,97.01,59.06
141,58,1,355.139,11.9681,24.9995,94.91,58.99
142,58,1,354.973,11.9067,25.1164,93.97,59.7
143,58,1,354.956,11.9309,25.0898,96.86,58.48
144,58,1,354.835,11.9176,25.2223,95.48,59.92
145,58,1,355.042,12.0038,25.0203,96.26,59.15
146,58,1,355.097,12.0016,24.9309,95.62,59.4
147,58,1,354.843,11.9162,25.1973,94.49,59.21
148,58,1,354.901,11.8918,25.1748,95.97,59.18
149,58,1,354.793,11.9162,25.2447,95.89,59.44
150,58,1,354.68,11.9001,25.4687,95.39,58.68
151,58,1,354.895,11.964,25.1109,95.87,55.51
152,58,1,236.899,41.6982,12.2473,85.59,54.87
153,58,1,236.925,41.6573,12.2299,92.48,55.24
154,58,1,236.919,41.6736,12.301,93.04,55.1
155,58,1,236.798,41.6691,12.3339,96.55,54.8
156,58,1,236.83,41.6821,12.2796,94.98,54.6
157,58,1,236.777,41.6509,12.3454,93.8,54.97
158,58,1,236.862,41.6723,12.238,94.13,54.81
159,58,1,236.882,41.7014,12.3021,93.48,54.91
160,58,1,236.759,41.6726,12.3027,94.08,55.08
161,58,1,236.761,41.6453,12.3557,94.04,55.67
162,58,1,236.87,41.7233,12.2304,93.16,54.22
163,58,1,236.852,41.7079,12.2327,93.96,55.24
164,58,1,236.858,41.6871,12.2387,92.77,55.64
165,58,1,236.866,41.7253,12.2314,94.4,54.82
166,58,1,236.87,41.7242,12.2027,91.62,55.03
167,58,1,236.856,41.7109,12.2744,94.44,55.27
168,58,1,236.801,41.6952,12.3169,94.71,55.51
169,58,1,236.77,41.6985,12.3036,94,54.92
170,58,1,236.849,41.7155,12.3121,92.1,54.34
171,58,1,236.792,41.6984,12.2747,93.42,54.88
172,58,1,236.743,41.6933,12.3529,93.85,55.39
173,58,1,236.835,41.7247,12.201,93.44,54.56
174,58,1,236.902,41.6925,12.3026,93.38,54.9
175,58,1,236.827,41.7151,12.2933,94.39,55.88
176,58,1,236.781,41.7226,12.3038,93.44,55.31
177,58,1,236.888,41.7221,12.2512,94.55,55.26
178,58,1,236.922,41.6999,12.2689,92.37,54.58
179,58,1,236.844,41.7315,12.2087,95.48,54.41
180,58,1,236.85,41.7292,12.231,92.79,55
181,58,1,236.822,41.7271,12.294,92.64,54.75
182,58,1,236.857,41.7457,12.2712,93.8,55.17
183,58,1,236.836,41.7032,12.2055,94,54.05
184,58,1,236.771,41.7122,12.2118,95.91,54.68
185,58,1,236.857,41.766,12.2823,92.69,53.37
186,58,0,0,0,0,0,53.46
187,58,1,278.57,39.9959,55.287,92.16,58.31
188,58,1,278.55,39.995,55.3593,92.82,58.57
189,58,1,278.496,39.9954,55.3799,93.19,58.65
190,58,1,278.452,40.0065,55.3834,92.23,59.18
191,58,1,278.474,40.0082,55.4016,91.32,59.52
192,58,1,278.526,39.9795,55.3595,93.56,60.03
193,58,1,278.528,39.9905,55.4018,93.45,59.36
194,58,1,278.606,40.0494,55.4169,92.31,59.73
195,58,1,278.527,39.9742,55.3611,96.02,60.09
196,58,1,278.551,40.0258,55.3451,92.29,58.29
197,58,1,278.581,40.0334,55.358,94.23,58.81
198,58,1,278.513,40.0102,55.3762,91.63,57.47
199,58,1,278.584,40.0736,55.3028,94.13,57.29
200,58,1,278.505,40.0713,55.3949,91.93,57.83
201,58,1,278.494,40.0196,55.3955,92.86,56.48
202,58,1,278.51,40.0529,55.3749,86.41,55.73
203,58,1,278.572,40.1065,55.4124,86.17,55.65
204,58,1,278.56,40.0737,55.3594,85.04,54.49
205,58,0,0,0,0,0,53.82
206,58,0,0,0,0,0,54.86
207,58,0,0,0,0,0,54.15
208,58,0,0,0,0,0,54.96
209,58,1,61.8088,9.91869,57.6643,79.33,54.47
210,58,1,61.6178,9.92103,57.7756,87.86,54.77
211,58,1,61.6937,9.93492,57.6831,91.35,56.63
212,58,1,61.7271,9.89069,57.7119,87.89,55.61
213,58,1,61.2459,9.94015,58.1636,86.48,56.41
214,58,1,61.6264,9.91839,57.763,89.22,58.07
215,58,1,61.5914,9.8987,57.8322,90.81,57.5
216,58,1,61.6123,9.88371,57.8438,88.18,57.07
217,58,1,61.1519,9.91583,58.2196,88.89,58.16
218,58,1,61.4667,9.92124,57.8882,89.71,57.84
219,58,1,61.4087,9.93894,57.9487,91.99,58.89
220,58,1,61.3017,9.92906,58.1271,88.48,58.92
221,58,1,61.0819,9.88105,58.4031,93.04,58.68
222,58,1,61.2036,9.92893,58.2109,90.73,59.24
223,58,1,61.8193,9.88614,57.5966,90.78,59.2
224,58,1,61.4516,9.89269,58.0412,90.16,59.63
225,58,1,61.5486,9.89501,57.8699,90.56,59.3
226,58,0,0,0,0,0,50.78
227,58,1,66.3255,35.9667,80.2686,88.32,52.67
228,58,1,66.2327,36.0192,80.1024,93.38,53.94
229,58,1,66.323,36.0023,80.0538,92.52,54.44
230,58,1,66.2536,35.9928,80.2097,89.74,53.38
231,58,1,66.2353,36.0063,80.2684,88.78,53.36
232,58,1,66.3032,35.9998,80.1378,90.25,53.39
233,58,1,66.2376,36.0273,80.0997,93.35,52.51
234,58,1,66.4616,35.9367,79.8458,93.01,50.94
235,58,1,168.086,26.8931,24.004,87.22,53.78
236,58,1,168.113,26.8884,23.9825,95.74,55.33
237,58,1,168.105,26.9196,23.9986,93.71,58.08
238,58,1,168.164,26.881,23.914,93.05,58.53
239,58,1,168.077,26.9604,23.8634,90.88,58.22
240,58,1,168.049,26.9076,23.9964,94.76,58.41
241,58,1,168.127,26.8468,23.9485,94.77,57.68
242,58,1,168.1,26.8604,23.9458,95.11,59.31
243,58,1,168.171,26.8685,23.901,95.15,58.79
244,58,1,168.12,26.8591,23.919,94.61,58.12
245,58,1,168.201,26.8904,23.9162,93.67,58.07
246,58,1,168.058,26.9284,23.8581,93.32,59.68
247,58,1,168.164,26.882,23.8897,92.99,58.43
248,58,1,168.268,26.8843,23.8758,93.46,57.93
249,58,1,168.046,26.8882,23.9469,96.15,58.14
250,58,1,168.082,26.8858,23.9481,93.77,59.13
251,58,1,168.136,26.8656,23.873,94.61,59.67
252,58,1,168.16,26.9289,23.7977,92.64,58.6
253,58,1,168.318,26.9219,23.7472,93.8,48.02
254,58,0,0,0,0,0,36.1
255,58,0,0,0,0,0,34.83
0,59,0,0,0,0,0,36.03
1,59,0,0,0,0,0,36.91
2,59,1,64.812,48.1912,31.4994,38.57,37.07
3,59,0,0,0,0,0,54.74
4,59,1,131.444,33.4014,80.9235,88.75,41.63
5,59,1,131.215,33.3232,81.0151,93.24,55.26
6,59,1,131.296,33.3278,81.0141,94.11,56.58
7,59,1,131.258,33.282,81.0226,90.47,55.97
8,59,1,131.249,33.2806,81.0092,91.39,56
9,59,1,131.348,33.2919,80.9662,93.13,56.63
10,59,1,131.389,33.3185,80.9139,92.66,56.93
11,59,1,131.198,33.1004,80.9003,82.84,57.34
12,59,1,131.32,33.2935,80.991,91.95,56.86
13,59,1,131.313,33.2821,80.9701,92.95,55.94
14,59,1,131.362,33.3013,80.9216,91.96,56.61
15,59,1,131.239,33.2936,80.9989,93.77,56.43
16,59,1,131.389,33.2542,80.9074,92.04,56.53
17,59,1,131.289,33.2433,80.9406,92.61,56.36
18,59,1,131.305,33.25,80.9465,92.01,56.23
19,59,1,131.35,33.2847,80.9007,94.51,56.77
20,59,1,131.33,33.3132,80.9353,93.05,57.2
21,59,1,131.361,33.2646,80.9245,91.84,56.33
22,59,1,131.341,33.2441,80.9205,91.33,56.18
23,59,1,131.357,33.3326,80.986,95.49,55.89
24,59,1,131.428,33.2731,80.8661,93.19,55.89
25,59,1,131.242,33.2786,80.9707,91.84,57.5
26,59,1,131.44,33.2666,80.8746,92.24,56.48
27,59,1,131.497,33.2704,80.822,93.84,56.88
28,59,1,131.386,33.2985,80.8798,92.11,57.57
29,59,1,131.41,33.2704,80.8908,93.02,57.02
30,59,1,131.297,33.2739,80.9189,92.11,57.13
31,59,1,131.44,33.2793,80.8772,93.01,56.62
32,59,1,131.331,33.3055,80.9317,92.13,56.92
33,59,1,131.32,33.2971,80.9445,92.48,57.14
34,59,1,131.198,33.3482,81.0195,92.02,56.7
35,59,1,131.443,33.3877,80.8958,91.09,57.51
36,59,1,131.5,33.3499,80.8095,93.33,58.6
37,59,1,131.451,33.2242,80.8109,92.6,55.75
38,59,0,0,0,0,0,52.96
39,59,1,274.193,48.8495,47.5071,90.52,58.17
40,59,1,274.155,48.8846,47.5368,94.95,60.15
41,59,1,274.173,48.8308,47.5464,97.39,59.96
42,59,1,274.181,48.7951,47.5488,88.28,60.17
43,59,1,274.129,48.8561,47.5418,94.35,60.13
44,59,1,274.119,48.9002,47.5722,86.64,59.86
45,59,1,274.196,48.8632,47.5214,88.64,60.38
46,59,1,274.156,48.83,47.5391,88.65,60.73
47,59,1,274.135,48.8352,47.5153,92.29,59.67
48,59,1,274.17,48.8138,47.5243,89.83,60.96
49,59,1,274.204,48.7635,47.5206,95.65,60.91
50,59,1,274.154,48.8792,47.5395,94.21,60.42
51,59,1,274.149,48.8752,47.4418,94.16,58.72
52,59,1,274.25,48.8809,47.3974,85.16,57.39
53,59,0,0,0,0,0,56.93
54,59,0,0,0,0,0,57.08
55,59,1,355.61,11.9198,24.4678,88.68,57.49
56,59,1,355.877,11.8817,24.1825,95.43,56.66
57,59,1,355.798,11.8667,24.2395,95.72,56.87
58,59,1,355.751,11.8988,24.3023,95.76,57.64
59,59,1,355.781,11.8727,24.2965,97.06,58.41
60,59,1,355.892,11.8914,24.2395,94.95,57.09
61,59,1,355.824,11.8473,24.268,94.07,58.05
62,59,1,355.606,11.896,24.5299,97.83,58.66
63,59,1,355.839,11.9218,24.1555,94.57,58.41
64,59,1,355.678,11.8801,24.4154,96.35,58.46
65,59,1,355.641,11.8785,24.4969,95.89,58.61
66,59,1,355.61,11.8838,24.455,95.85,58.43
67,59,1,355.618,11.9118,24.4838,95.99,58.04
68,59,1,355.822,11.8938,24.2248,93.11,58.03
69,59,1,355.586,11.9051,24.4321,96.24,58.66
70,59,1,355.693,11.9034,24.3297,96.51,58.63
71,59,1,355.637,11.912,24.4128,93.99,58.61
72,59,1,355.646,11.8899,24.4271,97.67,58.69
73,59,1,355.77,11.9045,24.328,96.65,59.22
74,59,1,355.603,11.9118,24.4525,96.03,59.04
75,59,1,355.617,11.9595,24.4945,94.59,59.38
76,59,1,355.657,12.0105,24.435,97.46,57.77
77,59,0,0,0,0,0,54.48
78,59,1,128.106,39.4411,38.3622,95.64,54.58
79,59,1,128.118,39.4246,38.3209,94.53,56.35
80,59,1,128.09,39.417,38.3202,96.59,56.66
81,59,1,128.205,39.4153,38.3315,95.99,55.85
82,59,1,128.115,39.4076,38.3365,94.83,55.84
83,59,1,128.194,39.4084,38.3079,96.02,55.74
84,59,1,128.129,39.4208,38.3356,94.64,55.77
85,59,1,128.119,39.4164,38.3486,94.89,55.66
86,59,1,128.187,39.4038,38.3255,96.36,56.55
87,59,1,128.251,39.4181,38.256,94.96,56.81
88,59,1,128.182,39.3806,38.3893,95.47,56.02
89,59,1,128.091,39.4097,38.3833,94.73,56.2
90,59,1,128.161,39.3861,38.368,92.15,54.58
91,59,0,0,0,0,0,55.97
92,59,1,355.392,11.9236,24.7196,95.13,57.68
93,59,1,355.318,11.9031,24.7891,93.75,58.02
94,59,1,355.218,11.8704,24.9446,95.2,57.45
95,59,1,355.442,11.9061,24.6458,93.56,58.42
96,59,1,355.427,11.9104,24.6325,95.87,58.96
97,59,1,355.379,11.9036,24.6898,96.11,58.02
98,59,1,355.136,11.9019,24.9457,94.2,58.3
99,59,1,355.098,11.945,25.0453,96.06,58.71
100,59,1,355.34,11.8757,24.745,94.05,59.28
101,59,1,355.421,11.9113,24.6893,97.45,59.02
102,59,1,355.193,11.9024,24.8561,96.84,58.39
103,59,1,355.405,11.8647,24.6257,96.28,59.14
104,59,1,355.309,11.8724,24.6934,95.17,58.62
105,59,1,355.318,11.9059,24.7847,96.47,58.71
106,59,1,355.268,11.868,24.8298,96.74,59.09
107,59,1,355.323,11.8853,24.7511,95.22,59.07
108,59,1,355.315,11.8504,24.6929,94.93,58.35
109,59,1,355.363,11.8706,24.7434,96.76,59.1
110,59,1,355.382,11.8498,24.6979,94.33,59.1
111,59,1,355.176,11.9405,24.8603,95.48,58.97
112,59,1,355.123,11.8883,24.9581,93.59,57.79
113,59,1,355.107,11.9142,25.011,95.98,58.3
114,59,1,355.135,11.8719,24.909,95.76,58.57
115,59,1,355.369,11.9208,24.6818,94.32,58.52
116,59,1,355.475,11.9525,24.5463,94.15,58.98
117,59,1,355.197,11.8769,24.9083,95.06,58.97
118,59,1,355.257,11.9332,24.867,96.69,58.69
119,59,1,355.18,11.8822,24.835,95.98,58.02
120,59,1,355.04,11.9013,25.0025,95.06,57.77
121,59,1,355.169,11.8738,24.8545,95.46,59.34
122,59,1,355.24,11.9491,24.8905,94.8,58.61
123,59,1,355.408,11.8839,24.6552,96.54,59.23
124,59,1,355.388,11.8724,24.7407,93.2,58.81
125,59,1,355.318,11.956,24.8106,95.57,59.06
126,59,1,355.31,11.8777,24.7516,95.64,59.02
127,59,1,355.253,11.8673,24.812,95.38,58.77
128,59,1,355.092,11.8954,24.9739,94.96,58.18
129,59,1,355.296,11.8729,24.7803,95.64,59.23
130,59,1,355.12,11.9219,24.9791,94.48,58.23
131,59,1,355.067,11.8955,24.9824,95.1,58.74
132,59,1,355.208,11.9417,24.8249,95.6,58.61
133,59,1,355.021,11.9155,25.0447,94.17,59.29
134,59,1,355.222,11.874,24.8017,96.36,58.38
135,59,1,355.149,11.9116,24.9246,96.15,59.08
136,59,1,355.176,12.0174,24.9085,96.18,59.26
137,59,1,355.073,11.8915,24.9686,95.24,58.95
138,59,1,354.993,11.9067,25.0195,94.16,58.31
139,59,1,355.113,11.8917,24.9485,96.09,58.63
140,59,1,354.869,11.9086,25.2255,94.71,58.77
141,59,1,355.148,11.9973,24.8639,96.52,58.51
142,59,1,354.894,11.9165,25.1756,94.97,58.84
143,59,1,354.85,11.8994,25.2414,95.25,59.14
144,59,1,354.918,11.8992,25.1523,95.33,58.86
145,59,1,354.965,11.9677,25.058,96.24,58.49
146,59,1,354.939,11.8908,25.1842,93.77,59.79
147,59,1,354.934,11.8997,25.2078,95.99,59.11
148,59,1,354.95,12.0221,25.0844,95.56,60.04
149,59,1,354.925,11.9087,25.1183,95.05,58.53
150,59,1,354.861,11.915,25.1797,96.33,58.76
151,59,1,354.712,11.8952,25.4353,92.1,57.81
152,59,0,0,0,0,0,53.78
153,59,1,236.76,41.6503,12.3303,93.41,54.11
154,59,1,236.851,41.6704,12.3,93.37,54.32
155,59,1,236.768,41.6832,12.3104,92.88,54.63
156,59,1,236.818,41.6847,12.2928,95.12,54.61
157,59,1,236.846,41.6893,12.3028,91.95,53.82
158,59,1,236.885,41.6947,12.2167,94.06,54.99
159,59,1,236.825,41.7077,12.3286,92.92,54.84
160,59,1,236.809,41.6804,12.3417,95.3,54.92
161,59,1,236.818,41.683,12.3198,95.05,55.17
162,59,1,236.826,41.6981,12.2994,92.87,54.61
163,59,1,236.774,41.6898,12.2977,94.78,55.56
164,59,1,236.804,41.7194,12.2994,92.58,55.26
165,59,1,236.771,41.6835,12.3417,95.05,55.42
166,59,1,236.849,41.6695,12.3259,94.69,56.03
167,59,1,236.806,41.7149,12.3329,91.54,54.94
168,59,1,236.844,41.7357,12.2361,93.44,54.65
169,59,1,236.769,41.6946,12.3026,96.67,54.92
170,59,1,236.872,41.7154,12.2509,93.03,55.41
171,59,1,236.718,41.6894,12.3639,92.81,54.85
172,59,1,236.795,41.7265,12.2252,94.69,54.58
173,59,1,236.795,41.7189,12.2844,93.55,54.78
174,59,1,236.775,41.7028,12.3247,93.36,54.09
175,59,1,236.938,41.7412,12.178,91.31,54.96
176,59,1,236.742,41.6943,12.3538,94.02,55.36
177,59,1,236.755,41.7159,12.3176,94.65,54.73
178,59,1,236.855,41.7282,12.2704,94.43,56.29
179,59,1,236.719,41.6989,12.3304,93.49,55.04
180,59,1,236.743,41.7103,12.3105,94.27,54.84
181,59,1,236.783,41.6985,12.2166,94.17,55.23
182,59,1,236.859,41.7085,12.2662,94.04,54.62
183,59,1,236.889,41.7366,12.2438,93.97,53.67
184,59,1,236.751,41.7359,12.3142,91.25,53.22
185,59,0,0,0,0,0,54.71
186,59,1,278.606,40.012,55.3061,93.7,57.47
187,59,1,278.562,40.0445,55.4011,91.57,58.83
188,59,1,278.564,40.0095,55.3961,94.04,59.66
189,59,1,278.49,40.0358,55.4556,92.41,60.08
190,59,1,278.468,39.9807,55.4115,93.85,60.14
191,59,1,278.422,39.9901,55.404,91.29,59.39
192,59,1,278.519,40.0376,55.4564,92.58,59.8
193,59,1,278.468,39.9571,55.3717,93.55,59.29
194,59,1,278.605,39.9835,55.4,95.44,59.6
195,59,1,278.395,39.9707,55.4019,91.72,59.58
196,59,1,278.521,39.9625,55.3728,94.11,59.87
197,59,1,278.566,40.0481,55.3556,95.11,59.48
198,59,1,278.507,39.977,55.3614,93.87,59.81
199,59,1,278.522,39.9961,55.3834,92.36,59.7
200,59,1,278.529,40.0113,55.3933,93.85,59.55
201,59,1,278.47,40.0032,55.4277,94.28,60.02
202,59,1,278.501,40.01,55.439,95.34,59.63
203,59,1,278.542,40.0513,55.4171,92.05,59.05
204,59,1,278.52,40.0205,55.4285,93.79,59.37
205,59,1,278.563,40.1135,55.3379,93.7,58.89
206,59,1,278.563,40.0881,55.3466,91.43,55.54
207,59,1,278.655,40.1109,55.3397,94.11,56.67
208,59,1,278.517,40.0843,55.4085,92.28,56.77
209,59,1,278.574,40.0757,55.3594,93.35,55.94
210,59,1,278.63,40.1156,55.3644,88.51,54.77
211,59,1,278.679,40.1322,55.3252,83.97,55.09
212,59,1,278.605,40.0877,55.3527,86.08,55.58
213,59,0,0,0,0,0,55.92
214,59,0,0,0,0,0,55.15
215,59,0,0,0,0,0,54.79
216,59,0,0,0,0,0,54.45
217,59,0,0,0,0,0,54.71
218,59,1,61.7409,9.9316,57.626,77.13,55.54
219,59,1,61.7271,9.88695,57.6728,88.95,55.78
220,59,1,61.6527,9.88707,57.7477,86.39,57.34
221,59,1,61.5068,9.9244,57.8838,88.46,56.16
222,59,1,61.5583,9.90652,57.8115,89.65,56.62
223,59,1,61.5959,9.89422,57.7695,88.95,57.18
224,59,1,61.4567,9.92468,57.8582,89.95,57.27
225,59,1,61.4521,9.92964,57.9026,88.02,56.99
226,59,1,61.0485,9.91886,58.2828,85.66,51.56
227,59,1,66.3408,35.9626,80.2711,87.3,52.97
228,59,1,66.2442,35.9371,80.3064,85.6,53.88
229,59,1,66.2288,35.9901,80.2598,88.73,53.66
230,59,1,66.2572,36.0161,80.2409,88.99,53.03
231,59,1,66.2919,35.9758,80.2199,87.1,54.6
232,59,1,66.1831,36.0309,80.2249,89.9,53.52
233,59,1,66.2504,36.0165,80.2696,87.93,54.46
234,59,1,66.2759,35.9903,80.0877,91.02,53.11
235,59,1,66.3316,36.0151,80.1432,95.81,52.46
236,59,0,0,0,0,0,52.98
237,59,1,168.077,26.9289,24.013,93.35,54.9
238,59,1,168.298,26.8824,23.8522,91.8,56.93
239,59,1,168.159,26.9063,23.9497,93.89,57.38
240,59,1,168.161,26.87,23.9409,96.03,59.01
241,59,1,168.007,26.9198,23.9269,92.33,58.47
242,59,1,168.158,26.8647,23.9186,95.19,58.76
243,59,1,168.153,26.8684,23.9153,94.21,58.38
244,59,1,168.17,26.8932,23.9075,95.55,58.31
245,59,1,168.255,26.9531,23.7484,90.69,58.86
246,59,1,168.172,26.9475,23.8095,91.04,58.7
247,59,1,168.075,26.9135,23.9874,93.63,58.79
248,59,1,168.117,26.9647,23.8655,92.57,57.23
249,59,1,168.275,26.8737,23.8402,93.91,58.95
250,59,1,168.163,26.8723,23.8884,93.61,58.25
251,59,1,168.3,26.9343,23.6931,93.78,59.28
252,59,1,168.165,26.9569,23.7514,92.92,59.11
253,59,1,168.076,26.9508,23.8369,90.27,48.04
254,59,0,0,0,0,0,35.95
255,59,0,0,0,0,0,35.57
0,60,0,0,0,0,0,36.12
1,60,0,0,0,0,0,37.26
2,60,0,0,0,0,0,37.53
3,60,0,0,0,0,0,36.88
4,60,1,131.342,33.3674,80.9927,93.59,41.83
5,60,1,131.216,33.4372,81.077,92.75,54.49
6,60,1,131.418,33.2828,80.9419,93.8,55.81
7,60,1,131.354,33.2729,80.9513,94.27,55.81
8,60,1,131.288,33.3253,80.9954,91.5,56.5
9,60,1,131.214,33.3188,80.999,95.4,56.92
10,60,1,131.422,33.3148,80.9191,92.21,57.09
11,60,1,131.385,33.2841,80.9118,91.9,56.38
12,60,1,131.255,33.2787,80.9725,93.31,56.23
13,60,1,131.307,33.2807,80.9787,93.74,56.61
14,60,1,131.283,33.2783,80.9596,94.01,56.05
15,60,1,131.228,33.2752,80.9843,93.64,57.46
16,60,1,131.39,33.2922,80.9236,92.8,56.91
17,60,1,131.367,33.3016,80.9322,93.21,56.4
18,60,1,131.376,33.3099,80.9215,92.01,57.14
19,60,1,131.401,33.2756,80.9042,94.39,57.47
20,60,1,131.359,33.2752,80.9193,92.47,56.73
21,60,1,131.27,33.2931,80.955,89.78,56.71
22,60,1,131.437,33.2619,80.8846,91.86,56.6
23,60,1,131.471,33.2681,80.857,92.85,57.67
24,60,1,131.397,33.2789,80.8775,91.27,57.65
25,60,1,131.349,33.2624,80.9043,92.77,56.25
26,60,1,131.337,33.3001,80.9229,91.89,57.05
27,60,1,131.331,33.2997,80.9048,93.07,56.88
28,60,1,131.412,33.2707,80.8624,91.84,57.02
29,60,1,131.412,33.2594,80.886,94.96,56.96
30,60,1,131.373,33.2833,80.9197,92.78,56.67
31,60,1,131.447,33.2122,80.8676,92.37,56.06
32,60,1,131.312,33.2848,80.9034,91.9,57.12
33,60,1,131.447,33.2853,80.903,94.31,57.03
34,60,1,131.322,33.3493,80.9382,94.3,56.8
35,60,1,131.457,33.3745,80.8603,93.97,57.18
36,60,1,131.39,33.2764,80.831,91.71,56.97
37,60,1,131.484,33.2059,80.812,92.52,55.23
38,60,1,274.034,48.7283,47.4168,85.77,55.95
39,60,1,274.055,48.8376,47.5213,93.43,59.07
40,60,1,274.138,48.7922,47.5463,88.38,60.63
41,60,1,274.123,48.854,47.5304,89.23,60.08
42,60,1,274.163,48.8802,47.5385,90.1,60.92
43,60,1,274.11,48.8352,47.5307,95.69,60.84
44,60,1,274.125,48.7892,47.535,89.26,60.23
45,60,1,274.128,48.8263,47.4914,87.63,60.04
46,60,1,274.146,48.8471,47.522,94.51,60.72
47,60,1,274.139,48.8236,47.5214,96.2,59.96
48,60,1,274.164,48.7552,47.5698,96.43,60.61
49,60,1,274.138,48.802,47.4917,90.39,61.18
50,60,1,274.211,48.8855,47.4967,88.99,60.57
51,60,1,274.056,48.886,47.5749,86.8,59.7
52,60,1,274.071,48.8522,47.5455,94.16,58.92
53,60,1,274.201,48.8921,47.4661,92.73,58.39
54,60,1,274.197,48.901,47.4677,94.07,57.57
55,60,0,0,0,0,0,56.66
56,60,0,0,0,0,0,56.7
57,60,0,0,0,0,0,55.88
58,60,1,355.775,11.9214,24.3544,95.86,57.39
59,60,1,355.703,11.8626,24.3822,96.3,57.59
60,60,1,355.747,11.8808,24.3756,96.08,58.03
61,60,1,355.863,11.8674,24.2849,94.79,58.17
62,60,1,355.684,11.8744,24.3713,96.61,58.84
63,60,1,355.702,11.9099,24.287,95.14,58.66
64,60,1,355.74,11.8972,24.3374,94.95,58.64
65,60,1,355.67,11.8936,24.3964,94.14,57.95
66,60,1,355.725,11.8733,24.4056,95.48,58.28
67,60,1,355.675,11.8714,24.5168,95.42,58.66
68,60,1,355.758,11.9943,24.3068,94.4,58.72
69,60,1,355.53,11.9082,24.586,96.12,57.73
70,60,1,355.574,11.9102,24.5351,96.01,58.7
71,60,1,355.428,11.8949,24.6867,95.36,58.59
72,60,1,355.68,11.979,24.4525,95.16,59.17
73,60,1,355.518,11.918,24.5442,95.77,58.27
74,60,1,355.651,11.9108,24.4598,95.94,58.9
75,60,1,355.745,11.9455,24.3973,96.36,58.61
76,60,1,355.483,11.9024,24.6345,94.55,55.83
77,60,0,0,0,0,0,53.98
78,60,1,128.119,39.4357,38.3571,95.06,55.35
79,60,1,128.169,39.4315,38.3111,96.42,55.62
80,60,1,128.103,39.4327,38.3511,94.45,54.73
81,60,1,128.058,39.4024,38.4429,96,55.19
82,60,1,128.194,39.3991,38.3404,94.34,56.22
83,60,1,128.182,39.4067,38.3182,96.72,56.02
84,60,1,128.143,39.3973,38.332,96.14,55.82
85,60,1,128.172,39.4137,38.2908,95.31,56.48
86,60,1,128.214,39.3792,38.3166,96.9,57.68
87,60,1,128.144,39.4373,38.3004,95.06,56.67
88,60,1,128.182,39.4328,38.2679,95.05,56.5
89,60,1,128.209,39.3894,38.2861,96.31,55.54
90,60,0,0,0,0,0,54.22
91,60,1,355.364,11.8959,24.7628,96.31,56.67
92,60,1,355.413,11.907,24.6873,96.07,58.58
93,60,1,355.601,11.8766,24.4286,95.68,58.84
94,60,1,355.396,11.9809,24.7612,96.73,58.41
95,60,1,355.327,11.879,24.7903,94.37,58.31
96,60,1,355.278,11.8686,24.8374,96.79,59.47
97,60,1,355.356,11.9298,24.7543,96.09,58.48
98,60,1,355.339,11.97,24.7005,95.23,58.47
99,60,1,355.219,11.8995,24.8481,96.42,58.37
100,60,1,355.253,11.9084,24.8162,96.24,58.22
101,60,1,355.305,11.8956,24.7781,95.66,58.73
102,60,1,355.366,11.9543,24.7004,95.64,58.38
103,60,1,355.478,11.8947,24.5952,95.66,58.59
104,60,1,355.208,11.8628,24.8645,96.63,58.44
105,60,1,355.49,11.8894,24.6782,96.05,59.38
106,60,1,355.141,11.8787,24.9224,95.29,58.47
107,60,1,355.206,11.8663,24.9251,94.47,58.67
108,60,1,355.345,11.9357,24.7556,95.86,59.27
109,60,1,355.28,11.8568,24.8714,95.53,58.74
110,60,1,355.056,11.8582,25.1094,96.53,58.02
111,60,1,355.342,11.8616,24.7921,96.6,58.61
112,60,1,355.134,11.8695,24.879,96.61,58.45
113,60,1,355.222,11.8656,24.8822,93.91,58.49
114,60,1,355.292,11.8692,24.7186,97.06,58.86
115,60,1,355.193,11.9059,24.8995,95.54,58.77
116,60,1,354.939,11.8791,25.1167,94.32,58.61
117,60,1,355.147,11.8717,24.974,95.44,58.31
118,60,1,354.925,11.8636,25.0633,94.91,58.06
119,60,1,355.069,11.8359,24.9716,94.28,57.99
120,60,1,355.367,11.8893,24.6176,94.14,58.39
121,60,1,355.349,11.9467,24.7603,96.02,58.69
122,60,1,355.335,11.9064,24.7734,96.18,58.52
123,60,1,355.003,11.8882,25.0375,95.06,57.93
124,60,1,355.229,11.8801,24.883,95.22,59.15
125,60,1,355.244,11.8626,24.8669,94.6,58.93
126,60,1,355.292,11.8821,24.8127,95.6,58.68
127,60,1,355.346,11.9369,24.6957,95.59,59.41
128,60,1,355.138,11.859,24.887,94.77,58.84
129,60,1,355.117,11.8912,24.8964,95.07,58.34
130,60,1,355.245,11.9343,24.8337,95.75,59.52
131,60,1,355.319,11.9685,24.7233,96.31,58.88
132,60,1,355.05,11.8876,25.0239,94.76,58.71
133,60,1,355.19,11.9773,24.8876,97.26,59.36
134,60,1,355.077,11.895,24.9759,96.27,59.38
135,60,1,355.219,11.9555,24.7609,96.7,59.23
136,60,1,355.216,11.8971,24.8917,96.48,58.97
137,60,1,355.081,11.8741,25.1033,93.25,58.22
138,60,1,355.038,11.9171,24.988,95.97,58.7
139,60,1,355.182,11.9664,24.7577,96.77,58.82
140,60,1,355.038,11.8799,25.0958,94.55,59.41
141,60,1,355.019,11.9664,24.9881,95.63,58.69
142,60,1,354.983,11.9339,25.0464,95.94,59.22
143,60,1,355.218,12.0159,24.8593,94.94,58.66
144,60,1,354.972,11.9052,25.0466,96.15,59.59
145,60,1,355.024,11.9131,25.0512,95.89,59.21
146,60,1,354.954,11.9339,25.071,94.3,58.82
147,60,1,355.089,12.0254,24.9317,94.66,59.33
148,60,1,355.018,11.9011,24.9997,96.26,58.58
149,60,1,354.846,11.9321,25.2271,94.8,58.19
150,60,1,354.919,11.9014,25.1936,94.23,58.64
151,60,1,354.958,11.9275,25.0954,96.5,59.01
152,60,0,0,0,0,0,55.29
153,60,1,236.828,41.693,12.302,91.64,54.58
154,60,1,236.789,41.6143,12.3514,96.08,55.32
155,60,1,236.781,41.6767,12.3226,92.64,54.42
156,60,1,236.801,41.6639,12.3132,93.09,54.45
157,60,1,236.836,41.6644,12.3115,94.75,54.86
158,60,1,236.84,41.6883,12.313,94.6,55.3
159,60,1,236.841,41.6843,12.3474,94.48,56.09
160,60,1,236.847,41.6962,12.294,94.05,54.22
161,60,1,236.811,41.6989,12.3208,93.3,55.01
162,60,1,236.827,41.6772,12.3299,94.12,55.59
163,60,1,236.806,41.6806,12.3537,92.56,54.94
164,60,1,236.749,41.6896,12.3734,93.52,55.29
165,60,1,236.775,41.6695,12.3484,92.66,55.08
166,60,1,236.785,41.6844,12.309,95.06,56.06
167,60,1,236.78,41.7142,12.3096,93.53,55.48
168,60,1,236.918,41.6948,12.3067,92.48,55.36
169,60,1,236.894,41.7276,12.248,94.33,55.49
170,60,1,236.895,41.7361,12.184,94.2,54.36
171,60,1,236.85,41.7386,12.3017,96.05,55.44
172,60,1,236.817,41.7056,12.3051,95.05,54.7
173,60,1,236.809,41.7163,12.2962,93.24,55.19
174,60,1,236.787,41.6768,12.3149,94.1,54.96
175,60,1,236.724,41.6802,12.3586,92.89,55.3
176,60,1,236.789,41.6965,12.3074,93.45,54.46
177,60,1,236.832,41.7003,12.3165,94.49,54.45
178,60,1,236.681,41.7049,12.3216,93.6,54.19
179,60,1,236.798,41.7043,12.3185,94.46,54.67
180,60,1,236.854,41.7289,12.2796,91.98,56.05
181,60,1,236.799,41.7167,12.278,90.76,54.36
182,60,1,236.854,41.7483,12.2157,94.19,54.1
183,60,1,236.867,41.7534,12.2457,92.21,53.46
184,60,0,0,0,0,0,53.04
185,60,1,278.697,40.0531,55.265,84.17,57.41
186,60,1,278.534,40.002,55.3298,93.3,59.27
187,60,1,278.594,40.0206,55.3641,91.67,59.35
188,60,1,278.569,40.0113,55.399,91.22,59.14
189,60,1,278.499,40.0151,55.4312,91.68,59.48
190,60,1,278.531,40.0815,55.3821,92.53,59.14
191,60,1,278.453,39.9891,55.4127,91.9,58.66
192,60,1,278.585,40.0457,55.4462,93.92,59.82
193,60,1,278.492,39.9694,55.4081,92.35,59.53
194,60,1,278.48,39.9843,55.4277,91,59.52
195,60,1,278.492,39.989,55.3873,93.29,59.38
196,60,1,278.5,40.008,55.4121,92.99,60.35
197,60,1,278.48,39.9842,55.3698,93.45,60.13
198,60,1,278.505,39.9524,55.4069,92.02,59.64
199,60,1,278.513,39.9824,55.3521,93.28,60
200,60,1,278.585,40.0091,55.3245,89.77,59.99
201,60,1,278.47,40.0331,55.3732,90.05,59.64
202,60,1,278.494,40.0392,55.4116,92.67,59.32
203,60,1,278.477,40.0401,55.4029,92.92,60
204,60,1,278.534,40.0372,55.45,94.66,60.09
205,60,1,278.522,40.0557,55.4177,92.98,59.46
206,60,1,278.59,40.0817,55.3516,92.22,58.31
207,60,1,278.531,40.0293,55.3696,93.91,58.04
208,60,1,278.479,40.0438,55.3812,92.55,59.57
209,60,1,278.52,40.03,55.3593,94.34,59.3
210,60,1,278.567,40.0395,55.3433,94.32,58.47
211,60,1,278.541,40.0617,55.3674,92.89,58.03
212,60,1,278.528,40.0322,55.3489,92.12,57.17
213,60,1,278.57,40.1134,55.3294,91.83,56.9
214,60,1,278.553,40.092,55.2901,93.76,56.59
215,60,1,278.584,40.0833,55.3221,94.79,55.53
216,60,1,278.601,40.1213,55.3345,95.38,55.65
217,60,1,278.583,40.1205,55.3665,85.58,55.45
218,60,1,278.564,40.0904,55.3483,86.35,56.93
219,60,0,0,0,0,0,55.07
220,60,0,0,0,0,0,55.47
221,60,0,0,0,0,0,55.12
222,60,0,0,0,0,0,55.22
223,60,1,61.7544,9.90524,57.6473,78.71,55.2
224,60,0,0,0,0,0,54.14
225,60,1,61.6609,9.92266,57.6804,81.09,54.56
226,60,0,0,0,0,0,50.93
227,60,1,66.3646,36.0539,80.2037,88.24,52.76
228,60,1,66.2088,35.9631,80.2906,85.68,53.65
229,60,1,66.2353,35.9645,80.2537,86.92,53.38
230,60,1,66.2302,35.9512,80.2695,88.76,53.24
231,60,1,66.0796,36.0066,80.2733,85.87,53.86
232,60,1,66.1996,36.0066,80.2286,89.77,54.39
233,60,1,66.137,36.0329,80.2231,89.54,53.13
234,60,1,66.0853,36.0081,80.2606,89.49,54.33
235,60,1,66.1854,36.0099,80.2664,89.7,53.83
236,60,1,66.3472,36.0042,80.0886,89.2,52.43
237,60,0,0,0,0,0,53.33
238,60,1,168.211,26.8942,23.9253,85.74,54.18
239,60,1,168.154,26.9029,23.9553,94.05,55.4
240,60,1,168.193,26.959,23.86,92.62,58.04
241,60,1,168.129,26.8649,23.9474,95.55,58.15
242,60,1,168.175,26.9129,23.8533,91.05,59.53
243,60,1,168.274,26.9892,23.8039,91.58,59.06
244,60,1,168.111,26.9879,23.8629,92.29,59.03
245,60,1,168.287,27.0085,23.7793,93.43,59.88
246,60,1,168.141,26.9011,23.8933,96.01,58.82
247,60,1,168.044,26.8924,23.9369,94.13,58.45
248,60,1,168.146,26.9296,23.9466,94.77,57.83
249,60,1,168.077,26.892,23.932,94.71,59.31
250,60,1,168.152,26.8764,23.9043,94.17,59.17
251,60,1,168.27,26.9973,23.7496,92.76,59.53
252,60,1,168.167,26.8529,23.8941,93.23,58.27
253,60,1,168.321,26.9528,23.7466,92.29,47.68
254,60,0,0,0,0,0,35.35
255,60,0,0,0,0,0,34.82
0,61,0,0,0,0,0,35.77
1,61,0,0,0,0,0,36.82
2,61,0,0,0,0,0,37.58
3,61,0,0,0,0,0,36.4
4,61,1,131.329,33.3952,80.9258,93.09,41.74
5,61,1,131.346,33.3129,80.9502,93.83,55.9
6,61,1,131.35,33.2558,80.9506,93.92,55.99
7,61,1,131.368,33.2823,80.9347,91.9,55.58
8,61,1,131.307,33.303,80.9843,91.82,56.23
9,61,1,131.39,33.3059,80.9513,91.1,56.37
10,61,1,131.392,33.3045,80.9484,92.49,57.09
11,61,1,131.292,33.3106,80.9619,92.71,56.67
12,61,1,131.29,33.2742,80.9632,93.3,55.63
13,61,1,131.429,33.3036,80.906,94.01,56.31
14,61,1,131.322,33.2598,80.9522,91.84,56.79
15,61,1,131.392,33.2966,80.9211,91.86,57.34
16,61,1,131.339,33.2936,80.9438,93.25,57.77
17,61,1,131.301,33.2658,80.9572,92.44,56.24
18,61,1,131.356,33.2914,80.902,92.43,56.88
19,61,1,131.459,33.2503,80.8504,93.48,56.4
20,61,1,131.357,33.2936,80.9191,90.63,56.65
21,61,1,131.279,33.2511,80.9577,91.43,56.46
22,61,1,131.348,33.2486,80.9109,93.44,56
23,61,1,131.39,33.2845,80.8964,92.45,55.98
24,61,1,131.334,33.2286,80.8999,93.71,57.11
25,61,1,131.459,33.2378,80.8648,93.35,57.4
26,61,1,131.364,33.2302,80.8841,90.95,56.13
27,61,1,131.311,33.2773,80.9273,92.75,56.71
28,61,1,131.369,33.298,80.9029,91.75,57.52
29,61,1,131.441,33.2622,80.863,93.99,56.78
30,61,1,131.423,33.2645,80.8718,92.96,57.16
31,61,1,131.397,33.2948,80.8896,92.42,56.81
32,61,1,131.402,33.3059,80.884,92.19,57.29
33,61,1,131.473,33.2919,80.8542,93.53,57.44
34,61,1,131.431,33.3957,80.8753,95.3,57.65
35,61,1,131.437,33.3644,80.8137,92.22,57.24
36,61,1,131.464,33.2609,80.8009,91.62,54.07
37,61,0,0,0,0,0,51.49
38,61,1,274.097,48.7824,47.4771,94.3,57.7
39,61,1,274.113,48.8517,47.5394,92.7,59.69
40,61,1,274.162,48.8741,47.4958,89.28,60.25
41,61,1,274.123,48.8402,47.5308,94.53,59.62
42,61,1,274.154,48.844,47.5501,90.49,60.79
43,61,1,274.13,48.8699,47.5179,88.41,60.62
44,61,1,274.228,48.86,47.5485,88.96,61.02
45,61,1,274.168,48.8352,47.551,90.67,60.41
46,61,1,274.231,48.8478,47.4949,87.56,60.59
47,61,1,274.335,48.9289,47.1109,84.04,61.68
48,61,1,274.07,48.7835,47.4692,89.33,61.02
49,61,1,274.075,48.8462,47.56,94.78,60.67
50,61,1,274.142,48.8513,47.5577,94.6,60.24
51,61,1,274.137,48.8277,47.5211,96.86,60.82
52,61,1,274.127,48.8459,47.5497,93.05,59.51
53,61,1,274.209,48.8866,47.507,85.65,60.6
54,61,1,274.145,48.8794,47.5014,90.28,59.92
55,61,1,274.103,48.8603,47.4831,87.2,58.61
56,61,1,274.175,48.8875,47.4888,93.16,58.32
57,61,0,0,0,0,0,58.21
58,61,0,0,0,0,0,56.97
59,61,0,0,0,0,0,57.04
60,61,1,355.75,11.8506,24.3244,88.91,56.77
61,61,1,355.791,11.8708,24.3013,95.72,57.31
62,61,1,355.613,11.865,24.467,97.2,58.21
63,61,1,355.543,11.8792,24.5178,94.52,58.21
64,61,1,355.87,11.8633,24.111,96.73,58.57
65,61,1,355.639,11.8688,24.4497,94.71,58.67
66,61,1,355.587,11.8606,24.5202,96.39,57.92
67,61,1,355.61,11.8297,24.4476,93.12,57.97
68,61,1,355.809,11.8464,24.2622,96.03,58.42
69,61,1,355.52,11.8871,24.5832,97.05,58.11
70,61,1,355.837,11.9465,24.3158,96.77,58.22
71,61,1,355.603,11.8899,24.4865,96.52,57.99
72,61,1,355.676,11.9014,24.382,96.19,58.68
73,61,1,355.608,11.9103,24.4477,94.9,57.99
74,61,1,355.54,11.9142,24.5243,95.28,58.28
75,61,1,355.489,11.8813,24.6063,95.76,56.5
76,61,0,0,0,0,0,54.23
77,61,1,128.116,39.443,38.347,96.39,54.23
78,61,1,128.171,39.4451,38.321,95.26,55.19
79,61,1,128.053,39.4258,38.4326,95.64,54.92
80,61,1,128.198,39.429,38.3099,94.56,56.92
81,61,1,128.188,39.4059,38.3013,97.63,56.6
82,61,1,128.193,39.4326,38.328,95.16,55.54
83,61,1,128.138,39.417,38.3197,95.91,55.79
84,61,1,128.104,39.4262,38.3084,95.63,56.98
85,61,1,128.137,39.4321,38.3273,94.72,55.6
86,61,1,128.19,39.4006,38.2749,95.51,56.77
87,61,1,128.13,39.408,38.3132,96.97,55.68
88,61,1,128.245,39.4131,38.2498,96.17,55.44
89,61,1,128.065,39.4513,38.3772,89.11,54.43
90,61,0,0,0,0,0,55.87
91,61,1,355.523,11.8842,24.5658,96.28,57.77
92,61,1,355.457,11.9554,24.6131,94.15,58.6
93,61,1,355.32,11.8948,24.7031,94.34,58.56
94,61,1,355.269,11.9088,24.7652,95.15,58.38
95,61,1,355.425,11.9566,24.5815,96.05,58.38
96,61,1,355.463,11.9664,24.6161,95.8,58.35
97,61,1,355.263,11.9194,24.7894,95.86,59.07
98,61,1,355.109,11.9029,24.9905,94.89,58.04
99,61,1,355.494,11.8993,24.5525,88.63,58.99
100,61,1,355.242,11.8782,24.8247,94.76,58.72
101,61,1,355.159,11.8392,25.0096,94.53,58.2
102,61,1,355.245,11.8609,24.8871,94.62,58.84
103,61,1,355.366,11.928,24.7355,95.87,58.43
104,61,1,355.255,11.8522,24.7929,94.12,57.11
105,61,1,355.431,11.9076,24.6068,96.57,58.22
106,61,1,355.343,11.8789,24.6604,95.42,57.35
107,61,1,355.223,11.8663,24.753,94.22,56.37
108,61,1,355.043,11.9513,25.0458,96.84,56.99
109,61,1,355.283,11.8982,24.7232,96.11,57.9
110,61,1,355.178,11.8337,24.8591,94.79,58.08
111,61,1,355.199,11.8688,24.8528,94.28,57.77
112,61,1,355.103,11.8546,24.9641,94.24,57.44
113,61,1,355.31,11.8415,24.7546,95.92,58.9
114,61,1,355.077,11.8882,25.0015,95.76,58.26
115,61,1,355.241,11.8764,24.8125,96.14,58.05
116,61,1,355.109,11.8379,24.8781,95.95,57.69
117,61,1,355.05,11.8773,25.0451,96.07,57.73
118,61,1,355.228,11.8603,24.8079,95.96,57.38
119,61,1,355.035,11.9439,25.0177,95.49,56.31
120,61,1,355.032,11.8777,25.0444,93.99,56.99
121,61,1,355.277,11.8757,24.8036,96.31,57.73
122,61,1,355.259,11.8941,24.7568,96.06,58.56
123,61,1,355.048,11.8992,25.0207,96.06,59.32
124,61,1,355.253,11.9384,24.8523,96.92,58.2
125,61,1,354.901,11.9166,25.2757,94.85,58.45
126,61,1,355.05,11.8355,25.0435,94.15,58.06
127,61,1,355.03,11.8766,25.1138,96.21,58.85
128,61,1,355.038,11.8826,25.0434,94.34,57.52
129,61,1,355.072,11.9022,25.1805,93.11,58.61
130,61,1,355.176,11.906,24.8344,96.6,58.54
131,61,1,355.045,11.8859,25.0006,95.95,59.3
132,61,1,355.028,11.9088,25.0145,95.52,58.42
133,61,1,355.172,11.9491,24.9674,95.64,59.13
134,61,1,355.203,11.8928,24.751,95.94,58.78
135,61,1,354.975,11.9132,25.1544,94.65,59.33
136,61,1,354.955,11.9011,25.1421,96.11,59.15
137,61,1,355.218,11.8876,24.7368,97.23,59.31
138,61,1,355.025,11.8822,25.1027,95.81,58.43
139,61,1,355.069,11.8751,24.9664,95.1,58.79
140,61,1,355.137,11.9002,24.9233,94.47,58.17
141,61,1,354.89,11.9311,25.2192,96.26,58.8
142,61,1,355.155,11.9679,24.9118,95.86,58.94
143,61,1,355.04,11.9058,25.0447,95.48,58.98
144,61,1,355.044,11.8736,24.9065,93.75,59.05
145,61,1,355.022,11.9049,24.974,94.45,59.47
146,61,1,355.05,12.0389,25.0237,94.45,59.4
147,61,1,354.826,11.9935,25.2253,96.8,58.88
148,61,1,354.868,12.0127,25.2265,96.83,58.49
149,61,1,354.811,11.92,25.1739,94.27,58.86
150,61,1,354.759,11.9124,25.2766,94.64,58.77
151,61,1,354.893,11.9441,25.1138,97.04,59.09
152,61,0,0,0,0,0,55.08
153,61,1,236.826,41.6832,12.3234,93.79,53.78
154,61,1,236.723,41.632,12.3546,93.88,53.78
155,61,1,236.817,41.6959,12.2583,94.59,54.25
156,61,1,236.792,41.6583,12.3424,94.65,54.42
157,61,1,236.79,41.6488,12.2724,93.48,54.84
158,61,1,236.873,41.6778,12.2763,94.65,53.76
159,61,1,236.884,41.7045,12.2422,95.37,55.17
160,61,1,236.823,41.6992,12.3418,95.28,55.63
161,61,1,236.835,41.6834,12.2995,94.95,54.42
162,61,1,236.842,41.6897,12.3046,94.67,55.46
163,61,1,236.874,41.7033,12.3015,93.59,54.99
164,61,1,236.82,41.7082,12.2553,95.65,54.52
165,61,1,236.9,41.6899,12.3308,93.73,54.42
166,61,1,236.769,41.6877,12.2849,94.13,55.34
167,61,1,236.874,41.7188,12.2705,93.59,54.64
168,61,1,236.86,41.7056,12.2806,94.23,54.49
169,61,1,236.824,41.7191,12.3275,92.09,55.74
170,61,1,236.899,41.7033,12.3151,93.14,55.73
171,61,1,236.81,41.7173,12.3149,95.4,55.53
172,61,1,236.768,41.6952,12.3326,92.31,54.12
173,61,1,236.84,41.7054,12.2667,93.43,55.46
174,61,1,236.752,41.6944,12.334,94.11,55.37
175,61,1,236.817,41.7102,12.3114,93.76,54.57
176,61,1,236.769,41.6924,12.3503,95.11,56.3
177,61,1,236.868,41.7392,12.2825,91.65,54.97
178,61,1,236.753,41.7146,12.3237,92.81,55.03
179,61,1,236.776,41.7174,12.2625,94.45,54.22
180,61,1,236.885,41.7285,12.2886,94.05,54.8
181,61,1,236.912,41.7616,12.2036,91.97,55.52
182,61,1,236.767,41.7466,12.3571,89.69,52.9
183,61,0,0,0,0,0,53.69
184,61,1,278.488,39.9784,55.2787,94.82,57.91
185,61,1,278.6,40.0083,55.3383,93.44,58.91
186,61,1,278.583,40.0103,55.3584,91.27,59.55
187,61,1,278.546,39.9593,55.3412,94.15,59.62
188,61,1,278.446,39.9961,55.3988,95.33,59.8
189,61,1,278.518,39.9928,55.3658,93.62,60.01
190,61,1,278.521,39.9665,55.3714,93.96,59.65
191,61,1,278.572,39.9933,55.3909,93.58,59.98
192,61,1,278.487,40.0122,55.3844,93.25,59.2
193,61,1,278.432,40.02,55.4104,93.81,59.55
194,61,1,278.516,39.9348,55.3653,94.47,60.57
195,61,1,278.503,40.0118,55.4281,92.93,60.79
196,61,1,278.554,40.0165,55.3697,95.61,60.31
197,61,1,278.542,40.0085,55.4012,94.53,60.97
198,61,1,278.519,40.0014,55.3916,94.64,59.58
199,61,1,278.515,39.9979,55.3441,91.44,59.69
200,61,1,278.48,40.0006,55.3647,93.81,59.83
201,61,1,278.472,39.9845,55.3813,93.73,60.24
202,61,1,278.509,40.0306,55.4236,92.87,59.81
203,61,1,278.453,39.9833,55.3817,93.05,60.05
204,61,1,278.429,40.0242,55.4239,92.78,59.63
205,61,1,278.543,40.0324,55.4494,93.29,59.89
206,61,1,278.495,40.0679,55.3989,91.74,58.58
207,61,1,278.472,40.1018,55.4455,91.33,58.2
208,61,1,278.461,40.0149,55.4094,92.71,59.83
209,61,1,278.482,40.0415,55.356,91.03,59.64
210,61,1,278.471,40.0474,55.3703,93.18,60.14
211,61,1,278.592,40.1021,55.3434,94.93,60.2
212,61,1,278.524,39.993,55.3328,93.52,60.41
213,61,1,278.549,40.0247,55.3613,92.48,60.21
214,61,1,278.587,40.1326,55.3475,92.34,59.01
215,61,1,278.652,40.1267,55.3265,94.28,58.95
216,61,1,278.509,40.0489,55.3569,94.33,59.85
217,61,1,278.508,40.0805,55.3541,93.27,59.34
218,61,1,278.51,40.0824,55.3742,94.66,59.39
219,61,1,278.554,40.1,55.369,94.74,59.37
220,61,1,278.483,40.071,55.3662,90.95,58.72
221,61,1,278.565,40.1346,55.329,93.97,58.38
222,61,1,278.49,40.0739,55.3555,92.93,57.3
223,61,1,278.473,40.091,55.3199,94.15,57.03
224,61,1,278.569,40.1218,55.3284,92.84,56.17
225,61,1,278.586,40.1319,55.3038,93.38,56.16
226,61,1,278.466,40.1221,55.3508,92.48,50.63
227,61,1,66.2473,36.0851,80.1171,91.73,51.62
228,61,1,66.2384,36.0306,80.3225,91.87,53.03
229,61,1,66.1843,35.9935,80.2148,86.53,53.86
230,61,1,66.2596,36.046,80.1122,90.36,54.4
231,61,1,66.2409,36.0027,80.187,92.32,53.26
232,61,1,66.2318,35.9852,80.2491,88.32,54.29
233,61,1,66.3097,36.0115,80.2148,92.48,53.9
234,61,1,66.1963,35.9738,80.2663,84.67,54.24
235,61,1,66.1938,36.0014,80.234,90.63,54.5
236,61,1,66.1248,36.0165,80.2748,89.66,55.47
237,61,1,66.2448,35.9619,80.2119,91.45,53.06
238,61,1,66.2793,35.9908,80.1376,90.6,52.1
239,61,0,0,0,0,0,52.52
240,61,1,168.095,26.932,24.0393,95.98,54.67
241,61,1,168.24,26.9079,23.9167,92.58,56.01
242,61,1,168.152,26.8874,23.9305,93.21,57.73
243,61,1,168.099,26.9767,23.9305,92.32,59.19
244,61,1,168.091,26.8524,23.946,94.72,58.13
245,61,1,168.225,26.8913,23.8848,96.49,57.21
246,61,1,168.131,26.8927,23.9345,96.75,55.26
247,61,1,168.215,26.8903,23.8731,95.25,56.96
248,61,1,168.131,26.9032,23.9121,93.94,58.61
249,61,1,168.133,26.8813,23.9053,95.61,59.44
250,61,1,168.159,26.8901,23.8972,95,59.11
251,61,1,168.173,26.9547,23.7428,92.52,60.14
252,61,1,168.147,26.8615,23.8705,95.6,57.95
253,61,1,168.364,26.9612,23.6886,93.57,46.36
254,61,0,0,0,0,0,35.52
255,61,0,0,0,0,0,35.64
0,62,0,0,0,0,0,36.29
1,62,0,0,0,0,0,37.5
2,62,0,0,0,0,0,37.79
3,62,0,0,0,0,0,36.63
4,62,1,131.203,33.3418,80.9836,93.1,43.19
5,62,1,131.374,33.2951,80.9295,92.86,54.63
6,62,1,131.306,33.2988,80.999,92.58,55.03
7,62,1,131.191,33.3227,81.0221,93.29,55.84
8,62,1,131.23,33.3025,81.0154,93.31,56.46
9,62,1,131.32,33.2854,80.993,93.29,56.19
10,62,1,131.328,33.2929,80.9782,92.91,56.6
11,62,1,131.313,33.3146,80.959,92.54,57.36
12,62,1,131.306,33.2643,80.9761,92.57,56.62
13,62,1,131.338,33.2648,80.9573,92.21,56.29
14,62,1,131.337,33.2815,80.943,93.2,56.72
15,62,1,131.384,33.2755,80.9285,92.94,56.1
16,62,1,131.34,33.2853,80.9331,92.98,56.16
17,62,1,131.268,33.2807,80.9552,91.66,56.32
18,62,1,131.489,33.2544,80.8616,95.63,56.67
19,62,1,131.153,33.3032,80.998,91.85,56.4
20,62,1,131.211,33.3148,80.9736,91.41,56.85
21,62,1,131.4,33.2756,80.9054,92.85,56.41
22,62,1,131.431,33.2643,80.8859,92.22,56.64
23,62,1,131.383,33.2848,80.8808,93.13,56.83
24,62,1,131.479,33.2702,80.8465,91.97,57.48
25,62,1,131.329,33.245,80.9117,92.34,56.26
26,62,1,131.361,33.2923,80.8874,93.44,56.44
27,62,1,131.362,33.2662,80.906,93.81,56.56
28,62,1,131.355,33.276,80.917,91.72,56.64
29,62,1,131.336,33.2481,80.9352,93.54,56.76
30,62,1,131.434,33.2528,80.8536,92.1,56.11
31,62,1,131.511,33.2727,80.8285,92.23,56.8
32,62,1,131.381,33.2861,80.8841,91.23,56.33
33,62,1,131.331,33.288,80.9188,91.32,55.7
34,62,1,131.544,33.3278,80.7783,95.19,54.57
35,62,1,131.514,33.3631,80.7294,90.03,53.42
36,62,2,131.457,33.8802,80.3491,63.32,51.95
37,62,0,0,0,0,0,48.84
38,62,1,273.985,48.8093,47.5554,94.21,56.25
39,62,1,274.128,48.8414,47.5015,84.43,59.49
40,62,1,274.255,48.8924,47.4919,89.68,60.43
41,62,1,274.148,48.8614,47.5253,89.85,60.72
42,62,1,274.263,48.855,47.5606,88.19,59.98
43,62,1,274.222,48.846,47.549,95.36,60.76
44,62,1,274.247,48.852,47.5546,90.07,60.9
45,62,1,274.248,48.8593,47.55,89.7,60.39
46,62,1,274.275,48.7913,47.425,89,60.94
47,62,1,274.132,48.8078,47.5227,89.28,61.24
48,62,1,274.181,48.8415,47.5621,90.15,60.98
49,62,1,274.166,48.9053,47.5695,88.4,60.6
50,62,1,274.136,48.8504,47.5727,89.62,61.33
51,62,1,274.123,48.8211,47.5188,96.16,60.29
52,62,1,274.073,48.8942,47.5779,88.43,60.01
53,62,1,274.113,48.8505,47.5671,86.36,60
54,62,1,274.166,48.9107,47.5951,89.42,60.62
55,62,1,274.123,48.8215,47.5596,89.65,60.38
56,62,1,274.152,48.8668,47.5636,95.57,60.01
57,62,1,274.089,48.8541,47.5461,93.63,59.51
58,62,1,274.146,48.8896,47.4665,93.84,58.03
59,62,0,0,0,0,0,57.47
60,62,0,0,0,0,0,56.11
61,62,0,0,0,0,0,57.17
62,62,1,355.757,11.8397,24.3591,89.28,56.32
63,62,1,355.831,11.8703,24.2806,95.59,57.16
64,62,1,355.694,11.866,24.3068,95.74,56.7
65,62,1,355.796,11.8547,24.3178,95.38,58.54
66,62,1,355.634,11.8503,24.4024,94.73,58.2
67,62,1,355.59,11.8697,24.5611,95.44,57.66
68,62,1,355.815,11.8524,24.3296,96.57,58.53
69,62,1,356.039,11.8804,24.0618,95.23,58.45
70,62,1,355.671,11.8826,24.4565,95.87,58.72
71,62,1,355.552,11.8529,24.6034,96.35,57.74
72,62,1,355.565,11.8932,24.4922,94.89,57.85
73,62,1,355.647,11.8809,24.4813,95.09,58.3
74,62,1,355.539,11.8993,24.559,97.11,57.67
75,62,0,0,0,0,0,54.75
76,62,1,128.082,39.4619,38.3891,88.14,54.09
77,62,1,128.087,39.4554,38.3384,96.44,54.87
78,62,1,128.152,39.4397,38.3107,93.94,55.48
79,62,1,128.156,39.4364,38.3108,92.97,55.78
80,62,1,128.214,39.4301,38.2956,97.23,56.39
81,62,1,128.07,39.4468,38.3207,96.7,56.03
82,62,1,128.221,39.4112,38.2765,94.8,55.31
83,62,1,128.154,39.4036,38.3028,97.32,56.58
84,62,1,128.168,39.4044,38.3109,96.54,57.08
85,62,1,128.154,39.4336,38.284,93.8,56.31
86,62,1,128.094,39.4194,38.3584,96.23,55.12
87,62,1,128.182,39.4124,38.3129,96.14,56.16
88,62,1,128.198,39.4205,38.2786,95.75,55.41
89,62,0,0,0,0,0,54.84
90,62,1,355.469,11.8876,24.6615,97.6,57.63
91,62,1,355.367,11.9364,24.6628,93.33,58.05
92,62,1,355.606,11.9558,24.4876,95.73,58.61
93,62,1,355.304,11.9017,24.7673,97.13,58.8
94,62,1,355.448,11.8721,24.5882,96.65,58.57
95,62,1,355.441,11.9582,24.5789,97.12,58.75
96,62,1,355.397,11.962,24.706,97.22,58.58
97,62,1,355.265,11.8825,24.7596,96.1,59.12
98,62,1,355.339,11.8965,24.8163,96.26,58.21
99,62,1,355.33,11.8582,24.6839,94.82,58.72
100,62,1,355.186,11.9156,24.8246,95.32,57.07
101,62,1,355.254,11.9004,24.904,95.83,57.61
102,62,1,355.296,11.894,24.7565,94.72,58.21
103,62,1,355.304,11.8732,24.7876,96.14,57.31
104,62,0,0,0,0,0,57.12
105,62,0,0,0,0,0,56.57
106,62,0,0,0,0,0,57.38
107,62,0,0,0,0,0,56.88
108,62,0,0,0,0,0,56.72
109,62,0,0,0,0,0,56.22
110,62,1,355.045,11.9243,25.1198,87.92,55.64
111,62,0,0,0,0,0,56.71
112,62,1,355.233,11.8435,24.8648,88.31,57.25
113,62,1,355.232,11.865,24.8569,95.41,56.61
114,62,1,355.161,11.8594,24.9258,95.76,57.17
115,62,1,355.191,11.8687,24.9321,95.94,56.86
116,62,1,355.204,11.8393,24.9136,87.8,57.03
117,62,0,0,0,0,0,56.63
118,62,0,0,0,0,0,56.14
119,62,0,0,0,0,0,56.06
120,62,0,0,0,0,0,57
121,62,1,355.148,11.9312,24.9575,88.5,57.06
122,62,1,355.182,11.9527,24.8579,96.36,56.93
123,62,1,355.225,11.8884,24.9583,91.82,57.86
124,62,1,355.006,11.8541,25.0205,95.35,58.85
125,62,1,355.055,11.8869,24.9878,95.94,58.07
126,62,1,355.062,11.8839,24.9264,95.42,58.85
127,62,1,354.979,11.8556,25.1254,95.26,58.77
128,62,1,354.943,11.8862,25.1126,94.15,58.21
129,62,1,355.213,11.8744,24.7619,94.84,59.16
130,62,1,355.152,11.9086,24.9225,94.14,59.14
131,62,1,354.947,11.9073,25.1108,93.57,58.25
132,62,1,354.985,11.8724,25.1926,94.58,58.84
133,62,1,355.278,11.8721,24.8029,94.56,59.37
134,62,1,355.047,11.8877,25.0119,95.94,58.63
135,62,1,355.002,11.8759,25.09,93.8,58.96
136,62,1,354.877,11.8829,25.2326,94.88,59.33
137,62,1,355.103,11.9398,24.8987,96.03,58.63
138,62,1,354.973,11.9057,25.0718,94.49,58.7
139,62,1,354.869,11.895,25.1292,96.11,58.64
140,62,1,354.898,11.902,25.1431,95.69,58.77
141,62,1,355.103,11.9041,24.8827,94.59,59.69
142,62,1,355.1,11.8866,24.9171,95.42,58.51
143,62,1,354.968,11.9352,25.0173,96.53,59.26
144,62,1,355.012,11.9037,25.0723,96.19,58.8
145,62,1,355.138,11.9293,24.8293,94.81,58.81
146,62,1,354.984,11.9226,25.0761,95.65,57.75
147,62,1,354.936,11.8927,25.1325,94.05,58.74
148,62,1,354.861,11.9053,25.161,97.32,58.67
149,62,1,354.8,11.9085,25.2198,97.37,58.54
150,62,1,355.03,11.8875,25.0576,95.35,58.65
151,62,1,354.796,12.0603,25.2801,95.72,57.46
152,62,1,354.64,11.864,25.3949,87.2,55.6
153,62,1,236.835,41.6684,12.3147,90.78,53.97
154,62,1,236.852,41.6469,12.3421,95.36,54.59
155,62,1,236.869,41.717,12.2334,92.62,55
156,62,1,236.737,41.6569,12.3466,93.84,55
157,62,1,236.826,41.686,12.3309,93.43,54.89
158,62,1,236.809,41.6735,12.3354,94.49,54.64
159,62,1,236.839,41.7078,12.2843,93.29,54.71
160,62,1,236.746,41.6531,12.3636,93.3,55.25
161,62,1,236.703,41.6521,12.3649,93.19,54.89
162,62,1,236.816,41.6915,12.31,95.54,54.51
163,62,1,236.834,41.6946,12.2388,95.67,54.1
164,62,1,236.78,41.6825,12.353,93.39,54.35
165,62,1,236.792,41.7056,12.3581,93.32,54.79
166,62,1,236.799,41.7103,12.2585,93.71,55.35
167,62,1,236.805,41.7016,12.297,95.44,54.89
168,62,1,236.736,41.6837,12.338,94.37,54.81
169,62,1,236.85,41.7229,12.2318,95.87,55.23
170,62,1,236.8,41.6837,12.3204,92.12,54.94
171,62,1,236.783,41.6815,12.36,92,55.15
172,62,1,236.8,41.7135,12.3377,93.5,54.45
173,62,1,236.794,41.7066,12.3158,93.96,55.38
174,62,1,236.759,41.7174,12.3183,94.38,54.93
175,62,1,236.798,41.7274,12.2681,94.31,54.5
176,62,1,236.766,41.7179,12.3257,93.76,54.67
177,62,1,236.809,41.7348,12.2571,94.82,55.34
178,62,1,236.783,41.7223,12.3371,93.11,54.8
179,62,1,236.831,41.7306,12.2784,94.64,55
180,62,1,236.806,41.736,12.2896,92.11,55.12
181,62,1,236.725,41.7336,12.3196,94.96,52.82
182,62,0,0,0,0,0,53.16
183,62,1,278.583,39.9966,55.2838,92.9,57.02
184,62,1,278.558,39.966,55.3469,94.4,58.8
185,62,1,278.523,39.9406,55.3181,84.17,59.58
186,62,1,278.575,39.9766,55.3453,94.14,60.03
187,62,1,278.537,40.0074,55.3471,89.75,59.13
188,62,1,278.491,40.0004,55.3605,91.66,59.43
189,62,1,278.541,40.0022,55.381,94.47,59.78
190,62,1,278.603,39.9815,55.3541,94.45,59.71
191,62,1,278.498,39.9754,55.3502,94.67,59.42
192,62,1,278.546,40.0132,55.4049,92.34,60.21
193,62,1,278.487,40.0596,55.4545,92.62,58.88
194,62,1,278.467,40.0009,55.3862,93.39,60.92
195,62,1,278.561,40.0388,55.3784,93.95,61.03
196,62,1,278.564,40.0559,55.4042,91.03,59.52
197,62,1,278.592,40.0426,55.361,95.68,60.52
198,62,1,278.474,39.9835,55.3793,93.25,60.05
199,62,1,278.544,39.9909,55.3803,92.89,60.19
200,62,1,278.55,40.0366,55.3894,92.63,59.75
201,62,1,278.452,40.0022,55.4015,93.63,60.24
202,62,1,278.494,39.9983,55.3708,93.04,60.32
203,62,1,278.483,40.0238,55.4255,94.66,59.78
204,62,1,278.453,40.04,55.4155,87.27,59.72
205,62,1,278.609,40.0585,55.3944,93.57,60.67
206,62,1,278.516,40.0121,55.3616,92.94,60.16
207,62,1,278.534,40.0697,55.3725,91.54,59.16
208,62,1,278.472,40.055,55.3989,86.2,59.25
209,62,1,278.525,40.0722,55.3604,93.94,59
210,62,1,278.498,40.091,55.4176,90.11,60.08
211,62,1,278.476,40.0353,55.3812,92.67,59.11
212,62,1,278.592,40.0745,55.3793,92.9,60.19
213,62,1,278.557,40.0275,55.3508,93.05,60.38
214,62,1,278.612,40.0856,55.3746,92.32,60.02
215,62,1,278.493,40.0416,55.3569,91.79,60.21
216,62,1,278.455,40.0694,55.3779,91.57,59.61
217,62,1,278.524,40.073,55.3604,91.65,59.55
218,62,1,278.512,40.079,55.3731,91.82,59.16
219,62,1,278.513,40.0713,55.3754,90.91,60.11
220,62,1,278.47,40.0232,55.3454,94.97,60.44
221,62,1,278.457,40.0974,55.3913,91.44,59.54
222,62,1,278.48,40.0585,55.3683,91.61,60.59
223,62,1,278.6,40.118,55.3265,94,59.97
224,62,1,278.531,40.0782,55.3502,94.56,59.79
225,62,1,278.566,40.117,55.3501,95.9,59.64
226,62,1,278.505,40.1268,55.3024,90.66,55.94
227,62,1,66.269,36.0434,80.2175,91.81,51.56
228,62,1,66.0269,36.024,80.284,90.07,53.32
229,62,1,66.2616,36.0115,80.2213,91.34,54.4
230,62,1,66.2045,36.0385,80.2359,90.36,53.33
231,62,1,66.042,35.7718,80.4282,84.35,53.75
232,62,1,66.2372,35.9533,80.2974,87.59,53.45
233,62,1,66.2436,36.0278,80.2108,88.71,54.48
234,62,1,66.0945,35.98,80.3458,90.04,53.6
235,62,1,66.2208,35.9329,80.2595,83.11,54.23
236,62,1,66.1141,35.9558,80.3049,91.03,54.05
237,62,1,66.2226,35.9439,80.2672,89.84,54.09
238,62,1,66.2231,35.9887,80.2248,89.32,54.62
239,62,1,66.1345,36.005,80.2325,85.68,53.08
240,62,0,0,0,0,0,52.55
241,62,1,168.203,26.9082,23.9379,88.72,54.23
242,62,1,168.091,26.899,24.0138,95.09,55.48
243,62,1,168.024,26.867,23.973,95.21,58
244,62,1,168.146,26.8608,23.9342,96.44,57.42
245,62,1,168.203,26.9115,23.9176,94.83,53.57
246,62,1,168.234,26.8957,23.9231,88.02,53.11
247,62,1,168.197,26.8987,23.9157,88.07,53.48
248,62,1,168.117,26.9125,23.9313,93.91,56.34
249,62,1,168.134,26.8772,23.9286,92.64,58.23
250,62,1,168.092,26.8607,23.9314,94.41,58.56
251,62,1,168.037,26.8408,23.9673,95.4,58.29
252,62,1,168.192,26.8892,23.8785,93.93,58.13
253,62,1,168.375,26.9407,23.6713,90.52,49.99
254,62,0,0,0,0,0,34.81
255,62,0,0,0,0,0,35.45
0,63,0,0,0,0,0,36.31
1,63,0,0,0,0,0,37.82
2,63,0,0,0,0,0,37.32
3,63,0,0,0,0,0,36.94
4,63,1,131.04,33.3908,81.1244,86.3,41.34
5,63,1,131.294,33.3168,80.92,92.99,54.92
6,63,1,131.308,33.355,81.0384,91.91,55.6
7,63,1,131.282,33.275,80.9987,94.56,55.03
8,63,1,131.162,33.2974,81.0043,91.29,56.44
9,63,1,131.317,33.3666,81.0437,93.25,56.94
10,63,1,131.38,33.2692,80.9139,94.66,56.13
11,63,1,131.301,33.242,80.9776,91.49,56.72
12,63,1,131.294,33.3483,81.0569,91.44,56.27
13,63,1,131.261,33.3019,80.9697,92.6,56.01
14,63,1,131.361,33.2556,80.9211,93.95,56.49
15,63,1,131.306,33.2579,80.9471,92.26,55.92
16,63,1,131.405,33.3308,80.9709,92.61,56.43
17,63,1,131.433,33.2995,80.8904,92.54,57.13
18,63,1,131.366,33.3095,80.9091,93.02,56.3
19,63,1,131.42,33.2939,80.9074,92.44,57.5
20,63,1,131.334,33.3114,80.9035,90.73,56.07
21,63,1,131.311,33.245,80.9096,92.45,56.65
22,63,1,131.281,33.3014,80.9238,93.19,56.28
23,63,1,131.319,33.29,80.9194,92.88,56.04
24,63,1,131.445,33.2798,80.845,92.28,56.4
25,63,1,131.351,33.2785,80.8979,94.6,56.27
26,63,1,131.338,33.3013,80.9216,91.32,56.88
27,63,1,131.394,33.2911,80.8924,91.86,56.61
28,63,1,131.388,33.2982,80.8771,91.05,56.89
29,63,1,131.448,33.2361,80.8365,92.58,56.82
30,63,1,131.396,33.2505,80.8357,92.05,54.64
31,63,1,131.573,33.2541,80.7459,91.93,55.15
32,63,1,131.463,33.2393,80.7919,90.82,52.52
33,63,2,131.332,33.4284,80.3415,58.4,52.73
34,63,0,0,0,0,0,50.2
35,63,1,272.213,11.6914,75.5372,78.16,50.55
36,63,1,271.94,11.6973,75.92,88.38,52.17
37,63,1,271.799,11.7617,76.0827,90.68,51.11
38,63,0,0,0,0,0,51.67
39,63,1,274.123,48.8347,47.5612,93.37,55.16
40,63,1,274.112,48.7797,47.5119,95.06,58.96
41,63,1,274.137,48.7975,47.5155,89.41,60.18
42,63,1,274.172,48.8343,47.547,96.58,60.32
43,63,1,274.132,48.8424,47.5166,94.77,59.86
44,63,1,274.17,48.8446,47.5449,96.28,60.27
45,63,1,274.152,48.863,47.5613,89.69,60.35
46,63,1,274.108,48.7916,47.4436,88.1,60.97
47,63,1,274.143,48.8345,47.5362,95.3,61.23
48,63,1,274.141,48.7947,47.4588,90.12,60.16
49,63,1,274.178,48.8897,47.5418,87.17,60.46
50,63,1,274.104,48.8094,47.5358,94.33,61.73
51,63,1,274.146,48.8584,47.5432,91.97,59.98
52,63,1,274.109,48.8841,47.5187,87.84,60.62
53,63,1,274.124,48.9183,47.5887,97.04,59.92
54,63,1,274.162,48.9121,47.568,95.23,60.19
55,63,1,274.128,48.8815,47.5497,95.79,60.09
56,63,1,274.089,48.9004,47.5839,86.22,60.31
57,63,1,274.157,48.9164,47.5732,87.22,60.24
58,63,1,274.129,48.8487,47.5527,88.42,60.35
59,63,1,274.186,48.8604,47.5487,90.65,60.26
60,63,1,274.129,48.8816,47.5561,91.67,58.8
61,63,1,274.231,48.899,47.4188,90.79,57.65
62,63,0,0,0,0,0,56.55
63,63,0,0,0,0,0,56.65
64,63,0,0,0,0,0,56.32
65,63,1,355.851,11.8711,24.2252,95.54,57.11
66,63,1,355.554,11.9344,24.6412,92.58,57.56
67,63,1,355.597,11.8571,24.52,94.47,58.13
68,63,1,355.495,11.8446,24.6421,94.67,57.73
69,63,1,355.657,11.8546,24.3906,95.93,57.86
70,63,1,355.643,11.9522,24.4713,96.1,58.03
71,63,1,355.786,11.9019,24.2753,95.34,58.65
72,63,1,355.717,11.883,24.4313,95.59,59
73,63,1,355.585,11.8727,24.5231,94.24,58.32
74,63,1,355.709,11.8992,24.3785,94.9,56.7
75,63,0,0,0,0,0,54.48
76,63,1,128.043,39.4712,38.373,96.79,55.42
77,63,1,128.121,39.452,38.3316,94.83,54.87
78,63,1,128.126,39.4323,38.3153,94.68,54.76
79,63,1,128.109,39.4526,38.3215,92.89,55.04
80,63,1,128.216,39.4261,38.2657,94.01,56.62
81,63,1,128.199,39.4196,38.2894,94.6,55.97
82,63,1,128.087,39.4265,38.4105,95.44,54.87
83,63,1,128.187,39.4005,38.3008,98.22,56.25
84,63,1,128.183,39.4379,38.2694,94.31,56.12
85,63,1,128.207,39.5919,38.1727,84.52,56.02
86,63,1,128.144,39.4057,38.2838,97.09,56.42
87,63,1,128.19,39.4301,38.285,96.09,56.77
88,63,0,0,0,0,0,54.45
89,63,1,355.398,11.8921,24.752,94.18,55.49
90,63,1,355.747,11.8735,24.3228,96.36,58.44
91,63,1,355.567,11.9927,24.6269,95.6,58.31
92,63,1,355.259,11.909,24.8283,96.77,58.41
93,63,1,355.208,11.8904,24.8579,94.95,58.14
94,63,1,355.275,11.8748,24.7982,95.46,58.92
95,63,1,355.44,11.9686,24.6771,95.4,58.77
96,63,1,355.574,11.8792,24.582,95.75,58.77
97,63,1,355.553,11.8652,24.5368,95.71,58.93
98,63,1,355.189,11.8585,24.8392,94.13,57.77
99,63,1,355.259,11.8753,24.706,96.39,58.5
100,63,1,355.382,11.8855,24.7436,94.88,58.01
101,63,1,355.225,11.9027,24.789,96.31,58.21
102,63,1,355.222,11.8732,24.9289,95.97,58.3
103,63,0,0,0,0,0,56
104,63,0,0,0,0,0,56.94
105,63,1,274.035,48.9866,47.4775,86.67,57.08
106,63,1,273.996,48.9903,47.5002,86.55,58.06
107,63,1,274.068,48.9338,47.5385,92.09,58.73
108,63,1,274.128,48.9913,47.5277,86.07,57.58
109,63,0,0,0,0,0,57.19
110,63,1,274.132,48.9726,47.4643,83.61,57.62
111,63,1,274.088,49.0341,47.505,85.99,57.19
112,63,0,0,0,0,0,57.67
113,63,0,0,0,0,0,56.68
114,63,0,0,0,0,0,55.99
115,63,0,0,0,0,0,55.76
116,63,0,0,0,0,0,55.92
117,63,1,274.085,49.0384,47.5378,86.62,57.03
118,63,1,274.041,48.949,47.5141,94.64,57.85
119,63,1,274.097,49.0045,47.5195,95.1,58.81
120,63,1,273.988,48.9629,47.5323,93.31,57.63
121,63,0,0,0,0,0,56.8
122,63,0,0,0,0,0,57.32
123,63,0,0,0,0,0,56.51
124,63,1,355.189,11.8529,24.9075,88.3,56.83
125,63,1,355.198,11.9229,24.8984,95.19,57.17
126,63,1,354.847,11.9143,25.1758,95.98,57.89
127,63,1,355.022,11.8581,24.981,96.27,58.32
128,63,1,355.011,11.8704,25.0639,93.68,58.19
129,63,1,354.838,11.9178,25.2392,95.17,57.77
130,63,1,355.007,11.9234,25.0135,95.6,58.9
131,63,1,355.076,11.8609,24.9511,95.28,58.63
132,63,1,354.97,11.8682,25.1099,94.92,58.16
133,63,1,354.984,11.9025,25.0741,94.44,58.32
134,63,1,355.041,11.8979,25.0215,95.85,59.04
135,63,1,355.266,11.8606,24.7941,96.86,59.21
136,63,1,355.073,11.9282,24.9272,96.15,58.63
137,63,1,354.966,11.8449,25.1017,94.66,58.32
138,63,1,355.26,11.9737,24.7732,95.76,58.68
139,63,1,354.939,11.9281,25.0208,95.1,59.13
140,63,1,354.89,11.8934,25.1858,95.64,58.65
141,63,1,354.938,11.8892,25.0856,95.49,59.48
142,63,1,354.798,11.9114,25.2893,94.52,57.75
143,63,1,354.986,11.9221,25.0391,95.39,59.59
144,63,1,354.968,11.8898,25.0931,94.41,58.82
145,63,1,355.16,11.9949,24.8703,95.29,58.71
146,63,1,354.897,11.8908,25.2247,94.47,58.68
147,63,1,355.213,11.8724,24.821,95.54,59.25
148,63,1,354.897,11.8906,25.2139,95.64,59.12
149,63,1,355.115,11.9002,24.8684,94.15,58.83
150,63,1,355.008,11.9622,24.9237,95.54,58.52
151,63,1,354.889,11.9544,25.2483,95.64,58.6
152,63,1,354.528,11.9013,25.582,95.11,55.99
153,63,1,236.774,41.6467,12.3294,90.69,53.16
154,63,1,236.831,41.6756,12.3313,92.84,54.9
155,63,1,236.797,41.6701,12.3276,94.15,55.04
156,63,1,236.763,41.6755,12.386,91.31,55.07
157,63,1,236.718,41.6744,12.3636,92.66,54.51
158,63,1,236.828,41.6996,12.3266,92.74,54.88
159,63,1,236.833,41.7174,12.2291,94.06,54.65
160,63,1,236.826,41.7039,12.2991,95.55,54.69
161,63,1,236.841,41.7121,12.332,91.1,54.19
162,63,1,236.899,41.726,12.241,93.12,54.96
163,63,1,236.791,41.7105,12.3284,95.35,54.98
164,63,1,236.843,41.7175,12.3268,92.7,55.48
165,63,1,236.674,41.673,12.3817,93.1,54.75
166,63,1,236.824,41.7245,12.2393,93.19,54.86
167,63,1,236.776,41.7154,12.3424,92.16,55.33
168,63,1,236.874,41.7169,12.2271,93.14,55.07
169,63,1,236.877,41.7374,12.2417,93.75,54.86
170,63,1,236.846,41.7117,12.2429,95.63,55.26
171,63,1,236.832,41.737,12.2295,95.04,55.11
172,63,1,236.767,41.7144,12.3311,93.44,54.8
173,63,1,236.759,41.7185,12.2605,93.84,55.4
174,63,1,236.79,41.7383,12.315,93.6,53.95
175,63,1,236.661,41.6943,12.3648,93.89,54.61
176,63,1,236.932,41.7567,12.2362,93.3,55.01
177,63,1,236.854,41.7265,12.3095,94.11,54.59
178,63,1,236.846,41.7451,12.2064,92.98,54.7
179,63,1,236.814,41.7508,12.3062,91.79,54.82
180,63,1,236.847,41.7752,12.2962,95.94,53.01
181,63,0,0,0,0,0,54.06
182,63,1,278.656,40.0244,55.2612,94.39,57.34
183,63,1,278.607,39.9939,55.369,93.18,59.86
184,63,1,278.607,40.0123,55.3632,92.8,59.25
185,63,1,278.592,40.0152,55.3226,92.76,59.48
186,63,1,278.638,40.0054,55.349,93.9,59.21
187,63,1,278.549,39.9907,55.3496,93.94,60.06
188,63,1,278.523,40.0015,55.3432,91.89,59.04
189,63,1,278.557,39.9965,55.3616,91.91,60.29
190,63,1,278.487,40.0035,55.3619,92.02,60.47
191,63,1,278.56,39.994,55.3582,93.99,60.07
192,63,1,278.494,40.0374,55.366,90.48,58.76
193,63,1,278.515,40.0043,55.399,94.5,58.99
194,63,1,278.56,40.015,55.3757,94.17,59
195,63,1,278.635,40.0649,55.3224,96.28,59.99
196,63,1,278.511,40.0204,55.3507,92.1,59.86
197,63,1,278.579,40.0131,55.3755,92.85,59.49
198,63,1,278.567,40.004,55.3206,93.93,59.92
199,63,1,278.57,40.0351,55.3546,92.88,60.75
200,63,1,278.458,40.0078,55.3959,93.29,59.82
201,63,1,278.598,40.055,55.3676,94.61,60.22
202,63,1,278.515,40.0235,55.4074,93.55,60.28
203,63,1,278.51,40.0465,55.4118,93.55,59.68
204,63,1,278.537,40.0716,55.3532,95.16,60.66
205,63,1,278.547,40.0647,55.3828,92.88,59.74
206,63,1,278.583,40.0575,55.3449,96.32,60.29
207,63,1,278.471,40.0561,55.387,90.06,59.21
208,63,1,278.519,40.0471,55.3544,90.39,58.67
209,63,1,278.59,40.0753,55.4299,90.55,60.33
210,63,1,278.55,40.1223,55.3681,91.93,60.73
211,63,1,278.534,40.0688,55.373,92.89,59.78
212,63,1,278.631,40.0475,55.3404,89.91,60.58
213,63,1,278.564,40.0746,55.38,95.76,59.1
214,63,1,278.534,40.0546,55.3951,93.57,60.33
215,63,1,278.626,40.1224,55.3639,95.1,60.69
216,63,1,278.536,40.0617,55.35,92.3,59.35
217,63,1,278.459,40.0681,55.3998,90.61,60.24
218,63,1,278.555,40.0462,55.3979,88.63,60.81
219,63,1,278.425,40.0299,55.3536,92.95,60.31
220,63,1,278.54,40.0562,55.3866,95.06,60.26
221,63,1,278.506,40.0471,55.4111,94.35,59.72
222,63,1,278.525,40.0789,55.3573,91.49,60.22
223,63,1,278.491,40.0506,55.3804,93.97,60.59
224,63,1,278.556,40.086,55.3769,94.21,60.24
225,63,1,278.518,40.092,55.3604,92.81,60.22
226,63,1,278.463,40.0912,55.3119,92.67,56.05
227,63,1,66.1936,36.1006,80.3004,92.02,51.64
228,63,1,66.2753,35.9938,80.24,86.82,53.41
229,63,1,66.1919,35.9705,80.2631,89.75,53.95
230,63,1,66.173,36.0427,80.2736,87.79,53.87
231,63,1,66.1913,36.0044,80.2343,91.37,53.92
232,63,1,66.2484,35.9613,80.2634,88.99,53.83
233,63,1,66.1784,35.9596,80.2787,88.5,53.83
234,63,1,66.2837,36.0205,80.2049,90.73,54.47
235,63,1,66.1415,35.9681,80.3062,87.75,53.81
236,63,1,65.9798,35.8055,80.4737,89.31,54.21
237,63,1,66.3076,35.9843,80.1165,89.49,53.63
238,63,1,66.3193,35.937,80.2835,86.59,53.6
239,63,1,66.2023,35.9289,80.2309,87.45,55.63
240,63,1,66.2002,35.9905,80.2581,88.09,52.9
241,63,1,66.3228,35.9727,79.7833,85.01,52.14
242,63,0,0,0,0,0,52.55
243,63,1,168.092,26.9351,24.0189,94.24,53.45
244,63,1,168.254,26.9038,23.8703,90.69,54.1
245,63,1,66.1585,36.0074,80.1512,94.75,52.53
246,63,1,66.1808,35.9539,80.0995,90.3,51.95
247,63,1,66.2126,35.9392,80.3359,89.33,52.53
248,63,0,0,0,0,0,53.73
249,63,1,168.074,26.8916,23.9354,92.62,55.57
250,63,1,168.211,26.9002,23.9042,92.95,57.27
251,63,1,168.123,26.8688,23.904,94.53,58.47
252,63,1,168.125,26.8731,23.8889,95.32,58.1
253,63,1,168.031,26.9398,23.859,90.19,50.34
254,63,0,0,0,0,0,36.1
255,63,0,0,0,0,0,53.45
0,64,0,0,0,0,0,35.95
1,64,0,0,0,0,0,37.5
2,64,0,0,0,0,0,37.2
3,64,0,0,0,0,0,36.46
4,64,1,131.135,33.3753,80.975,91.85,41.93
5,64,1,131.303,33.3198,80.9082,92.62,54.29
6,64,1,131.333,33.2834,80.9325,92.52,55.74
7,64,1,131.27,33.2711,81.0027,92.03,55.65
8,64,1,131.273,33.2828,80.9749,94.09,56.02
9,64,1,131.369,33.3331,80.9966,93.95,55.95
10,64,1,131.273,33.3191,80.9641,91.8,57.12
11,64,1,131.31,33.3138,80.9629,92.67,56.26
12,64,1,131.319,33.3256,80.9526,93.27,56.88
13,64,1,131.347,33.2868,80.9398,91.64,56.55
14,64,1,131.35,33.2811,80.9436,91.88,55.99
15,64,1,131.466,33.2882,80.9026,92.97,56.49
16,64,1,131.259,33.293,80.9515,95.62,56.32
17,64,1,131.434,33.2565,80.8873,93.46,55.92
18,64,1,131.628,33.1136,80.7102,86.32,56.77
19,64,1,131.37,33.2865,80.9153,93.09,56.8
20,64,1,131.346,33.2709,80.9107,91.55,55.94
21,64,1,131.452,33.2634,80.8649,93.53,55.94
22,64,1,131.397,33.291,80.8883,92.78,56.71
23,64,1,131.425,33.2759,80.8883,94.71,56.39
24,64,1,131.35,33.3095,80.9068,91.81,56.53
25,64,1,131.329,33.3058,80.9098,94.17,57.2
26,64,1,131.407,33.2812,80.8474,90.81,56.17
27,64,1,131.447,33.3129,80.8497,93.26,56.47
28,64,1,131.422,33.2803,80.8023,93.44,54.65
29,64,1,131.463,33.2577,80.8286,89.7,53.75
30,64,1,131.359,33.2431,80.8402,83.05,52.92
31,64,2,131.321,33.425,80.3566,58.76,51.74
32,64,0,0,0,0,0,51.81
33,64,1,272.087,11.6897,75.7519,82.5,51.63
34,64,1,271.811,11.687,75.9788,89.98,52.64
35,64,1,271.908,11.7377,76.0161,92.21,52.23
36,64,1,271.677,11.7099,76.1079,94.05,53.1
37,64,1,271.755,11.7488,76.0576,92.75,54.33
38,64,1,271.754,11.7368,76.0607,91.98,52.54
39,64,0,0,0,0,0,51.68
40,64,1,274.104,48.8539,47.5784,84.95,55.37
41,64,1,274.169,48.8202,47.5275,88.24,59.54
42,64,1,274.135,48.8097,47.5449,88.5,60.15
43,64,1,274.158,48.8258,47.5374,90.1,60.83
44,64,1,274.239,48.7901,47.4754,87.93,61
45,64,1,274.11,48.8455,47.52,95.22,60.03
46,64,1,274.197,48.8304,47.5409,89.35,60.7
47,64,1,274.287,48.8442,47.5014,88.85,60.95
48,64,1,274.172,48.8232,47.5489,89.45,60.57
49,64,1,274.141,48.8087,47.4812,89.19,61.48
50,64,1,274.152,48.8602,47.5371,86.7,60.28
51,64,1,274.05,48.8855,47.512,85.12,60.62
52,64,1,274.205,48.8435,47.5714,90.21,60.62
53,64,1,274.118,48.8275,47.5655,89.11,60.68
54,64,1,274.229,48.8144,47.5657,87.63,60.43
55,64,1,274.065,48.8629,47.5642,87.02,59.83
56,64,1,274.113,48.8057,47.5485,88.21,60.57
57,64,1,274.197,48.8506,47.566,87.2,61.04
58,64,1,274.181,48.8652,47.5865,89.59,61.06
59,64,1,274.106,48.8653,47.5875,95.54,60.05
60,64,1,274.098,48.867,47.5545,94.2,59.25
61,64,1,274.107,48.9187,47.6131,87.83,60.46
62,64,1,274.122,48.8886,47.4747,95.76,58.45
63,64,1,274.132,48.8801,47.4633,93.51,57.62
64,64,0,0,0,0,0,57.13
65,64,0,0,0,0,0,55.74
66,64,0,0,0,0,0,56
67,64,1,355.729,11.8523,24.4861,93.06,56.91
68,64,1,355.553,11.9188,24.5456,94.72,56.42
69,64,1,355.661,11.855,24.4363,96.34,57.45
70,64,1,355.383,11.9001,24.7433,96.15,57.63
71,64,1,355.752,11.8614,24.3329,95.46,58.81
72,64,1,355.567,11.8931,24.4969,95.82,57.67
73,64,1,355.622,11.8764,24.3802,95.97,58.01
74,64,0,0,0,0,0,53.98
75,64,1,128.113,39.4922,38.414,89.55,54.1
76,64,1,128.057,39.4648,38.3631,98.2,54.85
77,64,1,128.172,39.4504,38.2911,93.03,55.57
78,64,1,128.153,39.4505,38.3115,93.75,55.52
79,64,1,128.127,39.4438,38.2998,94.72,54.33
80,64,1,128.131,39.4482,38.3153,95.74,55.09
81,64,1,128.097,39.4623,38.296,95.24,55.9
82,64,1,128.199,39.4423,38.3229,96.01,56.16
83,64,1,128.174,39.4315,38.3279,97.4,55.98
84,64,1,128.238,39.3937,38.3243,95.01,56.61
85,64,1,128.127,39.4144,38.3869,97.5,56.62
86,64,1,128.123,39.437,38.3226,95.74,55.68
87,64,1,128.152,39.4058,38.3333,95.17,54.65
88,64,0,0,0,0,0,55.6
89,64,1,355.425,11.8797,24.619,95.42,56.97
90,64,1,355.4,11.9028,24.6751,95.43,58.12
91,64,1,355.352,11.8676,24.7482,95.35,59.1
92,64,1,355.417,11.9271,24.7159,93.98,58.66
93,64,1,355.579,11.87,24.5254,96.73,58.45
94,64,1,355.332,11.8806,24.7266,96.52,58.31
95,64,1,355.36,11.8745,24.7572,96.18,59.07
96,64,1,355.063,11.9427,25.0247,96.56,58.53
97,64,1,355.371,11.9124,24.7831,93.87,58.76
98,64,1,355.27,11.9043,24.7897,95.51,58.26
99,64,1,355.327,11.862,24.7899,94.42,58.04
100,64,1,355.442,11.858,24.6217,94.7,58.42
101,64,1,355.321,11.8629,24.7347,96.64,58.37
102,64,1,355.04,11.9193,25.0726,87.84,56.64
103,64,0,0,0,0,0,57.56
104,64,1,274.094,48.948,47.5173,92.99,59
105,64,1,274.074,48.959,47.5983,94.37,59.84
106,64,1,274.064,48.961,47.584,93.04,59.26
107,64,1,274.033,48.9776,47.5941,94.22,59.3
108,64,1,274.035,48.9361,47.49,88.08,60.21
109,64,1,274.096,48.983,47.5327,87.03,59.16
110,64,1,274.042,48.9084,47.5603,94.24,60.01
111,64,1,274.029,48.9683,47.5419,85.97,58.7
112,64,1,274.024,48.9544,47.5908,93.5,59.43
113,64,1,274.085,48.9887,47.4907,93.62,58.36
114,64,1,274.077,48.9854,47.4758,86.07,57.86
115,64,1,274.096,49.0032,47.5471,93.6,58.37
116,64,1,274.127,48.9965,47.546,84.44,59.81
117,64,1,274.018,48.9606,47.5624,95.46,60.15
118,64,1,274.015,48.9021,47.553,85.94,59.86
119,64,1,273.984,48.9676,47.5767,84.15,59.61
120,64,1,274.036,48.9176,47.508,86.75,60.42
121,64,1,274.012,48.9652,47.5691,84.71,59.29
122,64,1,274.096,48.9932,47.5505,90.72,58.25
123,64,1,274.052,49.0318,47.5254,84.9,58.19
124,64,0,0,0,0,0,57.26
125,64,0,0,0,0,0,56.86
126,64,1,355.21,11.8502,24.9044,89.67,57.01
127,64,1,355.217,11.866,24.8357,95.72,56.64
128,64,1,354.919,11.847,25.1198,94.97,58.33
129,64,1,355.128,11.8479,24.8964,94.85,58
130,64,1,354.992,11.8891,25.0838,93.89,58.72
131,64,1,355.013,11.8572,25.0323,95.17,57.91
132,64,1,355.151,11.8891,24.9526,94.26,58.57
133,64,1,354.971,11.8936,25.086,96,58.28
134,64,1,355.058,11.8708,25.0188,93.59,59.04
135,64,1,355.025,11.8767,24.9655,96.72,58.87
136,64,1,354.985,11.9121,25.1094,95.3,58.52
137,64,1,355.152,12.0074,24.9243,96.1,58.49
138,64,1,355.034,11.8792,25.0062,95.84,59.03
139,64,1,354.961,12.0202,25.0991,95.4,58.25
140,64,1,354.731,11.9033,25.264,94.5,58.04
141,64,1,354.961,11.9076,25.0636,96.32,58.13
142,64,1,355.051,11.8812,25.0941,96.05,59.5
143,64,1,354.982,11.8647,25.0903,95.02,59.67
144,64,1,354.918,11.8787,25.1336,95.96,58.86
145,64,1,355.021,11.8932,24.9765,97.02,58.28
146,64,1,354.994,11.888,25.0678,96.65,58.37
147,64,1,354.697,11.9004,25.3675,93.82,58.29
148,64,1,355.021,11.8904,24.9648,96.09,59.07
149,64,1,355.063,11.8757,25.0084,97,59
150,64,1,355.045,11.9842,25.0469,94.44,58.48
151,64,1,354.971,11.9547,25.0431,94.84,58.29
152,64,1,354.617,11.8876,25.46,95.07,56.59
153,64,0,0,0,0,0,53.66
154,64,1,236.898,41.7056,12.3176,85.61,53.51
155,64,1,236.776,41.6826,12.3512,94.93,54.18
156,64,1,236.724,41.6726,12.3508,93.38,54.54
157,64,1,236.805,41.6813,12.3123,92.37,54.3
158,64,1,236.775,41.6685,12.392,93.07,54.86
159,64,1,236.739,41.687,12.3267,93.47,54.03
160,64,1,236.904,41.7173,12.2302,93.46,54.54
161,64,1,236.868,41.7011,12.319,93.3,55.3
162,64,1,236.853,41.7163,12.2586,91.91,54.67
163,64,1,236.754,41.6869,12.3676,94.32,54.72
164,64,1,236.861,41.6788,12.347,95.37,55.21
165,64,1,236.797,41.7071,12.2915,95.71,54.63
166,64,1,236.774,41.6788,12.3543,96.71,54.14
167,64,1,236.915,41.7456,12.2387,91.88,53.76
168,64,1,236.92,41.754,12.229,91.55,54.67
169,64,1,236.79,41.6911,12.3538,95.17,54.73
170,64,1,236.759,41.685,12.3601,93.89,55.12
171,64,1,236.701,41.7092,12.3483,93.07,53.88
172,64,1,236.8,41.7102,12.3422,93.08,54.13
173,64,1,236.815,41.7022,12.2835,95.15,54.69
174,64,1,236.761,41.6974,12.3422,95.7,54.87
175,64,1,236.826,41.7336,12.3204,92.81,55.38
176,64,1,236.733,41.7085,12.3548,93.67,54.77
177,64,1,236.86,41.7235,12.3214,94.06,55.22
178,64,1,236.784,41.6925,12.3353,95.14,55.18
179,64,1,236.867,41.7684,12.2874,91.43,52.5
180,64,0,0,0,0,0,53.27
181,64,1,278.748,40.0441,55.2733,85.51,56.98
182,64,1,278.669,39.8897,55.2809,94.65,59.3
183,64,1,278.512,39.9893,55.3389,91.03,59.59
184,64,1,278.557,39.9459,55.3305,94.21,59.79
185,64,1,278.494,40.0281,55.3738,91.31,58.82
186,64,1,278.586,39.9694,55.3572,93.31,60.46
187,64,1,278.532,40.0084,55.3532,91.86,59.77
188,64,1,278.513,39.9727,55.3547,94.69,60.95
189,64,1,278.519,39.9953,55.3516,91.6,58.96
190,64,1,278.622,40.0346,55.324,92.8,60.47
191,64,1,278.51,40.0056,55.3582,93.63,59.58
192,64,1,278.484,39.9643,55.3726,93.83,60.27
193,64,1,278.507,40.0152,55.3728,93.37,59.9
194,64,1,278.528,40.0125,55.3948,94.03,60.64
195,64,1,278.537,40.0322,55.3608,89.77,59.65
196,64,1,278.515,40.0215,55.3455,91.26,59.19
197,64,1,278.504,40.0691,55.3922,91.42,58.74
198,64,1,278.528,39.9947,55.3513,94.02,60.01
199,64,1,278.656,40.0308,55.3972,95.68,60.52
200,64,1,278.528,40.0058,55.3728,94.7,59.66
201,64,1,278.523,40.0242,55.4152,93.17,59.97
202,64,1,278.584,40.0737,55.4322,93.53,59.88
203,64,1,278.527,40.0167,55.4181,94.5,59.99
204,64,1,278.474,39.9907,55.4011,93.35,59.89
205,64,1,278.518,40.0566,55.3754,92.27,60.11
206,64,1,278.496,40.0509,55.3574,91.15,59.82
207,64,1,278.512,40.0414,55.3648,91.64,60.34
208,64,1,278.564,40.0715,55.3811,94.59,59.5
209,64,1,278.612,40.0526,55.3826,93.97,60
210,64,1,278.532,40.0458,55.3849,91.68,59.82
211,64,1,278.526,40.0216,55.3691,93.94,60.01
212,64,1,278.562,40.085,55.3798,95.11,60.81
213,64,1,278.466,40.0728,55.3865,93.7,59.61
214,64,1,278.516,40.0651,55.3735,91.52,58.99
215,64,1,278.564,40.0991,55.3922,94.32,60.53
216,64,1,278.633,40.0808,55.3953,93.24,59.98
217,64,1,278.473,40.0747,55.3535,91.65,59.97
218,64,1,278.464,40.029,55.3751,92.05,60.2
219,64,1,278.499,40.0182,55.3574,93.7,59.69
220,64,1,278.511,40.0815,55.3741,92.84,59.77
221,64,1,278.543,40.0722,55.3987,93.39,60.62
222,64,1,278.512,40.0851,55.3714,92.46,59.97
223,64,1,278.549,40.064,55.3724,94.08,59.78
224,64,1,278.524,40.0776,55.3595,92.75,60.24
225,64,1,278.585,40.1139,55.3491,94.81,60.78
226,64,1,278.536,40.0977,55.336,91.27,57.61
227,64,1,66.1211,36.1149,80.2611,86.19,51.25
228,64,1,66.1557,35.9563,80.2802,85.34,53.83
229,64,1,66.241,36.0285,80.2116,87.86,53.46
230,64,1,66.3188,36.061,80.0217,91.71,53.44
231,64,1,66.2922,36.0205,80.0579,90.88,53.26
232,64,1,66.1982,36.0093,80.2517,85.88,54.68
233,64,1,66.2813,36.0003,80.2924,88.23,53.57
234,64,1,66.2836,35.999,80.2115,85.21,54.01
235,64,1,66.1676,35.9123,80.2826,87.85,54.42
236,64,1,66.243,36.0006,80.0796,93.4,54.17
237,64,1,66.2811,35.9985,80.2235,87.29,54.37
238,64,1,66.3304,35.9526,80.2601,90.61,53.93
239,64,1,66.2509,35.9933,80.1942,84.64,54.9
240,64,1,66.3723,35.8186,80.201,87.96,54.31
241,64,1,66.1284,35.9556,80.2858,90.36,54.03
242,64,1,66.1587,35.8112,80.2055,90.56,52.55
243,64,1,66.1888,36.0055,80.1382,92.65,52.72
244,64,1,66.2341,35.9739,80.2217,92.68,51.54
245,64,1,66.0711,35.9403,80.2846,85.49,53.23
246,64,1,66.0194,35.9574,80.3182,86.83,54.55
247,64,1,66.0202,35.9095,80.3021,89.13,54.22
248,64,1,66.2541,35.8275,80.2556,85.98,52.86
249,64,0,0,0,0,0,52.4
250,64,1,168.118,26.927,23.9338,95.75,55.29
251,64,1,168.103,26.8952,23.9221,93.18,57.1
252,64,1,168.139,26.8875,23.8484,93.84,57.57
253,64,1,168.203,26.9237,23.7445,92.8,45.94
254,64,0,0,0,0,0,36.64
255,64,0,0,0,0,0,34.54
0,65,0,0,0,0,0,54.05
1,65,0,0,0,0,0,37.48
2,65,0,0,0,0,0,37.52
3,65,0,0,0,0,0,56.77
4,65,1,131.383,33.3656,80.8921,91.25,41.76
5,65,1,131.365,33.3369,80.9066,91.83,54.95
6,65,1,131.332,33.2761,80.9412,92.94,55.79
7,65,1,131.25,33.3204,80.9903,92.18,56.02
8,65,1,131.258,33.2857,80.9708,94.33,55.75
9,65,1,131.277,33.2796,80.9676,90.46,56.36
10,65,1,131.552,33.0942,80.8187,85.46,56.82
11,65,1,131.374,33.2786,80.9256,93.23,56.76
12,65,1,131.364,33.2998,80.9273,95.6,57.11
13,65,1,131.403,33.2701,80.8833,93.77,55.96
14,65,1,131.324,33.3145,80.9176,91.09,56.76
15,65,1,131.335,33.2855,80.9394,92.17,56.05
16,65,1,131.319,33.3218,80.9515,92.9,57.33
17,65,1,131.391,33.2775,80.8854,92.41,57.87
18,65,1,131.238,33.3035,80.9586,92.72,57.7
19,65,1,131.342,33.3105,80.9175,92.54,56.63
20,65,1,131.391,33.2727,80.8741,92.7,56.59
21,65,1,131.361,33.2742,80.9078,91.17,56.87
22,65,1,131.393,33.2765,80.8654,92.69,56.87
23,65,1,131.516,33.244,80.7956,94.23,55.59
24,65,1,131.397,33.2462,80.8668,93.9,55.25
25,65,1,131.51,33.2697,80.8114,90.47,54.49
26,65,1,131.545,33.2761,80.7894,89.07,52.77
27,65,1,131.331,33.2683,80.8502,88.87,52.15
28,65,2,131.281,33.4469,80.3893,57.72,51.09
29,65,0,0,0,0,0,51.36
30,65,0,0,0,0,0,51.14
31,65,1,272.032,11.7007,75.8452,90.68,51.05
32,65,1,271.898,11.7334,76.027,92.69,52.8
33,65,1,271.811,11.7309,76.0418,92.04,52.77
34,65,1,271.752,11.7475,76.0993,93.34,54.29
35,65,1,271.837,11.7535,76.0833,92,53.64
36,65,1,271.725,11.7411,76.1449,92.3,54.91
37,65,1,271.818,11.7893,76.1089,95.54,55.22
38,65,1,271.836,11.7953,76.1809,91.7,53.59
39,65,1,271.931,11.7949,76.0767,93.71,53.59
40,65,0,0,0,0,0,52.11
41,65,0,0,0,0,0,54.98
42,65,1,274.108,48.8257,47.5326,93.93,59.01
43,65,1,274.133,48.8476,47.5406,93.5,59.27
44,65,1,274.226,48.8593,47.5519,91.06,61.08
45,65,1,274.152,48.8443,47.5191,95.8,60.51
46,65,1,274.138,48.8073,47.455,88.21,60.45
47,65,1,274.211,48.8086,47.472,89.98,60.7
48,65,1,274.116,48.9072,47.5741,89.78,60.51
49,65,1,274.143,48.8054,47.4799,90.41,60.39
50,65,1,274.218,48.8448,47.5557,96.58,60.62
51,65,1,274.143,48.8246,47.5599,88.35,60.68
52,65,1,274.09,48.824,47.5464,88.71,60.59
53,65,1,274.139,48.854,47.5536,96.03,61.08
54,65,1,274.117,48.8553,47.5395,95.99,61.12
55,65,1,274.112,48.84,47.5107,88.97,60.4
56,65,1,274.167,48.825,47.5271,89.19,60.71
57,65,1,274.15,48.8558,47.5712,88.89,60.55
58,65,1,274.18,48.8589,47.5545,97.16,60.51
59,65,1,274.071,48.8287,47.5729,88.68,61.3
60,65,1,274.147,48.8598,47.5443,88.25,61.02
61,65,1,274.169,48.8648,47.6036,87.4,60.63
62,65,1,274.258,48.8847,47.5927,95.38,61.8
63,65,1,274.115,48.865,47.5908,89.51,60.28
64,65,1,274.137,48.9049,47.5086,87.59,58.65
65,65,1,274.132,48.8995,47.456,93.54,58.31
66,65,0,0,0,0,0,57.49
67,65,0,0,0,0,0,56.14
68,65,0,0,0,0,0,56.42
69,65,0,0,0,0,0,56.23
70,65,0,0,0,0,0,56.07
71,65,1,355.633,11.87,24.4125,96.36,56.24
72,65,1,355.531,11.8443,24.644,96.76,57.38
73,65,1,355.709,11.8743,24.3777,94.9,55.81
74,65,1,128.158,39.4903,38.3802,87.75,54.01
75,65,1,128.101,39.4455,38.3593,95.76,55.7
76,65,1,128.09,39.4451,38.3479,95.33,55.4
77,65,1,128.21,39.3984,38.2934,95.32,55.39
78,65,1,128.24,39.4193,38.2802,95.72,54.89
79,65,1,128.151,39.4386,38.2807,95.13,55.43
80,65,1,128.204,39.4305,38.2862,94.18,55.79
81,65,1,128.167,39.4401,38.2843,95.71,55.77
82,65,1,128.101,39.4448,38.3127,92.61,55.87
83,65,1,128.187,39.4421,38.3121,95.65,56.22
84,65,1,128.155,39.4366,38.2834,95.05,56.41
85,65,1,128.154,39.4332,38.3016,97.06,55.93
86,65,1,128.262,39.4245,38.2512,95.96,55.38
87,65,0,0,0,0,0,54.6
88,65,1,355.529,11.9039,24.4817,96.11,57.24
89,65,1,355.388,11.8532,24.7622,94.03,57.45
90,65,1,355.49,11.9551,24.563,97.21,58.2
91,65,1,355.527,11.924,24.6057,98.44,58.49
92,65,1,355.43,11.8553,24.6803,95.52,59
93,65,1,355.412,11.9023,24.5621,96.23,57.77
94,65,1,355.31,11.8783,24.8012,95.64,58.3
95,65,1,355.08,11.8779,24.9988,93.99,58.41
96,65,1,355.28,11.8822,24.867,95.44,58.1
97,65,1,355.232,11.864,24.7577,95.59,58.27
98,65,1,355.314,11.898,24.7819,95.85,58.2
99,65,1,355.24,11.892,24.8451,93.38,58.07
100,65,1,355.301,11.8703,24.8338,92.91,58.56
101,65,1,355.343,11.8843,24.7002,96.41,57.45
102,65,0,0,0,0,0,56.2
103,65,1,274.11,48.9749,47.5481,86.8,59.39
104,65,1,273.987,48.9614,47.5872,93.47,59.67
105,65,1,274.116,48.9959,47.5209,94.65,59.8
106,65,1,274.038,48.9292,47.5254,95.98,60.47
107,65,1,274.031,48.9519,47.5461,86.59,59.22
108,65,1,274.081,48.9066,47.5013,88.82,60.53
109,65,1,274.075,48.9337,47.5081,88.33,60.44
110,65,1,274.04,48.9633,47.5903,93.66,59.83
111,65,1,274.106,48.9149,47.4397,89.8,60.4
112,65,1,273.957,48.8937,47.5947,85.9,60.62
113,65,1,274.077,48.9377,47.4861,87.94,60.49
114,65,1,274.115,48.9481,47.5245,86.77,59.9
115,65,1,274.039,48.9845,47.5519,85.42,59.77
116,65,1,274.001,48.8917,47.5067,85.38,60.04
117,65,1,274.082,48.9493,47.5325,88.39,60.52
118,65,1,274.087,48.9369,47.564,90.88,60.85
119,65,1,274.103,48.9536,47.5312,89.08,61.1
120,65,1,273.969,48.9005,47.5413,89.82,60.79
121,65,1,274.087,48.9699,47.5503,89.22,60.69
122,65,1,274.027,49.0051,47.5919,84.5,60.11
123,65,1,273.975,48.9525,47.6088,93.5,59.99
124,65,1,274.033,48.9748,47.5164,93.61,59.39
125,65,1,274.056,48.9666,47.4515,92.95,56.15
126,65,0,0,0,0,0,57.12
127,65,0,0,0,0,0,56.38
128,65,0,0,0,0,0,56.32
129,65,1,354.954,11.9913,25.1511,95.34,57.3
130,65,1,355.208,11.8705,24.8977,95.15,57.94
131,65,1,355.011,11.8833,25.101,95.58,57.24
132,65,1,355.077,11.8692,24.897,95.21,58.85
133,65,1,355.288,11.8659,24.7813,95.79,59.03
134,65,1,355.013,11.8615,25.0678,94.23,58.31
135,65,1,355.161,11.8811,24.8505,97.26,59.31
136,65,1,354.852,11.8405,25.3058,94.67,59.15
137,65,1,355.176,11.9799,24.952,95.68,58.52
138,65,1,355.035,11.9367,24.9261,94.09,58.28
139,65,1,354.96,11.8965,25.115,94.51,58.9
140,65,1,355.062,11.8711,25.0142,96.67,58.59
141,65,1,354.872,11.8965,25.1385,95.46,58.44
142,65,1,354.908,11.8925,25.1323,95.52,59.19
143,65,1,354.976,11.8897,24.9776,94.52,58.72
144,65,1,354.704,11.9261,25.49,94.23,59.42
145,65,1,354.952,11.9071,25.092,95.2,58.71
146,65,1,354.754,11.919,25.2611,95.6,58.25
147,65,1,354.807,11.9184,25.2638,94.98,58.21
148,65,1,354.742,11.8825,25.2721,95.62,59.26
149,65,1,355.023,11.9528,25.0392,95.58,59.55
150,65,1,354.898,11.8852,25.1454,95.13,59.28
151,65,1,354.927,11.9575,25.0682,97.05,59.12
152,65,1,354.949,12.056,25.1022,95.41,57.67
153,65,1,354.581,11.9459,25.5548,93.85,56.11
154,65,0,0,0,0,0,55.09
155,65,1,236.785,41.7009,12.4023,88.81,53.11
156,65,1,236.76,41.6659,12.3196,90.54,52.96
157,65,1,236.852,41.6947,12.3217,94.49,53.68
158,65,1,236.753,41.6768,12.3727,94.02,55.18
159,65,1,236.859,41.718,12.2483,92.52,53.65
160,65,1,236.917,41.6865,12.3208,91.46,55.36
161,65,1,236.766,41.6842,12.3524,94.37,53.48
162,65,1,236.817,41.725,12.2432,93.75,55.16
163,65,1,236.844,41.6977,12.327,95.48,54.01
164,65,1,236.776,41.7247,12.2884,93.58,55.05
165,65,1,236.809,41.6932,12.3333,91.42,54.28
166,65,1,236.755,41.6909,12.3305,93.56,54.3
167,65,1,236.827,41.6968,12.3325,94.76,54.02
168,65,1,236.86,41.7264,12.3158,94.33,54.55
169,65,1,236.827,41.723,12.2408,92.92,54.26
170,65,1,236.783,41.6963,12.3408,94.28,54.23
171,65,1,236.743,41.7181,12.3722,91.42,54.96
172,65,1,236.788,41.7294,12.3216,93.58,54.49
173,65,1,236.867,41.7302,12.3406,95.3,55.27
174,65,1,236.801,41.7293,12.3355,93.41,55.61
175,65,1,236.785,41.7271,12.3028,92.63,54.35
176,65,1,236.773,41.7154,12.355,94.01,54.97
177,65,1,236.814,41.7277,12.334,93.05,55.1
178,65,1,236.759,41.7491,12.3185,91.79,54.76
179,65,0,0,0,0,0,52.58
180,65,1,278.675,40.0407,55.2869,86.58,56.75
181,65,1,278.569,40.017,55.3267,92.39,58.77
182,65,1,278.527,39.9936,55.3419,92.13,58.21
183,65,1,278.499,39.9888,55.3437,94.29,60.26
184,65,1,278.557,40.0059,55.346,92.82,59.33
185,65,1,278.644,40.0111,55.3521,95.44,59.11
186,65,1,278.594,40.0066,55.346,92.18,59.5
187,65,1,278.509,39.9684,55.3621,93.62,59.61
188,65,1,278.488,40.0041,55.3626,90.85,59.93
189,65,1,278.522,39.9848,55.3875,93.78,60.17
190,65,1,278.597,39.9796,55.3635,93.57,60.16
191,65,1,278.559,39.9706,55.3685,95.23,59.83
192,65,1,278.494,39.9527,55.3392,93.33,60.11
193,65,1,278.589,40.0172,55.3843,92.9,59.67
194,65,1,278.531,39.9925,55.3726,92.89,60.19
195,65,1,278.495,40.0028,55.3927,91.86,59.68
196,65,1,278.547,40.0307,55.3481,94.29,58.9
197,65,1,278.628,40.0437,55.3371,94.08,60.42
198,65,1,278.532,39.9897,55.3487,93.27,60.04
199,65,1,278.612,40.0921,55.3675,94.37,58.51
200,65,1,278.477,40.0062,55.3909,92.03,59.93
201,65,1,278.523,40.0409,55.3905,92.63,60.11
202,65,1,278.5,40.006,55.4095,92.53,60.36
203,65,1,278.581,40.071,55.3897,94.41,60.01
204,65,1,278.506,40.0719,55.4069,93.09,59.39
205,65,1,278.521,40.0579,55.3878,94.99,60.29
206,65,1,278.518,40.0621,55.3723,91.54,59.38
207,65,1,278.5,40.0386,55.3571,93.05,59.3
208,65,1,278.567,40.0549,55.3845,93.13,59.59
209,65,1,278.47,40.0468,55.3689,92.96,58.55
210,65,1,278.479,40.0538,55.3775,91.5,59.64
211,65,1,278.488,40.0615,55.3874,91.68,60.13
212,65,1,278.547,40.0439,55.3818,92.97,59.88
213,65,1,278.545,40.0505,55.3576,91.96,60.87
214,65,1,278.529,40.0607,55.3758,93.53,60.58
215,65,1,278.55,40.0733,55.3596,93.04,60.64
216,65,1,278.536,40.0842,55.3512,94.8,59.8
217,65,1,278.496,40.0651,55.375,91.19,59.82
218,65,1,278.488,40.0647,55.3853,91.73,59.19
219,65,1,278.656,40.1371,55.4513,94.61,61.24
220,65,1,278.471,40.0429,55.3858,91.31,60.22
221,65,1,278.648,40.1155,55.4203,93.12,60.86
222,65,1,278.536,40.1081,55.3788,91.25,60.36
223,65,1,278.512,40.0749,55.4,90.12,59.3
224,65,1,278.59,40.065,55.3659,92.38,60.82
225,65,1,278.517,40.0599,55.3434,92.72,60.62
226,65,1,278.584,40.1457,55.3753,93.42,57.18
227,65,1,66.3402,35.9922,80.2899,79.93,51.59
228,65,1,66.2964,36.0011,80.1899,87.7,53.77
229,65,1,66.2579,35.979,80.1888,87.43,52.84
230,65,1,66.13,36.0112,80.2603,90.27,53.59
231,65,1,66.2304,36.0006,80.2128,87.56,54.22
232,65,1,66.2908,36.0025,80.2274,88.51,54.27
233,65,1,66.0643,35.966,80.3018,86.96,53.76
234,65,1,66.1879,35.9612,80.2584,84.89,54.11
235,65,1,66.2101,35.9525,80.251,86.49,53.56
236,65,1,66.3089,36.0211,80.1679,91.71,54.65
237,65,1,66.2067,35.9671,80.2736,87.37,55
238,65,1,66.092,35.9729,80.2433,90.32,54.12
239,65,1,66.2036,35.94,80.2633,85.87,54.12
240,65,1,66.2882,35.974,80.2303,90.33,54.08
241,65,1,66.2914,35.9684,80.2252,86.88,54.19
242,65,1,66.1203,35.911,80.2836,88.62,53.79
243,65,1,66.2904,35.9841,80.251,90.88,53.93
244,65,1,66.2732,35.9757,80.2062,88.12,53.12
245,65,1,66.1742,36.0061,80.1969,87.72,54.06
246,65,1,66.2779,35.9368,80.233,87.41,54.76
247,65,1,66.0593,35.7267,80.4259,88.47,54.64
248,65,1,66.3071,35.9421,80.0949,91.7,54.56
249,65,1,66.4574,35.8711,80.0833,88.48,54.79
250,65,0,0,0,0,0,53.06
251,65,1,168.157,26.9242,23.9053,93.73,55.23
252,65,1,168.05,26.9033,23.9547,90.22,53.07
253,65,0,0,0,0,0,40.24
254,65,0,0,0,0,0,35.33
255,65,0,0,0,0,0,35.41
0,66,0,0,0,0,0,52.59
1,66,0,0,0,0,0,37.19
2,66,0,0,0,0,0,38.07
3,66,0,0,0,0,0,55.73
4,66,1,131.259,33.365,80.9787,88.88,42.46
5,66,1,131.203,33.3073,81.0018,93.41,54.36
6,66,1,131.332,33.3607,81.0604,91.52,55.15
7,66,1,131.284,33.3573,81.0457,93.77,55.91
8,66,1,131.483,33.307,80.837,94.53,55.69
9,66,1,131.314,33.2948,80.9464,92.52,55.09
10,66,1,131.242,33.3081,80.9829,92.66,55.66
11,66,1,131.426,33.2871,80.8806,92.22,55.09
12,66,1,131.388,33.2677,80.9124,91.03,55.25
13,66,1,131.561,33.2773,80.8447,91.69,55
14,66,1,131.414,33.2636,80.8663,93.67,55.69
15,66,1,131.354,33.2779,80.9106,92.11,55.48
16,66,1,131.431,33.2667,80.8642,91.75,54.56
17,66,1,131.423,33.2841,80.8346,92.92,55.68
18,66,1,131.326,33.2894,80.9,93.79,55.13
19,66,1,131.391,33.2891,80.8974,92.28,56.41
20,66,1,131.448,33.2972,80.8563,94.64,56.32
21,66,1,131.419,33.2546,80.8647,92.56,55.58
22,66,1,131.476,33.2574,80.8294,90.15,55.68
23,66,1,131.596,33.2691,80.7937,89.98,52.96
24,66,0,0,0,0,0,51.63
25,66,2,131.275,33.4592,80.4032,55.71,51.43
26,66,0,0,0,0,0,50.32
27,66,1,271.779,11.6402,76.0505,80.67,50.2
28,66,1,271.859,11.6901,76.0038,88.95,51.69
29,66,1,271.932,11.7292,75.9566,91.18,51.99
30,66,1,271.776,11.7204,76.1358,92.87,52.25
31,66,1,271.761,11.728,76.1306,92.66,54.1
32,66,1,271.706,11.7145,76.1712,92.55,54.2
33,66,1,271.672,11.686,76.2372,91.48,54.3
34,66,1,271.582,11.7308,76.2559,91.58,55.12
35,66,1,271.731,11.7572,76.1215,91.85,54.74
36,66,1,271.746,11.763,76.1727,91.39,55.1
37,66,1,271.729,11.7615,76.2472,93.66,54.91
38,66,1,271.689,11.8139,76.1723,92.39,55.04
39,66,1,271.708,11.7555,76.1946,92.26,53.81
40,66,1,271.783,11.7514,76.0826,90.58,53.61
41,66,0,0,0,0,0,52.24
42,66,0,0,0,0,0,55.49
43,66,1,274.044,48.7655,47.4823,89.21,59.24
44,66,1,274.16,48.8142,47.5388,89.45,60.69
45,66,1,274.187,48.8342,47.5547,89.01,60.69
46,66,1,274.126,48.8107,47.5582,89.77,60.28
47,66,1,274.173,48.8534,47.5399,90.33,60.09
48,66,1,274.15,48.8613,47.5355,94.69,59.71
49,66,1,274.242,48.8263,47.5096,87.42,60.98
50,66,1,274.239,48.8808,47.5581,87.22,61.27
51,66,1,274.178,48.8811,47.463,94.62,60.32
52,66,1,274.106,48.8233,47.5533,89.32,61.31
53,66,1,274.155,48.8853,47.5362,94.73,60.62
54,66,1,274.181,48.8488,47.5603,88.58,60.53
55,66,1,274.098,48.8275,47.5511,96.42,60.3
56,66,1,274.156,48.9079,47.5557,88.3,60.75
57,66,1,274.189,48.8595,47.5758,88.91,61.61
58,66,1,274.097,48.8735,47.5277,95.66,60.31
59,66,1,274.155,48.8667,47.5622,90.32,60.74
60,66,1,274.055,48.9192,47.5927,88.14,60.16
61,66,1,274.185,48.8886,47.5738,89.06,60.93
62,66,1,274.116,48.8017,47.4878,87.96,60.61
63,66,1,274.099,48.8463,47.5434,95.39,61.13
64,66,1,274.271,48.9048,47.4483,96.44,60.25
65,66,1,274.126,48.8725,47.5691,89.12,60.38
66,66,1,274.151,48.8785,47.4651,86.9,59.42
67,66,1,274.194,48.9312,47.4873,94.26,58.35
68,66,1,274.136,48.9137,47.4709,93.75,57.71
69,66,1,274.09,48.9191,47.4822,94.91,56.7
70,66,0,0,0,0,0,57.82
71,66,0,0,0,0,0,57.33
72,66,0,0,0,0,0,56.9
73,66,0,0,0,0,0,53.69
74,66,1,127.979,39.523,38.3876,93.75,52.93
75,66,1,127.912,39.4449,38.4835,92.83,53.28
76,66,1,128.052,39.463,38.3561,94.41,54.98
77,66,1,128.156,39.449,38.3059,96.28,55.82
78,66,1,128.187,39.4152,38.2777,94.56,56.25
79,66,1,128.147,39.4468,38.2897,96.32,55.32
80,66,1,128.167,39.4537,38.2912,95.69,56.81
81,66,1,128.16,39.4389,38.3234,97.56,55.79
82,66,1,128.161,39.4476,38.2977,94.63,55.67
83,66,1,127.991,39.4547,38.3977,94.48,55.43
84,66,1,128.107,39.443,38.2963,96.59,55.96
85,66,1,128.192,39.4147,38.264,94.65,55.66
86,66,1,128.087,39.4665,38.326,87.42,53.66
87,66,0,0,0,0,0,54.8
88,66,1,355.583,11.8806,24.5069,94.79,57.9
89,66,1,355.564,11.878,24.425,96.35,57.98
90,66,1,355.302,11.8734,24.7216,96.08,57.58
91,66,1,355.345,11.8913,24.7626,95.16,57.63
92,66,1,355.459,11.8653,24.5377,95.64,58.56
93,66,1,355.322,11.8925,24.7361,95.66,58.42
94,66,1,355.358,11.8722,24.741,95.47,59.12
95,66,1,355.468,11.8561,24.5708,94.65,58.93
96,66,1,355.42,11.8619,24.6649,96.23,58.91
97,66,1,355.182,11.9123,24.9903,95.33,58.66
98,66,1,355.456,11.8828,24.5812,95.51,58.5
99,66,1,355.346,11.9592,24.7626,94.44,58.35
100,66,1,355.438,11.8787,24.5628,96.8,58.6
101,66,1,355.128,11.9028,24.9186,96.12,56.72
102,66,0,0,0,0,0,57.26
103,66,1,274.074,48.9265,47.5791,86.95,59.33
104,66,1,274.178,48.8948,47.5608,87.98,60.89
105,66,1,274.15,48.9602,47.5563,88.97,60.59
106,66,1,273.918,48.9066,47.5834,88.8,60.41
107,66,1,274.104,48.9514,47.5523,95.6,60.85
108,66,1,274.153,48.9665,47.5154,88.51,60.67
109,66,1,274.008,48.9602,47.5839,93.5,59.6
110,66,1,274.034,48.9267,47.5955,95.34,60.57
111,66,1,274.004,48.941,47.5992,93.18,60.33
112,66,1,273.971,48.8906,47.5749,88.12,60.36
113,66,1,274.032,48.9077,47.5361,95.6,60.52
114,66,1,274.004,48.8883,47.5715,87.66,59.82
115,66,1,274.032,48.9115,47.503,87.41,60.08
116,66,1,274.046,48.9343,47.5062,88.36,60.07
117,66,1,274.082,48.9861,47.5617,88.47,60.94
118,66,1,273.961,48.9653,47.6037,95.08,59.94
119,66,1,274.105,48.9801,47.607,88.54,60.86
120,66,1,274.081,48.9667,47.6128,90.78,61.04
121,66,1,273.971,48.9026,47.5378,89.07,60.45
122,66,1,274.052,48.9335,47.5284,88.41,60.31
123,66,1,274.009,48.9971,47.5676,93.52,60.22
124,66,1,274.044,48.9318,47.5939,96.5,60.74
125,66,1,274.013,48.9663,47.6011,93.46,59.3
126,66,1,274.073,49.0025,47.5273,93.66,58.72
127,66,1,274.003,48.9782,47.506,93.32,57.4
128,66,0,0,0,0,0,57.34
129,66,0,0,0,0,0,57
130,66,0,0,0,0,0,56.81
131,66,1,355.158,11.8642,24.9461,96.71,56.54
132,66,1,355.127,11.8811,24.9405,95.56,56.79
133,66,1,354.97,11.885,25.0863,95.16,57.64
134,66,1,355.24,11.9957,24.837,94.3,58.56
135,66,1,355.303,11.8589,24.8367,96.14,59.39
136,66,1,354.906,11.8926,25.1129,96.38,57.85
137,66,1,355.05,11.9661,25.0657,96.29,58.75
138,66,1,354.895,11.8599,25.1349,93.44,58.52
139,66,1,354.87,11.8776,25.2067,95.75,57.91
140,66,1,355.032,11.885,25.0615,94.62,58.24
141,66,1,355.018,11.8826,25.0363,95.06,59.17
142,66,1,355.09,11.8758,24.9444,94.96,59.34
143,66,1,355.096,11.9497,24.852,95.06,58.69
144,66,1,355.191,11.9207,24.8058,95.4,58.39
145,66,1,354.893,11.8804,25.2169,95.67,58.66
146,66,1,355.181,11.9477,24.8472,95.67,58.65
147,66,1,355.131,11.8691,24.9589,95.08,59.16
148,66,1,354.854,11.8911,25.11,95.88,58.13
149,66,1,354.973,11.9174,24.9937,94.34,58.01
150,66,1,354.994,11.8685,25.0841,93.04,58.14
151,66,1,355.009,11.9863,25.0608,94.64,58.58
152,66,1,354.941,11.9772,25.1829,95.81,57.95
153,66,1,354.753,11.917,25.3006,96.96,58.95
154,66,1,354.561,11.9488,25.5913,95.36,56.95
155,66,0,0,0,0,0,54.65
156,66,1,236.842,41.698,12.2705,84.13,53.63
157,66,1,236.803,41.6923,12.3298,93.2,53.56
158,66,1,236.825,41.6655,12.3617,93.64,54.66
159,66,1,236.851,41.7063,12.2574,94.73,55.43
160,66,1,236.896,41.6849,12.3471,94.14,54.41
161,66,1,236.848,41.6977,12.2713,96.14,55.33
162,66,1,236.76,41.711,12.3765,92.47,54.55
163,66,1,236.775,41.6933,12.3203,95.36,54.38
164,66,1,236.9,41.7173,12.251,92.39,54.57
165,66,1,236.858,41.6856,12.2978,93.71,54.76
166,66,1,236.903,41.7286,12.255,93.81,55.12
167,66,1,236.916,41.715,12.3361,93.57,54.32
168,66,1,236.734,41.7082,12.3605,92.96,54.76
169,66,1,236.724,41.698,12.3807,93.41,54.91
170,66,1,236.807,41.7567,12.2846,95.69,55.03
171,66,1,236.856,41.7344,12.3294,91.38,55.05
172,66,1,236.8,41.7208,12.3088,94.23,54.7
173,66,1,236.8,41.7342,12.3635,94.54,54.71
174,66,1,236.803,41.7235,12.2467,93.9,54.93
175,66,1,236.714,41.709,12.35,94.05,55.53
176,66,1,236.831,41.6844,12.336,94.41,54.85
177,66,1,236.776,41.7333,12.2988,93.82,54.07
178,66,1,236.707,41.7519,12.3658,85.45,53.05
179,66,1,278.577,40.0357,55.2325,86.43,56.21
180,66,1,278.555,39.995,55.3058,94.2,58.7
181,66,1,278.533,39.9907,55.3349,94.01,58.64
182,66,1,278.536,40.0297,55.3675,94.97,59.33
183,66,1,278.504,39.9919,55.3454,91.67,59.71
184,66,1,278.614,40.0128,55.3428,92.61,58.84
185,66,1,278.492,39.9423,55.3447,93.22,60.44
186,66,1,278.578,39.965,55.3697,93.49,59.92
187,66,1,278.517,39.9996,55.3756,93.31,58.88
188,66,1,278.495,39.9578,55.3847,93.67,59.93
189,66,1,278.566,39.9768,55.3808,94.05,60.13
190,66,1,278.559,40.0071,55.367,92.28,59.69
191,66,1,278.573,40.0273,55.3411,93.11,59.11
192,66,1,278.607,40.0398,55.3648,94.63,60.65
193,66,1,278.553,39.9951,55.3676,94.72,60.26
194,66,1,278.624,40.0643,55.36,94.96,60.21
195,66,1,278.556,40.0288,55.3819,93.1,60.52
196,66,1,278.583,39.9978,55.3754,93.61,59.94
197,66,1,278.586,40.0165,55.3643,92.93,60.49
198,66,1,278.516,39.9952,55.3678,94.46,59.57
199,66,1,278.528,40.0411,55.369,93.21,59.69
200,66,1,278.664,40.0797,55.4273,91.74,60.88
201,66,1,278.522,40.0104,55.4024,95.21,61.05
202,66,1,278.599,40.047,55.3786,91.03,60.23
203,66,1,278.537,40.0506,55.4172,92.5,59.89
204,66,1,278.517,40.0571,55.4175,94.19,60.17
205,66,1,278.529,40.0489,55.38,95.37,60.56
206,66,1,278.506,40.0353,55.3906,94.78,59.75
207,66,1,278.488,40.0361,55.3721,92.82,59.75
208,66,1,278.568,40.048,55.4018,91.64,60.07
209,66,1,278.506,40.0319,55.3921,93.28,59.89
210,66,1,278.468,40.0035,55.3794,94.46,59.58
211,66,1,278.564,40.028,55.3654,92.74,59.81
212,66,1,278.518,40.0254,55.354,93.37,60.24
213,66,1,278.512,40.0163,55.3647,94.78,60.34
214,66,1,278.551,40.1054,55.3957,94.94,60.8
215,66,1,278.45,40.063,55.3869,88.93,59.68
216,66,1,278.556,40.0505,55.3617,94.76,60.46
217,66,1,278.489,40.0841,55.3771,93.63,59.77
218,66,1,278.511,40.0618,55.3993,93.52,59.48
219,66,1,278.572,40.0492,55.371,93.21,60.13
220,66,1,278.614,40.0921,55.4081,94.24,60.54
221,66,1,278.574,40.0668,55.3626,93.37,60.59
222,66,1,278.511,40.0308,55.3613,92.91,60.34
223,66,1,278.681,40.1185,55.3393,88.69,60.75
224,66,1,278.47,40.0551,55.3581,92.77,60.48
225,66,1,278.481,40.0445,55.3721,95.44,61.19
226,66,1,278.618,40.1676,55.3578,93.28,58.72
227,66,1,66.2803,36.0793,80.1595,81.22,51.95
228,66,1,66.257,35.9644,80.3057,87.37,52.9
229,66,1,66.1209,36.0252,80.315,89.33,54.3
230,66,1,66.1754,36.0103,80.296,89.98,53.55
231,66,1,66.2571,35.9954,80.1732,91.39,53.57
232,66,1,66.3021,35.9444,80.2195,89.23,52.17
233,66,1,66.1673,35.9669,80.2657,87.97,53.71
234,66,1,66.2239,35.9838,80.2605,89.33,54.15
235,66,1,66.0311,35.9582,80.3382,85,53.95
236,66,1,66.275,35.932,80.2466,86.62,52.95
237,66,1,66.1945,35.9303,80.2192,86.12,54.75
238,66,1,66.181,36.0039,80.2625,89.63,53.75
239,66,1,66.2713,35.9954,80.1229,90.95,54.16
240,66,1,66.1033,35.9945,80.2733,90.96,53.79
241,66,1,66.2199,35.974,80.0975,92.02,54.27
242,66,1,66.2095,35.9592,80.2685,86.4,53.67
243,66,1,66.1911,35.9242,80.27,87.34,54.31
244,66,1,66.1823,35.9947,80.1892,90.3,54.09
245,66,1,66.2571,35.9396,80.2511,86.1,53.84
246,66,1,66.2265,35.9142,80.3009,87.58,54.62
247,66,1,66.2204,35.8355,80.1702,88.41,54.76
248,66,1,66.1333,35.9588,80.2685,89.98,53.37
249,66,1,66.0232,35.7671,80.3861,85.94,54.07
250,66,1,66.1602,35.977,80.3006,89.22,52.68
251,66,1,66.1293,35.979,80.1918,84.41,50.83
252,66,1,168.189,26.946,23.8465,84.48,49.81
253,66,0,0,0,0,0,38.33
254,66,0,0,0,0,0,35.19
255,66,0,0,0,0,0,35.69
0,67,0,0,0,0,0,36.05
1,67,0,0,0,0,0,37.24
2,67,0,0,0,0,0,37.24
3,67,0,0,0,0,0,36.5
4,67,1,131.438,33.4551,80.8005,79.55,39.85
5,67,1,131.147,33.3331,81.0178,92.58,52.63
6,67,1,131.466,33.2985,80.8797,90.87,54.05
7,67,1,131.311,33.2548,80.9145,92.18,52.67
8,67,1,131.3,33.2828,80.9302,83.52,52.53
9,67,2,131.163,33.4797,80.4764,58.17,51.72
10,67,2,131.271,33.4445,80.4346,59.05,51.67
11,67,2,131.242,33.4648,80.4209,57.58,51.69
12,67,2,131.27,33.4351,80.4015,59.88,52.53
13,67,1,131.323,33.3134,80.8766,82.08,51.61
14,67,0,0,0,0,0,50.43
15,67,0,0,0,0,0,52.55
16,67,2,131.286,33.4557,80.4171,57.98,51.7
17,67,1,131.197,33.3114,80.9726,82.89,52.8
18,67,2,131.177,33.4565,80.4472,57.85,51.33
19,67,0,0,0,0,0,52.16
20,67,1,131.492,33.3079,80.7357,82.01,52.49
21,67,2,131.068,33.3994,80.6434,60.48,52.11
22,67,2,131.318,33.4112,80.3549,57.47,51.82
23,67,1,272.271,11.6363,75.5359,80.69,51.17
24,67,1,271.855,11.668,75.9927,81.6,51.05
25,67,1,271.964,11.6939,75.9157,93.17,52.08
26,67,1,271.744,11.6145,76.1246,93.07,52.29
27,67,1,271.854,11.7038,76.0246,94.84,53.28
28,67,1,271.703,11.7982,76.2474,94.38,55.73
29,67,1,271.791,11.7125,76.0853,93.23,53.65
30,67,1,271.74,11.7349,76.1546,90.87,54.59
31,67,1,271.76,11.7452,76.1524,94.19,54.97
32,67,1,271.674,11.7329,76.1797,92.3,54.19
33,67,1,271.8,11.8086,76.0276,92.44,54.53
34,67,1,271.61,11.7409,76.2147,92.79,54.66
35,67,1,271.926,11.7767,75.8966,91.84,55.15
36,67,1,271.664,11.8146,76.3354,93.68,54.39
37,67,1,271.731,11.7427,76.1193,92.83,54.9
38,67,1,271.745,11.7771,76.1669,92.64,54.67
39,67,1,271.597,11.7714,76.2796,85.8,55.6
40,67,1,271.62,11.7589,76.2442,95.53,55.62
41,67,1,271.838,11.7511,75.9708,92.6,54.2
42,67,0,0,0,0,0,51.87
43,67,0,0,0,0,0,54.05
44,67,1,274.146,48.8408,47.507,86.19,58.96
45,67,1,274.186,48.8373,47.4978,89.99,59.78
46,67,1,274.262,48.8761,47.5561,89.39,60.63
47,67,1,274.091,48.8332,47.4898,88.21,60.66
48,67,1,274.147,48.85,47.5254,89.79,61.37
49,67,1,274.144,48.8155,47.5341,89.27,60.35
50,67,1,274.121,48.8261,47.5442,96.14,61.9
51,67,1,274.155,48.8578,47.5604,89.45,60.41
52,67,1,274.162,48.781,47.6022,89.41,60.48
53,67,1,274.124,48.8407,47.5527,89.31,60.64
54,67,1,274.173,48.8422,47.5431,97.4,60.3
55,67,1,274.188,48.8562,47.5193,89.94,60.47
56,67,1,274.168,48.8457,47.5257,91.05,60.35
57,67,1,274.049,48.9113,47.6047,87.61,60.78
58,67,1,274.095,48.91,47.5839,95.98,59.74
59,67,1,274.226,48.9297,47.5204,88.23,60.63
60,67,1,274.224,48.8552,47.5593,88.09,61.06
61,67,1,274.103,48.8516,47.5794,89.36,59.77
62,67,1,274.129,48.8669,47.57,88.87,60.68
63,67,1,274.117,48.8842,47.5825,95.97,60.44
64,67,1,274.111,48.9396,47.5972,90.01,60.26
65,67,1,274.127,48.8786,47.57,95.82,60.59
66,67,1,274.136,48.8452,47.4524,89.36,60.57
67,67,1,274.102,48.8877,47.5729,88.77,60.57
68,67,1,274.057,48.9439,47.6217,95.65,60.28
69,67,1,274.144,48.8823,47.5508,90.27,60.01
70,67,1,274.088,48.8874,47.5579,93.01,59.55
71,67,1,274.163,48.9393,47.4758,93.87,58.59
72,67,1,274.185,48.9284,47.4378,86.92,57.42
73,67,1,274.187,48.9056,47.4461,84.45,55.28
74,67,0,0,0,0,0,55.9
75,67,0,0,0,0,0,54.46
76,67,0,0,0,0,0,54.36
77,67,1,128.065,39.5076,38.3262,87.97,54.2
78,67,1,128.226,39.4428,38.2266,93.72,55.22
79,67,1,128.067,39.4988,38.2981,95.88,55.6
80,67,1,128.104,39.4813,38.2919,96.79,55.86
81,67,1,128.141,39.4642,38.2772,95.8,55.24
82,67,1,128.195,39.4265,38.269,94.86,56.42
83,67,1,128.241,39.4403,38.2582,96.73,55.69
84,67,1,128.179,39.4175,38.2864,95.65,55.09
85,67,1,128.128,39.3996,38.3666,93.81,55.29
86,67,0,0,0,0,0,53.27
87,67,1,355.74,11.8752,24.2847,89.1,56.13
88,67,1,355.585,11.866,24.5174,96.58,57.5
89,67,1,355.51,11.8666,24.5858,95.21,57.54
90,67,1,355.465,11.9178,24.5776,96.43,58.91
91,67,1,355.415,11.9152,24.5483,94.74,58.23
92,67,1,355.323,11.9083,24.7311,95.46,57.93
93,67,1,355.345,11.8745,24.6955,96.69,58.63
94,67,1,355.423,11.8606,24.6786,95.29,59.18
95,67,1,355.252,11.8827,24.8117,95.18,58.33
96,67,1,355.265,11.844,24.8674,93.72,57.67
97,67,1,355.234,11.8724,24.8756,95.81,58.23
98,67,1,355.332,11.8652,24.7853,93.02,58.56
99,67,1,355.209,11.8991,24.8576,95.57,57.72
100,67,1,355.254,11.8839,24.7533,96.51,58.52
101,67,1,355.357,11.9044,24.7179,95.26,57.37
102,67,1,274.088,48.9824,47.4884,92.26,57.79
103,67,1,274.094,48.9402,47.5524,90.07,60.13
104,67,1,274.046,48.9537,47.5792,96,60.11
105,67,1,273.988,48.9697,47.6087,93.12,58.85
106,67,1,274.09,48.9481,47.5125,93.53,59.84
107,67,1,274.083,48.9249,47.5487,96.42,60.36
108,67,1,274.028,48.9644,47.5202,88.69,60.81
109,67,1,274.06,48.9447,47.5349,88.83,60.75
110,67,1,274.152,48.9283,47.529,87.57,60.71
111,67,1,273.996,48.9585,47.5698,93.55,60.77
112,67,1,274.069,48.9397,47.5143,88.68,60.58
113,67,1,274.048,48.9737,47.6018,93.5,60.12
114,67,1,274.007,48.928,47.5679,89.81,60.82
115,67,1,274.058,48.9063,47.5518,85.16,60.48
116,67,1,274.052,48.9802,47.625,89.01,60.45
117,67,1,274.094,48.9784,47.6212,87.85,60.97
118,67,1,274.016,48.9514,47.6058,88.11,60.41
119,67,1,274.041,48.947,47.5833,89.82,60.2
120,67,1,274.022,48.9829,47.6081,92.69,60
121,67,1,274.069,48.9429,47.5312,87.23,60.65
122,67,1,274.091,48.939,47.5725,94.66,60.18
123,67,1,274.154,48.9669,47.5815,89.88,61.57
124,67,1,274.042,48.9352,47.5237,87.51,60.08
125,67,1,274.071,48.9368,47.5519,87.6,59.91
126,67,1,273.971,48.9644,47.6084,93.51,59.91
127,67,1,274.08,48.9571,47.6179,89.54,60.56
128,67,1,274.049,48.9893,47.5672,86.44,59.19
129,67,1,274.029,49.0014,47.5384,94.25,59
130,67,1,274.047,48.9738,47.4905,88.34,57.26
131,67,0,0,0,0,0,58.24
132,67,0,0,0,0,0,56.77
133,67,0,0,0,0,0,57.14
134,67,1,354.927,11.8797,25.2017,94.97,56.84
135,67,1,354.767,11.9281,25.3436,94.77,57.81
136,67,1,354.929,11.8875,25.1438,94.61,57.89
137,67,1,354.919,11.8947,25.1362,94.21,58.07
138,67,1,355.059,11.9112,24.9399,94.51,58.97
139,67,1,354.864,11.8643,25.1933,95.71,58.22
140,67,1,355.008,11.921,24.9922,95.28,58.84
141,67,1,354.868,11.8833,25.2028,94.34,58.63
142,67,1,355.185,11.9833,24.8387,96.29,59.03
143,67,1,354.989,11.8539,25.1237,96.64,58.65
144,67,1,354.663,11.8891,25.4229,95.71,58.43
145,67,1,355.148,11.8916,24.8775,96.37,58.92
146,67,1,354.951,11.8659,25.1546,94.89,58.24
147,67,1,354.967,11.8906,25.094,95.31,58.87
148,67,1,355.022,11.8644,25.0209,94.19,58.93
149,67,1,354.969,11.9401,25.1132,93.78,58.26
150,67,1,354.954,11.9917,24.9699,94.52,58.3
151,67,1,355.016,11.9972,25.0367,94.35,58.54
152,67,1,354.858,11.9594,25.1885,95.72,58.44
153,67,1,354.876,11.8764,25.213,95.11,58.93
154,67,1,354.925,11.988,25.1693,95.25,59.04
155,67,1,354.845,11.9228,25.2232,95.65,56.88
156,67,1,354.487,11.9882,25.5788,97.39,56.23
157,67,0,0,0,0,0,54.06
158,67,1,236.863,41.6762,12.353,86.41,52.62
159,67,1,236.851,41.7027,12.3502,93.79,54
160,67,1,236.889,41.7003,12.314,93.43,53.91
161,67,1,236.802,41.7076,12.2778,93.8,53.77
162,67,1,236.846,41.7179,12.3103,93.07,54.11
163,67,1,236.809,41.6949,12.3323,96.02,54.77
164,67,1,236.747,41.6958,12.3134,94.45,54.25
165,67,1,236.77,41.7216,12.3482,94.06,53.92
166,67,1,236.675,41.6813,12.3742,94.11,54.9
167,67,1,236.89,41.7121,12.3488,95.01,54.62
168,67,1,236.745,41.7069,12.3732,92.71,54.91
169,67,1,236.808,41.6829,12.3249,95.3,53.93
170,67,1,236.777,41.7227,12.3111,93.78,55.2
171,67,1,236.745,41.6929,12.3789,92.57,54.53
172,67,1,236.753,41.6897,12.3763,91.25,55.64
173,67,1,236.721,41.6873,12.3896,93.14,54.46
174,67,1,236.797,41.7381,12.2437,94.57,53.87
175,67,1,236.74,41.7081,12.3485,94.09,56.01
176,67,1,236.78,41.7395,12.2418,95.13,54.7
177,67,1,236.759,41.7435,12.3697,93.15,52.91
178,67,0,0,0,0,0,54.79
179,67,1,278.544,39.9872,55.3041,93.26,58.54
180,67,1,278.506,39.9661,55.3353,94.48,59.38
181,67,1,278.52,39.9974,55.3488,91.57,59.41
182,67,1,278.561,39.9557,55.3225,93.78,59.6
183,67,1,278.537,39.9853,55.3562,91.37,59.34
184,67,1,278.674,40.0174,55.2854,96,60.12
185,67,1,278.429,39.9327,55.3593,94.96,59.52
186,67,1,278.48,39.9565,55.4043,94.3,59.46
187,67,1,278.461,39.9616,55.4069,93.04,60.03
188,67,1,278.529,39.9812,55.4036,93,60.53
189,67,1,278.489,39.9855,55.3918,92.02,59.38
190,67,1,278.564,40.0262,55.3553,94.64,60.28
191,67,1,278.523,39.9782,55.3892,93.57,59.62
192,67,1,278.585,40.0213,55.3296,95.24,59.91
193,67,1,278.579,40.0174,55.3608,93.1,59.85
194,67,1,278.529,39.991,55.3522,94.22,60.41
195,67,1,278.527,39.9903,55.3794,92.72,60.05
196,67,1,278.64,40.046,55.3468,95.75,60.71
197,67,1,278.467,39.9677,55.3453,93.54,59.95
198,67,1,278.616,40.0363,55.3909,94.05,60.18
199,67,1,278.54,40.0049,55.3811,94.75,60.09
200,67,1,278.472,39.9834,55.4058,93.7,60.05
201,67,1,278.484,39.9837,55.3897,94.34,59.46
202,67,1,278.503,40.0247,55.4062,93.04,59.85
203,67,1,278.518,40.0524,55.4005,92.34,59.85
204,67,1,278.591,40.0818,55.4298,95.52,60.58
205,67,1,278.574,40.0766,55.4171,93.39,60.76
206,67,1,278.475,40.0576,55.3582,91.27,59.57
207,67,1,278.492,40.0238,55.3737,92.94,58.99
208,67,1,278.58,40.0972,55.361,93.71,60.16
209,67,1,278.633,40.0939,55.399,89.88,60.8
210,67,1,278.517,40.0608,55.351,91.71,59.63
211,67,1,278.622,40.0891,55.3555,94.69,58.72
212,67,1,278.594,40.0634,55.3111,96.93,61.4
213,67,1,278.477,40.0082,55.366,94.33,60.47
214,67,1,278.45,40.0641,55.3865,92.54,59.4
215,67,1,278.539,40.0421,55.4253,93.6,61.16
216,67,1,278.47,40.0202,55.3714,93.46,60.27
217,67,1,278.495,40.0308,55.3824,92.3,59.81
218,67,1,278.477,40.0688,55.3978,91.69,59.59
219,67,1,278.422,40.0746,55.4243,91.43,60.12
220,67,1,278.493,40.0611,55.3746,92.94,60.48
221,67,1,278.537,40.098,55.4285,92.23,60.95
222,67,1,278.412,40.0397,55.3771,94.96,60.12
223,67,1,278.47,40.0796,55.3548,93.47,60.06
224,67,1,278.546,40.0723,55.3982,91.53,60.79
225,67,1,278.479,40.0445,55.375,92.36,60.62
226,67,1,278.567,40.1229,55.3432,93.78,57.84
227,67,1,66.2744,36.0522,80.2276,79.35,50.95
228,67,1,66.2681,36.0344,80.1911,89.76,53.45
229,67,1,66.3158,36.0642,80.2427,91.32,53.81
230,67,1,66.2585,35.847,80.1563,88.5,54.43
231,67,1,66.2662,36.0127,80.2297,86.85,52.98
232,67,1,66.2297,36.0309,80.021,92.53,54.59
233,67,1,66.1535,35.9529,80.2058,89.81,53.69
234,67,1,66.1977,35.9884,80.2681,87.82,54.39
235,67,1,66.2267,35.9986,80.2373,91.06,53.81
236,67,1,66.2574,35.9435,80.1417,95.39,53.78
237,67,1,66.152,35.9535,80.2389,87.04,53.79
238,67,1,66.1264,35.9467,80.26,90.47,54.13
239,67,1,66.2402,35.8449,80.1768,88.6,53.7
240,67,1,66.2719,35.9797,80.257,88.33,53.56
241,67,1,66.2054,35.9533,80.2511,84.87,54.06
242,67,1,66.2118,35.9904,80.1965,89.67,54.47
243,67,1,65.9697,35.7044,80.4322,85.25,53.71
244,67,1,66.1177,35.9361,80.246,88.95,54.21
245,67,1,66.1697,35.9174,80.2757,85.95,54.29
246,67,1,66.1813,35.9649,80.2609,86.89,54.44
247,67,1,66.198,35.9284,80.2745,87.24,54.09
248,67,1,66.0554,35.9816,80.2376,90.35,53.6
249,67,1,66.1134,35.9608,80.2284,89.15,53.28
250,67,1,66.2327,35.9801,80.191,87.49,54.55
251,67,1,66.31,35.8051,80.2337,88.03,52.97
252,67,1,66.2118,35.96,80.2398,93.74,50.46
253,67,0,0,0,0,0,37.29
254,67,0,0,0,0,0,35.52
255,67,1,63.0599,49.3289,34.8458,49.01,35.58
0,68,0,0,0,0,0,36.84
1,68,0,0,0,0,0,37.12
2,68,0,0,0,0,0,37.45
3,68,0,0,0,0,0,36.56
4,68,0,0,0,0,0,37.92
5,68,2,131.153,33.4858,80.4601,58.57,48.28
6,68,2,131.195,33.4598,80.4547,57.75,50.96
7,68,0,0,0,0,0,49.09
8,68,0,0,0,0,0,50.39
9,68,1,272.136,11.6565,75.7544,81.06,50.63
10,68,0,0,0,0,0,51.97
11,68,0,0,0,0,0,51.88
12,68,1,271.824,11.5741,76.0442,84.42,50.85
13,68,1,272.191,11.7005,75.7525,84.03,51.85
14,68,1,271.956,11.6488,75.8955,82.51,51.62
15,68,1,272.229,11.6853,75.6966,82.38,50.39
16,68,0,0,0,0,0,50.33
17,68,1,272.12,11.6534,75.793,81.39,51.49
18,68,1,272.024,11.6208,75.9168,81.04,51.54
19,68,0,0,0,0,0,50.77
20,68,0,0,0,0,0,51.09
21,68,1,272.082,11.6625,75.786,79.69,50.33
22,68,1,272.05,11.6649,75.9111,91.89,51.55
23,68,1,271.966,11.6795,75.8991,92.81,51.54
24,68,1,271.818,11.6863,75.8817,91.5,53.67
25,68,1,271.778,11.7015,76.1018,91.63,53.92
26,68,1,271.743,11.7346,76.179,94.85,54.99
27,68,1,271.583,11.7096,76.1344,92.44,54.96
28,68,1,271.634,11.7527,76.3382,92.8,54.51
29,68,1,271.63,11.7031,76.291,91.57,54.19
30,68,1,271.541,11.7229,76.2699,91.84,54.81
31,68,1,271.729,11.7222,76.0736,93.4,54.17
32,68,1,271.796,11.7607,76.1376,94.15,54.76
33,68,1,271.763,11.7521,76.1166,93.09,54.6
34,68,1,271.741,11.7599,76.1636,93.22,54.53
35,68,1,271.627,11.7136,76.2141,92,53.78
36,68,1,271.739,11.747,76.1123,94.29,54.76
37,68,1,271.663,11.78,76.2304,94.57,54.14
38,68,1,271.663,11.7653,76.2335,95.1,55.35
39,68,1,271.577,11.8079,76.2132,92.94,55.11
40,68,1,271.629,11.7718,76.1643,91.52,55.67
41,68,1,271.822,11.7819,76.0925,92.82,54.79
42,68,1,271.805,11.7358,76.1369,90.05,53.33
43,68,0,0,0,0,0,52.48
44,68,0,0,0,0,0,54.66
45,68,1,274.121,48.8448,47.4956,86.66,59.21
46,68,1,274.089,48.8072,47.5236,89.16,60.45
47,68,1,274.137,48.8158,47.51,88.14,60.82
48,68,1,274.153,48.8599,47.5592,93.35,59.51
49,68,1,274.066,48.8094,47.5376,88.66,60.64
50,68,1,274.107,48.8412,47.5095,88.02,61.25
51,68,1,274.158,48.7736,47.5595,87.9,60.62
52,68,1,274.154,48.8338,47.5435,90.19,60.37
53,68,1,274.173,48.8333,47.5459,98.08,61.95
54,68,1,274.255,48.8807,47.5784,89.07,60.45
55,68,1,274.088,48.7725,47.8279,78.66,61.09
56,68,1,274.059,48.8747,47.5761,96.74,61.22
57,68,1,274.113,48.8226,47.5745,88.93,60.84
58,68,1,273.987,48.8619,47.5783,85.86,60.33
59,68,1,274.083,48.8837,47.5928,95.82,61.19
60,68,1,274.082,48.8153,47.56,90.61,60.58
61,68,1,274.152,48.8946,47.5893,89.72,59.82
62,68,1,274.123,48.8823,47.491,92.36,60.17
63,68,1,274.271,48.8736,47.5223,87.99,60.3
64,68,1,274.106,48.9236,47.5565,88.97,60.24
65,68,1,274.087,48.9446,47.5982,88.77,60.31
66,68,1,274.1,48.8784,47.4992,93.63,60.2
67,68,1,274.119,48.8457,47.5904,88.91,60.9
68,68,1,274.071,48.8775,47.5565,86.4,60.07
69,68,1,274.043,48.8983,47.5642,91.88,59.96
70,68,1,274.192,48.8961,47.5923,88.45,60.31
71,68,1,274.13,48.8744,47.5665,89.38,60.75
72,68,1,274.126,48.89,47.4976,88.39,60.04
73,68,1,274.164,48.9348,47.562,91.5,57.87
74,68,1,274.151,48.9049,47.4997,83.63,59.51
75,68,1,274.187,48.8909,47.4576,91.44,57.8
76,68,0,0,0,0,0,55.15
77,68,0,0,0,0,0,54.87
78,68,0,0,0,0,0,54.5
79,68,1,128.093,39.5384,38.3183,86.57,53.92
80,68,1,128.137,39.5142,38.3022,87.95,55.29
81,68,1,128.087,39.4625,38.3429,93.66,53.85
82,68,1,128.182,39.4711,38.2544,94.48,54.49
83,68,1,128.117,39.4686,38.288,94.86,55.16
84,68,1,128.169,39.4333,38.2321,93.67,54.74
85,68,0,0,0,0,0,52.91
86,68,0,0,0,0,0,54.02
87,68,0,0,0,0,0,56.71
88,68,0,0,0,0,0,55.77
89,68,1,355.423,11.8695,24.6677,92.76,57.37
90,68,1,355.363,11.8618,24.7605,95.78,57.46
91,68,1,355.331,11.8483,24.7027,95.3,58.11
92,68,1,355.33,11.8562,24.7697,96.06,58.81
93,68,1,355.3,11.8651,24.7016,96.02,58.18
94,68,1,355.2,11.8888,24.8657,95.22,57.95
95,68,1,355.323,11.8557,24.7371,95.42,58.39
96,68,1,355.277,11.9027,24.7867,94.77,58.47
97,68,1,355.301,11.9317,24.8154,95.69,58.8
98,68,1,355.517,11.9033,24.5282,95.5,58.99
99,68,1,355.307,11.8733,24.7853,96.87,58.84
100,68,1,355.228,11.8903,24.8034,95.79,58
101,68,1,355.071,11.9451,25.0543,95.12,57.54
102,68,1,274.107,48.9812,47.5131,94.11,58.15
103,68,1,274,48.922,47.5865,94.28,59.63
104,68,1,274.012,48.9567,47.5621,93.25,60.19
105,68,1,274.11,48.917,47.5655,95.23,60.03
106,68,1,274.017,48.9388,47.5784,88.33,60.23
107,68,1,274.131,48.861,47.6243,93.44,61.06
108,68,1,273.977,48.9291,47.5793,88.6,61
109,68,1,274.099,48.9357,47.5929,95.72,60.35
110,68,1,274.129,48.9374,47.5301,90.94,60.13
111,68,1,274.011,48.8939,47.5795,87.78,59.79
112,68,1,274.022,48.9674,47.485,88.7,60.58
113,68,1,274.002,48.864,47.7096,89.29,60.74
114,68,1,274.098,48.8841,47.5781,93.27,60.71
115,68,1,274.118,48.9548,47.5099,89.94,60.43
116,68,1,274.065,48.9875,47.5859,95.01,60.91
117,68,1,274.072,48.9281,47.5137,89.53,60.83
118,68,1,274,48.9659,47.5258,96.5,61.2
119,68,1,274.057,48.9458,47.5284,89.92,60.44
120,68,1,274.086,49.002,47.636,87.61,60.51
121,68,1,274.049,48.9179,47.581,88.83,60.86
122,68,1,274.052,48.9917,47.5353,93.33,59.57
123,68,1,274.084,48.9594,47.5263,87.06,61.04
124,68,1,274.026,48.9734,47.545,85.55,60.13
125,68,1,274.068,48.9438,47.514,88.84,60.29
126,68,1,274.092,48.9348,47.5807,89.37,60.72
127,68,1,274.07,48.9633,47.5741,89.24,60.51
128,68,1,273.957,48.9808,47.6208,94.61,59.68
129,68,1,274.012,48.9672,47.6263,96.15,60.93
130,68,1,274.053,48.9886,47.5623,85.11,59.92
131,68,1,274.074,48.9832,47.5333,90.76,58.33
132,68,1,274.074,49.0034,47.5004,94.36,57.88
133,68,0,0,0,0,0,57.22
134,68,0,0,0,0,0,56.86
135,68,0,0,0,0,0,56.75
136,68,1,354.968,11.8778,25.1062,92.73,57.08
137,68,1,354.983,11.984,25.1066,94.6,56.92
138,68,1,354.918,11.8491,25.2333,96.55,57.95
139,68,1,354.883,11.8879,25.1701,94.16,58.6
140,68,1,354.939,11.8865,25.1347,92.77,57.72
141,68,1,354.845,11.9183,25.2023,93.95,58.63
142,68,1,354.893,11.8877,25.1785,93.64,58.68
143,68,1,354.91,11.8711,25.1821,95.82,58.51
144,68,1,354.985,11.974,25.1092,95.52,58.47
145,68,1,354.821,11.8514,25.2863,94.95,58.11
146,68,1,354.824,11.9023,25.2283,94.37,58.18
147,68,1,354.928,12.0509,25.1401,93.36,58.45
148,68,1,355.023,11.9473,24.9029,93.59,58.17
149,68,1,354.783,11.981,25.3572,95.74,58.44
150,68,1,355,11.9603,25.0389,97.44,58.04
151,68,1,354.782,11.8617,25.2697,94.45,58.9
152,68,1,354.914,11.9744,25.1526,95.56,59.26
153,68,1,354.644,11.9004,25.4007,94.76,58.31
154,68,1,354.832,11.8757,25.2465,95.28,58.99
155,68,1,354.61,12.0614,25.4678,95.04,58.29
156,68,1,354.586,11.9104,25.514,96.11,57.61
157,68,1,354.663,11.8774,25.3059,95.35,56.05
158,68,0,0,0,0,0,53.36
159,68,1,236.898,41.7326,12.2713,85.38,53.91
160,68,1,236.836,41.7107,12.3639,93.81,54.23
161,68,1,236.887,41.7252,12.2611,95.74,54.86
162,68,1,236.852,41.7244,12.3316,93.63,54.66
163,68,1,236.798,41.7178,12.367,94.75,54.82
164,68,1,236.797,41.7227,12.3389,90.8,54.25
165,68,1,236.88,41.7398,12.2789,92.65,54.63
166,68,1,236.756,41.7148,12.3673,94.45,54.26
167,68,1,236.772,41.7107,12.3536,92.89,54.36
168,68,1,236.833,41.7145,12.3439,93.39,54.67
169,68,1,236.74,41.7013,12.3766,94.24,55.51
170,68,1,236.769,41.716,12.3612,92.09,55.33
171,68,1,236.767,41.7084,12.3349,92.4,54.19
172,68,1,236.824,41.7181,12.3178,94.99,54.54
173,68,1,236.648,41.6979,12.374,94.27,55.42
174,68,1,236.789,41.7241,12.3221,95.14,55.24
175,68,1,236.772,41.6971,12.3137,95,54.23
176,68,1,236.861,41.7522,12.3211,90.38,53.49
177,68,0,0,0,0,0,53.65
178,68,1,278.546,40.011,55.3111,92.34,57.1
179,68,1,278.585,39.9357,55.2978,92.85,59.78
180,68,1,278.536,39.9852,55.3762,95.22,59.83
181,68,1,278.602,39.9879,55.3782,94.99,59.3
182,68,1,278.527,39.9984,55.3627,92.34,59.5
183,68,1,278.583,39.997,55.3265,94.48,59.4
184,68,1,278.554,39.9887,55.3328,93.31,59.78
185,68,1,278.577,39.9925,55.3852,92.1,58.73
186,68,1,278.46,39.9731,55.4249,94.38,60.05
187,68,1,278.414,39.9678,55.4151,93.75,60.22
188,68,1,278.484,39.994,55.4186,94.87,59.55
189,68,1,278.497,39.9842,55.4454,93.22,59.84
190,68,1,278.495,39.9563,55.3851,93.3,59.75
191,68,1,278.542,39.9864,55.3854,93.53,60.45
192,68,1,278.528,40.0199,55.4038,93.19,60.06
193,68,1,278.612,39.9877,55.3648,93.81,60.45
194,68,1,278.52,40.0052,55.3587,94.44,60.36
195,68,1,278.464,39.9919,55.3888,93.38,60.27
196,68,1,278.622,40.0419,55.3229,95.12,60.62
197,68,1,278.566,39.9955,55.3505,94.14,60.47
198,68,1,278.493,39.9961,55.3885,86.84,60.02
199,68,1,278.627,40.0768,55.4121,93.58,59.18
200,68,1,278.548,39.9963,55.3974,93.43,60.23
201,68,1,278.576,40.0338,55.4121,95.29,61.15
202,68,1,278.509,40.038,55.4542,91.36,60.06
203,68,1,278.651,40.0939,55.4408,95.41,60.74
204,68,1,278.501,40.011,55.357,93.7,59.81
205,68,1,278.659,40.1353,55.3992,93.74,60.46
206,68,1,278.533,40.0286,55.3568,93.3,60.54
207,68,1,278.437,40.0114,55.3929,93.17,59.99
208,68,1,278.528,40.0256,55.3648,91.75,60.11
209,68,1,278.528,40.0521,55.388,93.11,59.03
210,68,1,278.479,40.0088,55.3633,94.3,60.38
211,68,1,278.507,40.0576,55.3648,94.21,58.88
212,68,1,278.539,40.105,55.3878,94.44,59.99
213,68,1,278.49,40.0643,55.3829,92.32,59.42
214,68,1,278.445,39.9869,55.3673,93.41,60.25
215,68,1,278.629,40.0745,55.3788,93.46,60.06
216,68,1,278.524,40.0687,55.3854,94.37,59.37
217,68,1,278.517,40.0501,55.3789,94.98,60.13
218,68,1,278.524,40.0247,55.3703,94.92,60.69
219,68,1,278.489,40.0501,55.3587,92.58,60.43
220,68,1,278.635,40.1096,55.36,88.37,61.31
221,68,1,278.608,40.1058,55.3979,93.37,60.22
222,68,1,278.515,40.0605,55.3693,93.48,60.21
223,68,1,278.502,40.0565,55.3891,92,60.08
224,68,1,278.434,40.0607,55.3883,94.43,60.19
225,68,1,278.663,40.1361,55.3831,93.49,60.88
226,68,1,278.457,40.1015,55.3897,94.21,57.56
227,68,1,66.3261,36.0041,80.1728,90.96,51.75
228,68,1,66.1159,35.958,80.2746,87.22,53.07
229,68,1,66.3125,36.0232,80.152,89.02,54.41
230,68,1,66.1414,35.9648,80.2569,87.84,54.07
231,68,1,66.2279,36.0162,80.2118,88.2,52.76
232,68,1,66.2699,35.9626,80.2123,89.37,53.67
233,68,1,66.3471,35.988,80.1873,88.83,53.62
234,68,1,66.174,35.9751,80.277,89.85,53.85
235,68,1,66.2641,36.0139,80.1841,88.42,54.57
236,68,1,66.2862,35.927,80.2265,85.72,53.78
237,68,1,66.3769,35.8104,80.2211,85.61,54.66
238,68,1,66.2386,35.9625,80.2909,86.58,53.72
239,68,1,66.3294,35.9788,80.2053,87.98,54.34
240,68,1,66.2906,35.9566,80.2508,91.89,53.72
241,68,1,66.2671,35.8112,80.1528,86.57,54.56
242,68,1,66.1209,36.0118,80.2158,89.83,55.02
243,68,1,66.1515,35.9334,80.3192,86.99,53.32
244,68,1,66.2201,35.9372,80.2005,87.79,53.88
245,68,1,66.2279,35.9318,80.2335,83.67,54.79
246,68,1,66.1867,35.8946,80.3203,86.17,54.38
247,68,1,66.2004,35.9189,80.2305,86.57,55.29
248,68,1,66.0852,35.7682,80.4486,87.06,55.08
249,68,1,66.2566,35.9702,80.1224,92.29,53.51
250,68,1,66.2262,35.9551,80.1529,87.29,54.75
251,68,1,66.2269,35.9513,80.2114,87.28,53.85
252,68,1,66.1255,35.9734,80.2898,88.46,51.76
253,68,1,66.1371,35.9425,80.1375,92.57,40.72
254,68,0,0,0,0,0,35.71
255,68,0,0,0,0,0,35.32
0,69,0,0,0,0,0,37.25
1,69,0,0,0,0,0,37.33
2,69,0,0,0,0,0,37.38
3,69,0,0,0,0,0,36.11
4,69,0,0,0,0,0,36.73
5,69,1,271.916,11.63,75.9072,90.18,47.29
6,69,1,271.895,11.5989,76.0552,92.59,52.77
7,69,1,271.912,11.641,75.927,90.51,52.83
8,69,1,271.862,11.6417,76.0521,92.53,53.18
9,69,1,271.887,11.658,76.0597,88.55,53.78
10,69,1,272.188,11.6911,75.5447,91.28,54.69
11,69,1,271.789,11.6623,76.2091,94.64,53.61
12,69,1,271.842,11.7084,76.1294,91.34,54.39
13,69,1,272.139,11.72,75.7188,93.64,54.46
14,69,1,271.86,11.6969,76.0948,91.09,53.82
15,69,1,271.876,11.7013,76.0605,95.25,54.29
16,69,1,271.715,11.6782,76.1844,92.71,54.62
17,69,1,271.804,11.7296,76.1139,93.46,54.81
18,69,1,271.834,11.67,76.1341,94.71,54.28
19,69,1,271.847,11.6976,76.0467,93.64,54.52
20,69,1,271.882,11.686,76.0192,91.68,53.72
21,69,1,271.868,11.6836,75.9777,93.19,54.02
22,69,1,271.691,11.7208,76.2099,94.4,54.77
23,69,1,271.631,11.685,76.1462,92.74,55.39
24,69,1,271.603,11.8445,76.3979,84.78,55.07
25,69,1,271.773,11.7097,76.1605,94,53.72
26,69,1,271.835,11.7148,76.0602,93.1,54.04
27,69,1,271.638,11.7077,76.1873,92.42,54.72
28,69,1,271.573,11.742,76.3327,86.59,55.27
29,69,1,271.855,11.7445,76.0904,94.2,54.95
30,69,1,271.451,11.7313,76.3569,93.76,54.82
31,69,1,271.748,11.7376,76.1405,92.94,54.14
32,69,1,271.579,11.7286,76.2078,95.14,55.06
33,69,1,271.789,11.7316,75.9881,88.83,54.97
34,69,1,271.634,11.7571,76.2285,92.23,55.53
35,69,1,271.72,11.7676,76.2138,87.56,54.59
36,69,1,271.799,11.7648,76.0989,95.58,54.67
37,69,1,271.774,11.741,76.0437,93.75,54.32
38,69,1,271.467,11.7256,76.2221,90.1,54.56
39,69,1,271.658,11.7326,76.1777,93.01,54.71
40,69,1,271.733,11.7501,76.1192,92.86,55.13
41,69,1,271.673,11.7852,76.2532,94.81,55.2
42,69,1,271.723,11.8266,76.2587,91.18,55.78
43,69,1,271.793,11.7473,75.9989,92.77,53.72
44,69,0,0,0,0,0,51.83
45,69,0,0,0,0,0,54.64
46,69,1,274.164,48.8364,47.5149,86.06,58.66
47,69,1,274.121,48.8947,47.6036,89.83,60.25
48,69,1,274.164,48.8627,47.4871,87.76,59.68
49,69,1,274.244,48.8316,47.5251,96.06,60.94
50,69,1,274.161,48.8285,47.5062,90.75,60.24
51,69,1,274.156,48.8106,47.4632,89.24,60.73
52,69,1,274.144,48.8431,47.5309,96.34,60.68
53,69,1,274.155,48.8505,47.5668,90.82,61.23
54,69,1,274.152,48.8698,47.5226,89.23,60.42
55,69,1,274.131,48.8411,47.5144,90.16,61.35
56,69,1,274.157,48.8645,47.5604,96.64,61.42
57,69,1,274.107,48.8778,47.568,90.19,61.21
58,69,1,274.184,48.8668,47.5811,89.98,61.03
59,69,1,274.118,48.8308,47.5685,88.95,60.9
60,69,1,274.049,48.8301,47.573,87.99,60.35
61,69,1,274.033,48.8826,47.5587,89.34,60.74
62,69,1,274.083,48.8617,47.5251,88.69,61.23
63,69,1,274.058,48.8993,47.5794,88.53,60.73
64,69,1,274.135,48.912,47.5337,90.21,60.54
65,69,1,274.14,48.8914,47.5629,93.19,60.08
66,69,1,274.101,48.8798,47.575,90.24,60.17
67,69,1,274.193,48.8123,47.4957,96.5,60.95
68,69,1,274.191,48.8905,47.5951,88.03,60.99
69,69,1,274.16,48.905,47.5758,88.64,60.88
70,69,1,274.133,48.9035,47.5839,97.1,60.8
71,69,1,274.063,48.9053,47.6245,88.77,60.2
72,69,1,274.111,48.877,47.5938,89.69,61.06
73,69,1,274.118,48.9015,47.5413,89.63,61.02
74,69,1,274.178,48.882,47.5024,97.54,61.35
75,69,1,274.064,48.8756,47.5774,89.47,60.91
76,69,1,274.115,48.8836,47.5542,89.91,60.58
77,69,1,274.106,48.8933,47.5297,91.93,58.46
78,69,1,274.229,48.961,47.508,82.53,57.66
79,69,1,274.175,48.9053,47.4078,84.09,56.39
80,69,0,0,0,0,0,55.03
81,69,0,0,0,0,0,55.3
82,69,0,0,0,0,0,53.02
83,69,0,0,0,0,0,54.8
84,69,0,0,0,0,0,53.15
85,69,0,0,0,0,0,55.58
86,69,1,274.086,48.9095,47.6055,92.03,58.5
87,69,1,274.118,48.9239,47.5184,92.58,58.43
88,69,1,274.133,48.9427,47.512,85.77,56.96
89,69,0,0,0,0,0,56.76
90,69,0,0,0,0,0,56.33
91,69,0,0,0,0,0,56.95
92,69,1,355.25,11.9245,24.7737,96.17,57.48
93,69,1,355.295,11.9666,24.8031,94.44,57.93
94,69,1,355.362,11.9518,24.6921,96.77,58.39
95,69,1,355.484,11.9095,24.5321,95.77,58.15
96,69,1,355.524,11.8515,24.4725,95.04,58.05
97,69,1,355.595,11.8529,24.4785,96.07,58.94
98,69,1,355.402,11.8579,24.6992,94.93,58.81
99,69,1,355.318,11.8644,24.7677,96.82,59.23
100,69,1,355.259,11.875,24.6521,93.26,57.75
101,69,1,355.394,11.8854,24.6297,94.76,57.32
102,69,0,0,0,0,0,57.28
103,69,1,274.13,48.9815,47.4731,93.15,57.9
104,69,1,274.006,48.9567,47.5494,85.86,59.29
105,69,1,274.015,48.8877,47.4889,88.07,60.27
106,69,1,274.06,48.9602,47.5973,95.42,60.3
107,69,1,274.075,48.9379,47.5875,88.35,60.21
108,69,1,274.066,48.9156,47.5487,89.15,60.74
109,69,1,274.096,48.9454,47.5973,88.25,60.58
110,69,1,274.036,48.9389,47.5816,87.8,60.25
111,69,1,274.077,48.9589,47.5112,88.82,60.23
112,69,1,273.991,48.9471,47.5877,94.35,60.06
113,69,1,274.106,48.9552,47.5805,96.45,60.55
114,69,1,274.083,48.9868,47.5763,95.57,60.56
115,69,1,274.104,48.9269,47.5309,88.02,60.45
116,69,1,274.037,48.9423,47.527,88.98,60.66
117,69,1,274.005,48.9253,47.5592,89.84,60.23
118,69,1,274.014,48.9638,47.6009,91.96,60.38
119,69,1,274.081,48.9278,47.5183,87.4,60.47
120,69,1,274.073,48.9427,47.526,86.53,60.14
121,69,1,274.071,48.9571,47.5575,89.06,61
122,69,1,274.337,49.014,47.5418,88.94,60.8
123,69,1,274.064,48.9261,47.5134,86.73,60.28
124,69,1,274.059,48.9387,47.6222,89.35,61.03
125,69,1,274.075,48.9919,47.5597,86.69,59.86
126,69,1,273.991,48.9762,47.6365,89.03,60.59
127,69,1,274.037,48.9903,47.574,91.96,60.24
128,69,1,274.017,48.9836,47.6592,87.89,61.04
129,69,1,274.045,48.9989,47.5692,86.74,60.25
130,69,1,274.127,48.9763,47.5505,89.37,60.97
131,69,1,274.163,49.0528,47.5859,89.84,60.97
132,69,1,274.053,48.9891,47.5633,88.06,60.79
133,69,1,274.044,49.0084,47.5399,91.82,58.96
134,69,1,273.978,48.9669,47.6242,93.34,57.97
135,69,0,0,0,0,0,57.95
136,69,0,0,0,0,0,57.1
137,69,0,0,0,0,0,56.04
138,69,1,354.914,12.058,25.1038,96.67,57.18
139,69,1,355.039,11.8666,24.9543,94.32,57.57
140,69,1,354.936,11.8749,25.1721,95.58,57.38
141,69,1,354.852,11.8889,25.2178,95.86,57.55
142,69,1,354.837,11.8445,25.2441,93.89,58.26
143,69,1,354.846,11.881,25.1876,96.39,58.64
144,69,1,355.214,11.9267,24.8449,95.1,58.66
145,69,1,354.943,11.8845,24.955,96.17,58.54
146,69,1,354.993,11.9131,25.144,96.42,58.97
147,69,1,354.794,11.9254,25.3019,96.23,58.68
148,69,1,354.799,11.8692,25.2489,96.31,57.98
149,69,1,354.866,11.8878,25.1735,96.68,57.97
150,69,1,354.928,11.8772,25.0099,94.49,58.68
151,69,1,354.823,11.8949,25.2309,94.29,58.96
152,69,1,354.77,11.8629,25.2617,96.07,58.07
153,69,1,354.741,11.8662,25.3074,95.93,58.94
154,69,1,354.907,11.9233,25.122,95.24,58.86
155,69,1,355.01,11.8572,25.0703,95.85,59.45
156,69,1,354.81,11.9433,25.1256,94.7,58.07
157,69,1,354.745,11.9503,25.2917,95.63,58.39
158,69,1,354.603,11.8731,25.4738,95.06,56.79
159,69,1,354.727,11.9244,25.298,87.31,55.5
160,69,1,236.892,41.7355,12.2787,84.14,52.94
161,69,1,236.853,41.7338,12.3484,92.04,54.21
162,69,1,236.712,41.6923,12.4008,94.19,55.01
163,69,1,236.812,41.7195,12.3049,92.86,54.59
164,69,1,236.749,41.6793,12.3852,92.66,54.33
165,69,1,236.816,41.7163,12.3347,94.39,54.5
166,69,1,236.829,41.7328,12.2612,94.3,54.85
167,69,1,236.881,41.7304,12.2968,95.12,54.19
168,69,1,236.738,41.7197,12.3692,93.76,55.17
169,69,1,236.792,41.7153,12.3763,94.11,55.11
170,69,1,236.812,41.7329,12.3317,94.27,54.49
171,69,1,236.856,41.7437,12.2363,93.15,54.59
172,69,1,236.782,41.7447,12.2653,94.06,55.3
173,69,1,236.731,41.712,12.3658,94.83,54.75
174,69,1,236.852,41.729,12.3098,90.68,54.63
175,69,1,236.813,41.7566,12.2425,92.67,53.23
176,69,0,0,0,0,0,53.18
177,69,1,278.547,39.9734,55.3158,92.59,57.08
178,69,1,278.597,39.9969,55.3469,92.08,58.54
179,69,1,278.535,39.9859,55.3812,93.48,58.9
180,69,1,278.552,40.0019,55.3539,94.3,59.55
181,69,1,278.563,39.9774,55.385,93.11,59.44
182,69,1,278.56,39.9367,55.33,94.73,59.81
183,69,1,278.509,39.9784,55.3473,90.38,58.97
184,69,1,278.521,39.9635,55.3475,94.12,60.78
185,69,1,278.527,39.9815,55.388,95.59,59.6
186,69,1,278.439,39.9519,55.3877,94.67,59.6
187,69,1,278.468,40.0028,55.3879,90.24,59.65
188,69,1,278.486,39.9805,55.4451,92.32,60.58
189,69,1,278.484,40.0197,55.4085,90.28,59.86
190,69,1,278.469,39.9878,55.3889,94.31,59.5
191,69,1,278.516,40.0451,55.4412,91.31,60.03
192,69,1,278.505,39.9582,55.3707,94.79,60.9
193,69,1,278.711,40.042,55.3988,94.64,60.04
194,69,1,278.524,39.9714,55.3415,94.23,60.89
195,69,1,278.582,40.0005,55.3514,93.52,59.99
196,69,1,278.576,40.0603,55.353,95.26,59.69
197,69,1,278.451,39.9861,55.3842,91.37,60.28
198,69,1,278.529,40.0266,55.3725,91.07,59.23
199,69,1,278.52,40.0236,55.365,94.77,61.1
200,69,1,278.544,40.0476,55.4282,92.54,60.29
201,69,1,278.566,40.0315,55.4495,96.11,61.09
202,69,1,278.464,40.0484,55.43,92.93,59.2
203,69,1,278.574,40.012,55.3817,95.46,60.14
204,69,1,278.469,40.0478,55.4113,91.68,60.04
205,69,1,278.6,40.0779,55.3902,87.33,60.53
206,69,1,278.49,40.064,55.4013,93.1,60.73
207,69,1,278.582,40.0554,55.4048,93.76,60.2
208,69,1,278.464,40.0435,55.376,93.39,60.67
209,69,1,278.42,40.0628,55.4301,92.97,60.24
210,69,1,278.627,40.0678,55.3853,93.52,60.24
211,69,1,278.522,40.0554,55.3943,92.12,60.03
212,69,1,278.559,40.051,55.4131,93.85,59.64
213,69,1,278.529,40.0493,55.4039,91.76,60.34
214,69,1,278.485,40.049,55.3999,93.48,60.8
215,69,1,278.428,39.9759,55.3443,93.31,60.46
216,69,1,278.486,40.0117,55.3522,90.76,60.31
217,69,1,278.52,40.0161,55.3553,94.15,60.82
218,69,1,278.432,40.0575,55.3652,92.1,60.12
219,69,1,278.526,40.0831,55.3961,91.35,59.88
220,69,1,278.558,40.0577,55.3867,92.54,60.43
221,69,1,278.516,40.0522,55.372,93.13,60.66
222,69,1,278.561,40.0471,55.3862,92.93,60.4
223,69,1,278.58,40.0477,55.3879,96.08,61.12
224,69,1,278.462,40.0387,55.3749,93.25,60.37
225,69,1,278.567,40.0836,55.3581,95.39,60.32
226,69,1,278.567,40.1533,55.3369,85.18,56.64
227,69,1,66.2374,36.0934,80.1923,91.55,52.7
228,69,1,66.3412,36.0711,80.1366,89.55,53.69
229,69,1,66.1333,36.0388,80.2348,90.91,53.04
230,69,1,66.3046,36.0049,80.1915,90.2,53.9
231,69,1,66.3195,35.9887,80.2881,88.82,54.15
232,69,1,66.2443,36.0976,80.2073,92.67,54.81
233,69,1,66.26,35.9762,80.2357,86.04,54.16
234,69,1,66.3172,35.9241,80.1524,88.87,53.34
235,69,1,66.1434,35.9614,80.2503,86.12,53.36
236,69,1,66.4241,35.8122,80.2092,86.55,54.24
237,69,1,66.299,35.9459,80.2672,86.89,54.19
238,69,1,66.1917,35.9323,80.2307,87.31,54.6
239,69,1,66.3344,35.87,80.207,84.69,54.7
240,69,1,66.1717,35.9715,80.2787,91.09,54.08
241,69,1,66.2565,35.9648,80.271,89.85,53.46
242,69,1,66.2368,36.0225,80.2854,87.72,54.18
243,69,1,66.129,35.9147,80.2755,85.47,54.73
244,69,1,66.1562,35.9748,80.2499,90.63,54.81
245,69,1,66.097,35.7609,80.4542,86.43,54.58
246,69,1,66.0531,35.7976,80.4345,87.05,55.18
247,69,1,66.0866,35.9523,80.3165,88.43,54.7
248,69,1,66.2206,35.913,80.2551,91.41,54.4
249,69,1,66.1133,35.9262,80.3227,87.52,54.06
250,69,1,66.1725,35.9399,80.3157,88.62,53.7
251,69,1,66.1473,35.9261,80.2091,89.41,54.31
252,69,1,66.0885,35.9102,80.3435,87.26,54.63
253,69,1,66.0848,35.7576,80.1898,91.4,47.14
254,69,0,0,0,0,0,35.34
255,69,0,0,0,0,0,53.58
0,70,0,0,0,0,0,36.77
1,70,0,0,0,0,0,37.37
2,70,0,0,0,0,0,37.76
3,70,0,0,0,0,0,36.24
4,70,1,272.104,11.7221,75.8343,83.69,37.7
5,70,1,271.81,11.6421,76.0666,93.49,50.97
6,70,1,271.72,11.6496,76.231,92.5,53.63
7,70,1,271.733,11.6181,76.2123,91.6,53.82
8,70,1,271.945,11.7463,76.0082,91.98,54.43
9,70,1,271.941,11.6995,76.0611,95.28,54.66
10,70,1,271.615,11.5826,76.2815,92.77,53.81
11,70,1,271.735,11.6439,76.1425,91.55,54.24
12,70,1,272.015,11.763,75.9773,94.23,54.91
13,70,1,271.716,11.6632,76.1497,93.96,54.03
14,70,1,272.087,11.7312,75.7878,95.14,54.76
15,70,1,271.614,11.7307,76.3427,95.41,54.92
16,70,1,271.719,11.6848,76.1592,93.98,53.87
17,70,1,271.854,11.752,76.1687,94.17,54.72
18,70,1,271.739,11.7138,76.2071,94.5,54.5
19,70,1,271.761,11.7207,76.1975,94.66,55.45
20,70,1,271.698,11.7077,76.1468,93.69,55.23
21,70,1,271.89,11.7591,76.0088,87.54,54.26
22,70,1,271.724,11.7426,76.2302,93.76,53.86
23,70,1,271.929,11.7918,76.1574,93.88,53.86
24,70,1,271.713,11.7184,76.2219,93.38,54.73
25,70,1,271.789,11.7148,76.0902,95.01,54.85
26,70,1,271.697,11.7157,76.1814,92.92,55.54
27,70,1,271.938,11.7802,75.9139,88.76,53.32
28,70,1,271.718,11.7497,76.1642,93.78,54.94
29,70,1,271.542,11.7054,76.3004,94.44,54.55
30,70,1,271.664,11.7419,76.1942,92.77,54.69
31,70,1,271.65,11.7315,76.2003,92.35,55.13
32,70,1,271.757,11.7468,76.0947,92.16,54.35
33,70,1,271.769,11.7677,76.1815,94.7,55
34,70,1,271.682,11.7487,76.1356,94.01,54.35
35,70,1,271.819,11.8385,76.0829,92.44,56.49
36,70,1,271.56,11.8048,76.3267,92.48,55.16
37,70,1,271.74,11.7602,76.1457,94.13,55.22
38,70,1,271.791,11.8346,76.1313,94.81,55.18
39,70,1,271.657,11.7677,76.2299,93.38,54.46
40,70,1,271.772,11.753,76.0439,92.39,55.31
41,70,1,271.51,11.7855,76.3764,93.23,55.73
42,70,1,271.771,11.7918,76.1552,94.77,54.76
43,70,1,271.684,11.7791,76.199,93.06,54.79
44,70,1,271.59,11.7318,76.3588,91.88,54.39
45,70,0,0,0,0,0,52.83
46,70,0,0,0,0,0,55.03
47,70,1,274.102,48.8266,47.5405,93.88,57.45
48,70,1,274.098,48.8671,47.5446,96.25,60.1
49,70,1,274.149,48.8958,47.5401,95.09,60.11
50,70,1,274.123,48.8488,47.552,89.65,61.18
51,70,1,274.113,48.8394,47.5397,90.55,61.07
52,70,1,274.091,48.8724,47.5533,88.95,60.56
53,70,1,274.192,48.9121,47.5657,89.66,60.31
54,70,1,274.149,48.8307,47.4921,88.06,60.69
55,70,1,274.094,48.882,47.5203,95.22,60.3
56,70,1,274.122,48.8424,47.555,90.18,60.41
57,70,1,274.15,48.8485,47.5477,97.54,61.11
58,70,1,274.163,48.8338,47.5633,86.95,60.32
59,70,1,274.097,48.8306,47.4816,90.92,61.16
60,70,1,274.073,48.845,47.5338,90.23,61.62
61,70,1,274.102,48.8444,47.5009,89.54,60.31
62,70,1,274.088,48.9255,47.6058,89.2,60.77
63,70,1,274.178,48.8452,47.5423,87.68,60.72
64,70,1,274.147,48.8804,47.5381,89.39,61.04
65,70,1,274.071,48.8777,47.5479,90.77,61.29
66,70,1,274.044,48.8703,47.587,88.9,60.5
67,70,1,274.076,48.9088,47.5929,91.63,59.93
68,70,1,274.126,48.8683,47.5739,88.16,60.61
69,70,1,274.084,48.9143,47.6078,95.44,61.24
70,70,1,274.119,48.8845,47.5538,97.68,61.09
71,70,1,273.994,48.943,47.6068,87.61,60.54
72,70,1,274.086,48.8512,47.5226,89.8,60.25
73,70,1,274.178,48.9056,47.5264,89.16,60.84
74,70,1,274.048,48.896,47.567,89.47,60.36
75,70,1,274.152,48.8727,47.5436,90.01,60.83
76,70,1,274.188,48.9155,47.5616,88.58,60.58
77,70,1,274.144,48.9418,47.5453,87.87,61.05
78,70,1,274.037,48.8732,47.5438,89.37,60.04
79,70,1,274.002,48.9211,47.6211,83.71,58.73
80,70,1,274.096,48.9355,47.5782,92.53,58.72
81,70,1,274.124,48.9338,47.5659,88.04,58.08
82,70,1,274.093,48.9152,47.543,83.39,57.04
83,70,1,274.211,49.0227,47.0129,74.18,56.17
84,70,1,274.128,48.9115,47.5891,84.95,56.49
85,70,1,274.15,48.9304,47.5491,92.94,58.92
86,70,1,274.213,48.8838,47.5748,87.34,60.36
87,70,1,274.087,48.8685,47.6096,85.35,59.87
88,70,1,274.09,48.9242,47.5685,86.15,59.42
89,70,1,274.118,48.9456,47.5374,92.77,59.15
90,70,1,273.967,48.8772,47.547,92.97,57.44
91,70,0,0,0,0,0,57.22
92,70,0,0,0,0,0,55.78
93,70,1,355.427,11.8446,24.5738,88.21,57.14
94,70,1,355.437,11.843,24.6247,94.38,57.08
95,70,1,355.466,11.8411,24.619,95.03,57.51
96,70,1,355.478,11.8579,24.617,94.63,58.88
97,70,1,355.532,11.8489,24.6645,93.09,58.5
98,70,1,355.26,11.875,24.8185,94.44,58.28
99,70,1,355.233,11.8372,24.7961,93.17,57.47
100,70,1,355.231,11.8475,24.9624,93.92,59.12
101,70,1,355.388,11.8559,24.6949,95.61,58.42
102,70,0,0,0,0,0,56.12
103,70,0,0,0,0,0,57.07
104,70,0,0,0,0,0,57.53
105,70,1,274.056,48.9348,47.5242,93.3,58.51
106,70,1,274.07,48.9693,47.5987,92.9,59.04
107,70,1,274.124,48.9215,47.5419,89.62,60.7
108,70,1,274.128,48.927,47.5855,89.85,60.57
109,70,1,274.062,48.9524,47.5181,93.08,58.77
110,70,1,274.103,48.9459,47.5188,95.69,60.14
111,70,1,274.049,48.9686,47.5979,88.03,60.92
112,70,1,274.058,48.9149,47.5501,90,60.5
113,70,1,274.109,48.9392,47.5605,87.01,60.52
114,70,1,274.18,48.9528,47.5983,94.19,60.57
115,70,1,274.097,48.976,47.6185,90.33,61.37
116,70,1,274.057,48.9271,47.5958,89.65,60.82
117,70,1,274.057,48.9168,47.5627,95.44,60.53
118,70,1,274.063,48.9406,47.532,90.01,60.78
119,70,1,274.106,48.9488,47.5633,90.46,60.49
120,70,1,274.02,48.9764,47.6136,94.8,59.88
121,70,1,274.055,48.9402,47.5425,86.18,60.28
122,70,1,273.934,48.96,47.6098,91.88,60.43
123,70,1,274.06,48.9501,47.6176,89.9,61.62
124,70,1,274.03,48.9458,47.4877,89.79,61.16
125,70,1,274.122,48.9751,47.5647,89.43,61.09
126,70,1,274.094,48.967,47.5472,96.1,60.97
127,70,1,273.96,48.9692,47.5743,95.63,59.69
128,70,1,273.971,48.9328,47.5963,90.97,60.49
129,70,1,274.004,48.9777,47.6214,94.03,60.98
130,70,1,273.984,49.0001,47.6315,87.46,60.6
131,70,1,273.974,48.9833,47.5836,87,60.61
132,70,1,274.13,48.9693,47.586,90.04,61.57
133,70,1,274.011,48.9921,47.5691,86.37,60.14
134,70,1,274.04,48.9605,47.6108,89.01,60.28
135,70,1,274.07,48.9697,47.5822,90.8,60.81
136,70,1,274.053,49.0119,47.5518,92.98,58.31
137,70,1,274.076,49.046,47.5123,85.79,58.14
138,70,0,0,0,0,0,56.25
139,70,0,0,0,0,0,57.08
140,70,1,355.035,11.9274,25.0055,89.47,57.83
141,70,1,354.932,11.8675,25.1043,97,56.39
142,70,1,355.01,11.8679,25.0294,96.8,58.34
143,70,1,355.018,11.8366,25.0527,96.57,58.12
144,70,1,354.998,11.8595,25.1265,93.93,58.45
145,70,1,354.846,11.8915,25.1709,95.8,58.35
146,70,1,354.887,11.9265,25.1227,97.26,59.11
147,70,1,354.788,11.8785,25.2792,96.07,58.01
148,70,1,354.898,11.8571,25.1694,92.35,58.69
149,70,1,354.868,11.8528,25.0629,94.93,57.9
150,70,1,354.808,11.8628,25.2972,95.19,58.28
151,70,1,355.056,11.9348,24.9295,96.21,58.84
152,70,1,354.72,11.8758,25.3436,94.39,58.24
153,70,1,354.891,11.886,25.1243,94.42,58.67
154,70,1,354.903,11.9672,25.1272,94.72,58.27
155,70,1,354.928,11.8842,25.1226,95.56,58.85
156,70,1,354.688,11.8863,25.3736,95.93,58.48
157,70,1,354.971,11.9979,25.0536,94.53,59.02
158,70,1,354.37,11.9206,25.7775,94.87,57.71
159,70,1,354.684,11.8858,25.3394,94.62,58.29
160,70,1,354.727,11.846,25.3948,85.94,55.49
161,70,0,0,0,0,0,53.54
162,70,1,236.858,41.733,12.3136,91.86,53.24
163,70,1,236.753,41.692,12.3948,93.15,54.43
164,70,1,236.799,41.7115,12.3373,92.39,54.52
165,70,1,236.693,41.6947,12.3649,93.47,54.51
166,70,1,236.721,41.6957,12.3861,92.28,55.49
167,70,1,236.749,41.7114,12.3649,92.43,54.85
168,70,1,236.817,41.7241,12.3114,95.1,54.02
169,70,1,236.893,41.7286,12.2932,94.3,54.62
170,70,1,236.786,41.7262,12.3546,93.63,54.64
171,70,1,236.759,41.722,12.3604,94.09,54.79
172,70,1,236.8,41.6856,12.3834,94.54,54.76
173,70,1,236.802,41.7223,12.2969,94.94,54.93
174,70,1,236.739,41.7192,12.377,93.71,55.08
175,70,1,236.828,41.7578,12.2967,92.77,53.34
176,70,0,0,0,0,0,55.37
177,70,1,278.583,39.9844,55.2981,94.71,58.83
178,70,1,278.547,39.9782,55.346,93.8,59.19
179,70,1,278.523,39.957,55.2994,93.36,59.99
180,70,1,278.568,39.9627,55.3341,95.41,60.33
181,70,1,278.532,39.9756,55.3895,93.6,59.06
182,70,1,278.541,39.9736,55.3907,94.34,60.25
183,70,1,278.591,40.0012,55.329,92.23,59.86
184,70,1,278.549,39.9628,55.3592,93.94,60.27
185,70,1,278.541,39.9717,55.3424,92.53,59.5
186,70,1,278.511,39.9825,55.3785,94.32,59.61
187,70,1,278.552,39.984,55.3721,92.83,60.43
188,70,1,278.462,39.9912,55.416,93.94,59.77
189,70,1,278.505,40.0073,55.3841,92.03,59.48
190,70,1,278.475,39.9799,55.4026,93.09,59.94
191,70,1,278.502,40.0238,55.3629,94.83,60.6
192,70,1,278.584,40.0356,55.3502,93.84,60.48
193,70,1,278.58,39.9876,55.3589,94.23,60.2
194,70,1,278.508,39.9975,55.4022,95.27,60.55
195,70,1,278.607,40.0255,55.3712,95.49,59.97
196,70,1,278.595,40.0105,55.3796,94.48,59.88
197,70,1,278.575,40.0086,55.3824,94.31,60.64
198,70,1,278.511,39.9697,55.3345,93.45,60.46
199,70,1,278.549,39.9898,55.3496,92.77,60.61
200,70,1,278.511,40.0051,55.3708,93.08,60.43
201,70,1,278.486,40.0028,55.405,91.69,60.73
202,70,1,278.521,39.9818,55.4148,94.66,60.24
203,70,1,278.572,40.0684,55.4328,94.09,60.89
204,70,1,278.521,40.0569,55.3872,93.85,60.01
205,70,1,278.542,40.0577,55.3833,92.43,60.92
206,70,1,278.576,40.0894,55.3825,90.41,60.13
207,70,1,278.473,40.0052,55.3482,93.48,60.57
208,70,1,278.43,40.0318,55.3546,91.99,60.42
209,70,1,278.455,40.0054,55.3777,94.19,60.29
210,70,1,278.544,40.0228,55.3688,93,60.41
211,70,1,278.501,40.0496,55.417,92.25,59.66
212,70,1,278.455,40.1005,55.443,89.55,59.42
213,70,1,278.531,40.0295,55.3847,93.24,60.03
214,70,1,278.469,40.0278,55.3933,92.61,59.96
215,70,1,278.569,40.0441,55.4011,93.79,60.4
216,70,1,278.559,40.0054,55.3558,92.79,60.82
217,70,1,278.538,40.074,55.3893,92.93,60.01
218,70,1,278.539,40.0302,55.3734,96.4,60.28
219,70,1,278.558,40.0688,55.4406,93.87,61.36
220,70,1,278.661,40.12,55.4197,92.73,60.47
221,70,1,278.515,40.096,55.3868,91.94,59.39
222,70,1,278.482,40.0411,55.372,93.48,59.7
223,70,1,278.456,40.0845,55.3947,93.14,59.49
224,70,1,278.543,40.0733,55.3768,92.59,60.54
225,70,1,278.614,40.0677,55.39,93.35,60.75
226,70,1,278.526,40.1308,55.3229,94.53,56.62
227,70,1,66.1827,36.0122,80.2262,90.54,51.57
228,70,1,66.215,36.0181,80.2289,87.96,53.11
229,70,1,66.0285,35.9765,80.325,86.37,53.76
230,70,1,66.1745,36.0428,80.2917,85.75,53.89
231,70,1,66.3287,35.9947,80.2032,86.06,54.08
232,70,1,66.2221,35.9988,80.2426,87.24,54.39
233,70,1,66.2149,35.9804,80.2601,89.05,53.47
234,70,1,65.9615,35.7619,80.5261,86.34,53.82
235,70,1,66.1598,35.9919,80.2215,90.18,54.36
236,70,1,66.3219,35.9168,80.1847,83.72,54.2
237,70,1,66.1283,35.9228,80.2301,86.87,54.01
238,70,1,66.2473,35.9651,80.2476,88.32,54.55
239,70,1,66.0818,35.9575,80.2816,88.39,54.67
240,70,1,66.1668,35.9858,80.2195,89.46,54.43
241,70,1,66.1382,35.9836,80.2476,90.72,54.13
242,70,1,66.1825,35.9632,80.2588,87.78,54.25
243,70,1,66.2302,35.954,80.2645,88.23,54.64
244,70,1,66.1813,35.9861,80.237,91.13,53.9
245,70,1,66.2272,35.9398,80.2853,89.13,54.28
246,70,1,66.2309,35.9772,80.2339,91.14,54.51
247,70,1,66.1182,35.9511,80.2789,85.51,54.44
248,70,1,66.0676,35.9976,80.2395,91.67,54.76
249,70,1,65.9019,35.7048,80.4746,85.82,55.04
250,70,1,66.1721,35.975,80.3106,89.14,53.75
251,70,1,66.2589,35.8315,80.2151,85.74,54.04
252,70,1,66.1017,35.8917,80.3003,86.59,54.5
253,70,1,66.1345,35.9296,80.1244,89.1,49.46
254,70,0,0,0,0,0,35.56
255,70,0,0,0,0,0,53.87
0,71,0,0,0,0,0,53.85
1,71,0,0,0,0,0,37.59
2,71,0,0,0,0,0,37.14
3,71,0,0,0,0,0,36.14
4,71,1,271.545,11.6126,76.2135,90.46,38.9
5,71,1,271.915,11.649,75.9774,91.36,52.71
6,71,1,271.668,11.6521,76.2459,91.51,53.24
7,71,1,271.6,11.6456,76.2198,95.06,53.98
8,71,1,271.839,11.6577,76.0331,95.08,54.32
9,71,1,272.027,11.741,75.8491,91.11,54.07
10,71,1,271.823,11.6656,76.0472,92.07,54
11,71,1,271.798,11.7149,76.1968,92.83,54.2
12,71,1,271.6,11.6762,76.3074,91.94,54.37
13,71,1,271.913,11.7034,75.8855,93.43,54.03
14,71,1,271.885,11.7461,76.0329,92.25,54.7
15,71,1,271.854,11.7229,76.1319,95.38,55.12
16,71,1,271.637,11.6902,76.2365,92.78,54.32
17,71,1,271.476,11.7435,76.3938,92.99,55.5
18,71,1,271.675,11.7072,76.1926,94.57,54.37
19,71,1,271.566,11.7138,76.3375,93.3,54.52
20,71,1,271.669,11.708,76.2922,92.03,55.42
21,71,1,271.901,11.733,75.9791,93.75,54.82
22,71,1,271.591,11.7033,76.241,91.35,54.84
23,71,1,271.645,11.732,76.2717,93.73,54.75
24,71,1,271.543,11.7146,76.3158,93.38,54.39
25,71,1,271.495,11.7027,76.3369,92.8,54.62
26,71,1,271.651,11.7348,76.1894,93.76,54.61
27,71,1,271.566,11.7288,76.2956,93.35,55.21
28,71,1,271.618,11.7255,76.2033,93.67,54.99
29,71,1,271.791,11.7948,76.0982,91.11,55.14
30,71,1,271.841,11.7586,76.0215,91.16,55.63
31,71,1,271.845,11.8059,76.0769,93.52,54.63
32,71,1,271.59,11.7585,76.369,91.13,55.11
33,71,1,271.559,11.7234,76.2898,91.26,53.91
34,71,1,271.805,11.7888,76.1773,91.14,54.69
35,71,1,271.75,11.7257,76.0977,95.03,55.44
36,71,1,271.707,11.7972,76.276,94.62,55.45
37,71,1,271.72,11.7962,76.2632,94.34,54.8
38,71,1,271.778,11.7645,76.1363,94.62,54.64
39,71,1,270.941,11.8934,76.7105,86.85,55.06
40,71,1,271.613,11.7441,76.1501,94.27,54.64
41,71,1,271.622,11.7513,76.2463,91.33,54.71
42,71,1,271.716,11.7502,76.1321,93.21,54.6
43,71,1,271.722,11.7943,76.161,92.48,55.45
44,71,1,271.771,11.7706,76.124,94.89,55.35
45,71,1,271.817,11.7822,76.0598,92.29,53.54
46,71,0,0,0,0,0,51.89
47,71,0,0,0,0,0,53.22
48,71,1,274.136,48.853,47.5606,92.82,56.87
49,71,1,274.161,48.8682,47.5909,89.98,59.69
50,71,1,274.191,48.8501,47.4921,96.96,60.41
51,71,1,274.334,48.8626,47.2571,85.29,61.4
52,71,1,274.134,48.8075,47.5191,89.96,60.52
53,71,1,274.186,48.8643,47.5717,97.45,60.78
54,71,1,274.114,48.8848,47.5679,96.77,61.04
55,71,1,274.169,48.8848,47.591,96.17,60.61
56,71,1,274.132,48.883,47.5001,94.42,60.14
57,71,1,274.12,48.8523,47.5254,89.5,60.98
58,71,1,274.09,48.8062,47.4933,89.95,60.79
59,71,1,274.135,48.8693,47.5594,87.97,60.89
60,71,1,274.147,48.8467,47.5484,88.58,61.14
61,71,1,274.113,48.8649,47.5631,89.8,60.61
62,71,1,274.036,48.9379,47.611,88.63,60.16
63,71,1,273.988,48.8937,47.5564,88.58,60.85
64,71,1,274.128,48.9047,47.5612,89.37,61.43
65,71,1,273.997,48.8436,47.5503,89.33,60.53
66,71,1,274.109,48.8616,47.5079,88.33,61.11
67,71,1,274.128,48.9384,47.5351,89.64,60.03
68,71,1,274.142,48.884,47.5769,90.12,60.5
69,71,1,274.067,48.8839,47.5446,96.11,60.27
70,71,1,274.095,48.9069,47.5328,87.44,60.44
71,71,1,274.12,48.9209,47.5543,95.41,60.22
72,71,1,274.246,48.9614,47.5877,90.44,60.42
73,71,1,274.17,48.8786,47.5137,90.12,61.15
74,71,1,274.079,48.8959,47.5671,93.95,59.26
75,71,1,274.219,48.8954,47.5939,94.93,60.83
76,71,1,274.042,48.8957,47.5542,88.22,60.08
77,71,1,274.079,48.9074,47.5562,88.98,60.87
78,71,1,274.209,48.9097,47.5424,89.71,61.18
79,71,1,274.132,48.868,47.544,90.15,59.86
80,71,1,274.068,48.8762,47.512,89.51,61.06
81,71,1,274.007,48.8473,47.5432,95.7,61.01
82,71,1,274.078,48.8581,47.5505,97.14,59.27
83,71,1,274.077,48.9087,47.5909,90.15,59.75
84,71,1,274.194,48.882,47.5714,87.36,59.99
85,71,1,274.115,48.8778,47.5679,89.23,60.9
86,71,1,274.061,48.8639,47.6098,89.91,60.47
87,71,1,274.053,48.8766,47.5879,89.33,60.41
88,71,1,274.036,48.9216,47.6339,89.9,60.63
89,71,1,274.152,48.9512,47.5955,88.82,60.25
90,71,1,273.998,48.9041,47.6264,94.21,59.95
91,71,1,274.041,48.902,47.5548,86.08,59.49
92,71,1,274.066,48.9339,47.5372,94.47,57.2
93,71,1,274.019,48.9318,47.5532,85.94,56.77
94,71,0,0,0,0,0,56.57
95,71,0,0,0,0,0,57.5
96,71,1,355.318,11.9142,24.7897,96.27,57.05
97,71,1,355.286,12.0513,24.7879,96.53,56.64
98,71,1,355.459,11.8271,24.5668,95.8,57.76
99,71,1,355.391,11.8562,24.6727,96.82,58.5
100,71,1,355.112,11.9045,25.0166,96.57,57.45
101,71,1,355.509,11.9082,24.5705,95.4,58.58
102,71,1,355.316,11.8865,24.7995,95.44,58.59
103,71,1,355.255,11.8949,24.7635,93.62,57.26
104,71,0,0,0,0,0,56.56
105,71,0,0,0,0,0,56.02
106,71,0,0,0,0,0,58.02
107,71,1,274.012,48.9276,47.5379,93.75,58.47
108,71,1,274.036,48.9443,47.6066,94.26,59.56
109,71,1,274.105,48.9559,47.6111,89.2,60.83
110,71,1,274.101,48.9066,47.5508,88.07,60.7
111,71,1,274.12,48.9547,47.5566,88.72,60.53
112,71,1,274.055,48.9418,47.5554,89.37,60.15
113,71,1,274.028,48.889,47.5515,88.22,60.62
114,71,1,274.163,48.9492,47.5723,90.02,61
115,71,1,274.018,48.9348,47.5771,96.35,61.67
116,71,1,274.122,48.9419,47.5396,89.72,61.09
117,71,1,274.122,48.9714,47.5591,89.57,60.64
118,71,1,274.143,48.9538,47.537,88.63,60.75
119,71,1,274.239,48.9783,47.6081,88.95,61.17
120,71,1,274.017,48.9493,47.5731,95.96,61.03
121,71,1,274.082,48.9652,47.5802,90.7,61.17
122,71,1,274.108,48.942,47.5616,89.23,60.24
123,71,1,274.103,48.9547,47.5672,91.09,60.35
124,71,1,274.106,48.9622,47.5921,90.12,60.92
125,71,1,274.077,48.9553,47.6457,92.38,60.6
126,71,1,274.089,48.9646,47.5479,90.84,60.18
127,71,1,274.023,48.9452,47.5399,89.62,60.67
128,71,1,274.007,48.9842,47.5676,86.42,59.88
129,71,1,274.231,48.9926,47.584,88.48,61.15
130,71,1,274.021,49.0048,47.5482,93.81,60.06
131,71,1,274.07,49.0357,47.555,86.87,60.7
132,71,1,273.913,48.9244,47.6122,87.47,60.44
133,71,1,274.066,48.9755,47.5662,89.9,60.85
134,71,1,274.107,48.9824,47.5852,89.57,60.97
135,71,1,274.073,48.9724,47.6208,90.27,60.9
136,71,1,274.003,48.9806,47.597,95.27,60.5
137,71,1,274.016,49.0271,47.5738,87.1,60.12
138,71,1,274.029,48.991,47.5954,85.91,59.29
139,71,1,274.077,48.993,47.4913,93.79,58.74
140,71,0,0,0,0,0,57.29
141,71,0,0,0,0,0,57.54
142,71,1,354.993,11.9201,25.1087,90.01,56.68
143,71,1,354.852,11.8603,25.1631,94.85,55.91
144,71,1,354.962,11.8701,25.0575,94.88,56.84
145,71,1,354.644,11.9029,25.442,95.9,58.29
146,71,1,354.785,11.87,25.2637,95.54,57.76
147,71,1,355.081,11.8385,24.9545,95.23,59.03
148,71,1,354.967,11.8426,25.0917,95.68,58.09
149,71,1,354.811,11.8631,25.2698,94.46,58.15
150,71,1,354.687,11.8782,25.3758,96.35,57.96
151,71,1,354.839,11.8567,25.2486,94.82,58.59
152,71,1,354.833,11.8862,25.2383,95.36,58.91
153,71,1,354.521,11.8625,25.6098,95.23,58.43
154,71,1,354.79,11.8545,25.1834,95.96,58.98
155,71,1,354.627,11.8901,25.4704,94.83,58.27
156,71,1,354.897,11.8734,25.1009,96.29,59.18
157,71,1,354.846,11.8839,25.1811,97.48,58.84
158,71,1,354.697,11.8813,25.3866,95.2,58.06
159,71,1,354.926,11.9899,25.0888,94.32,59.26
160,71,1,354.946,11.8909,25.206,94.13,58.6
161,71,1,354.473,11.8795,25.6885,94.44,55.02
162,71,0,0,0,0,0,53.86
163,71,1,236.911,41.7455,12.3034,84.37,54.06
164,71,1,236.822,41.7336,12.349,93.43,53.23
165,71,1,236.885,41.7308,12.3292,92.79,54.21
166,71,1,236.838,41.6916,12.3424,95.23,54.17
167,71,1,236.792,41.7343,12.2888,93.16,55.96
168,71,1,236.774,41.7344,12.2816,93.9,54.64
169,71,1,236.801,41.7175,12.3347,93.27,54.79
170,71,1,236.833,41.7051,12.3086,92.97,55.06
171,71,1,236.855,41.7135,12.2993,93.77,54.21
172,71,1,236.784,41.717,12.3558,95.29,53.77
173,71,1,236.8,41.7109,12.3713,92.24,54.21
174,71,1,236.819,41.767,12.2576,90.86,53.65
175,71,0,0,0,0,0,53.76
176,71,1,278.646,39.9894,55.3352,92.26,57.1
177,71,1,278.558,39.9505,55.3285,92.64,59.67
178,71,1,278.562,39.9819,55.3493,92.85,59.24
179,71,1,278.596,39.9629,55.4048,93.24,60.16
180,71,1,278.592,39.9934,55.3895,92.02,60.12
181,71,1,278.578,39.9762,55.3547,91.14,59.39
182,71,1,278.536,39.9984,55.3647,93.22,60.39
183,71,1,278.53,39.9542,55.364,94.56,60.13
184,71,1,278.478,39.9619,55.4058,92.61,60.18
185,71,1,278.536,39.9959,55.3766,93.25,59.38
186,71,1,278.593,39.9982,55.4113,93.45,60.63
187,71,1,278.576,40.0359,55.3603,93.74,60.3
188,71,1,278.5,40.0185,55.4041,92.66,59.72
189,71,1,278.507,40.0109,55.3836,93.92,59.68
190,71,1,278.512,39.9936,55.3737,92.71,59.61
191,71,1,278.568,40.021,55.3733,90.1,59.55
192,71,1,278.591,39.9891,55.3684,92.47,59.94
193,71,1,278.643,40.051,55.3666,94.6,60.9
194,71,1,278.526,40.0226,55.4176,91.8,59.89
195,71,1,278.617,40.0367,55.3541,93.98,60.48
196,71,1,278.555,40.0549,55.3585,93.75,60.43
197,71,1,278.576,40.0018,55.3234,94.3,60.31
198,71,1,278.53,40.0596,55.3903,93.29,59.04
199,71,1,278.511,40.0182,55.39,91.44,59.56
200,71,1,278.482,39.9839,55.4165,92.41,60.22
201,71,1,278.445,39.997,55.4367,93.12,60.59
202,71,1,278.545,40.052,55.4184,95.21,60.4
203,71,1,278.546,40.0662,55.4442,94.12,60.83
204,71,1,278.558,40.0676,55.4084,92.13,60.9
205,71,1,278.503,40.0597,55.3865,94.27,60.1
206,71,1,278.599,40.0742,55.3704,92.34,60.95
207,71,1,278.428,40.0079,55.358,93.39,60.53
208,71,1,278.464,40.0412,55.3783,91.58,59.3
209,71,1,278.542,40.0377,55.3724,89.14,61.26
210,71,1,278.562,40.0292,55.3334,95.7,60.97
211,71,1,278.42,40.0646,55.4292,90.6,60.05
212,71,1,278.468,40.0594,55.4131,92.48,60.47
213,71,1,278.532,40.02,55.3867,93.58,60.06
214,71,1,278.484,40.0137,55.4039,93.13,60.01
215,71,1,278.621,40.0807,55.3718,89.49,61.45
216,71,1,278.453,40.0708,55.3797,91.98,59.93
217,71,1,278.546,40.0817,55.362,94.22,60.52
218,71,1,278.474,40.0289,55.4115,92.12,60.49
219,71,1,278.613,40.1356,55.4009,91.22,60.58
220,71,1,278.61,40.0828,55.4063,90.96,59.71
221,71,1,278.539,40.0471,55.4159,93.26,60.71
222,71,1,278.492,40.0948,55.3805,94.44,61.06
223,71,1,278.507,40.0528,55.3837,93.97,60.89
224,71,1,278.51,40.0725,55.3786,91.79,59.58
225,71,1,278.511,40.0245,55.3642,93.89,60.45
226,71,1,278.575,40.1716,55.3824,90.61,56.34
227,71,1,66.2227,36.0176,80.2063,85.6,52.9
228,71,1,66.3082,35.964,80.2878,90.78,53.07
229,71,1,66.3141,35.9532,80.2366,85.71,53.3
230,71,1,66.2332,36.0391,80.1904,88.06,52.92
231,71,1,66.3405,35.9519,80.1851,88.14,53.2
232,71,1,66.2992,35.9283,80.2267,89.24,52.88
233,71,1,65.8943,35.7568,80.5381,85.36,53.78
234,71,1,66.2912,35.9576,80.136,85.68,54.73
235,71,1,66.1216,35.9898,80.2631,90.8,53.81
236,71,1,66.193,36.007,80.1661,85.34,53.43
237,71,1,66.2301,35.9521,80.2698,90.64,53.48
238,71,1,66.2543,35.9271,80.2506,84,54.04
239,71,1,66.2862,36.0417,80.1299,91.91,53.48
240,71,1,66.2437,35.9364,80.2449,85.92,54.25
241,71,1,66.2583,35.9833,80.2525,89.05,53.26
242,71,1,66.177,35.9425,80.2493,87.42,54.15
243,71,1,66.2059,35.9098,80.2428,87.73,55.06
244,71,1,66.3084,35.9812,80.2089,93.09,54.93
245,71,1,66.1981,36.0564,80.2275,88.71,54.75
246,71,1,66.2402,35.9188,80.1532,92.98,53.83
247,71,1,66.1093,35.7579,80.3514,83.47,54.65
248,71,1,66.2711,35.9462,80.0536,90.95,54.01
249,71,1,66.0515,35.963,80.2628,88.28,54.28
250,71,1,66.1714,35.9396,80.2866,87.87,55.14
251,71,1,66.1614,35.9325,80.2964,87.09,54.67
252,71,1,66.0928,35.9666,80.2568,88.82,54.09
253,71,1,66.3357,35.8869,79.9864,93.08,50.98
254,71,1,66.1083,35.8465,80.0279,84.03,35.5
255,71,0,0,0,0,0,54.15
0,72,0,0,0,0,0,53.01
1,72,0,0,0,0,0,37.2
2,72,0,0,0,0,0,57.09
3,72,0,0,0,0,0,35.84
4,72,1,271.686,11.6777,76.306,83.92,39.6
5,72,1,271.759,11.6585,76.1866,90.32,52.31
6,72,1,271.703,11.6129,76.2645,93.84,53.41
7,72,1,271.732,11.6891,76.1725,94.06,53.4
8,72,1,271.901,11.6972,75.8801,92.81,54.63
9,72,1,271.634,11.6393,76.1903,93,54.21
10,72,1,271.741,11.6689,76.1,93.55,54.56
11,72,1,271.707,11.6695,76.1327,93.76,53.99
12,72,1,271.686,11.6754,76.2765,92.68,54.28
13,72,1,271.768,11.7444,76.1165,93.18,55.3
14,72,1,271.559,11.67,76.2518,92.05,53.89
15,72,1,271.551,11.7568,76.3317,93.47,55.34
16,72,1,271.979,11.752,75.9316,94.14,55.49
17,72,1,271.763,11.7189,76.1996,92.27,54.67
18,72,1,271.688,11.7072,76.1971,95.51,53.85
19,72,1,272.044,11.7302,75.7998,92.2,54.65
20,72,1,271.505,11.6881,76.3179,91.09,54.65
21,72,1,271.814,11.7155,76.0989,92.43,54.86
22,72,1,271.701,11.7004,76.175,93.09,54.6
23,72,1,271.635,11.7126,76.1934,93.65,54.81
24,72,1,271.975,11.7659,75.9881,93.65,54.71
25,72,1,271.693,11.738,76.3057,92.49,54.1
26,72,1,271.538,11.7487,76.321,94.48,55.26
27,72,1,271.655,11.7443,76.2232,92.53,55.95
28,72,1,271.648,11.713,76.2113,91.9,53.86
29,72,1,271.731,11.7434,76.2129,92.22,54.61
30,72,1,271.601,11.7044,76.2086,93.35,54.52
31,72,1,271.662,11.7437,76.2609,92.41,54.95
32,72,1,271.546,11.7898,76.3597,87.12,54.9
33,72,1,271.888,11.7858,76.0002,94.86,54.89
34,72,1,271.549,11.7545,76.2719,93.42,55.24
35,72,1,271.627,11.7824,76.3152,94.45,54.97
36,72,1,271.736,11.7638,76.1557,92.15,55.37
37,72,1,271.651,11.7429,76.2374,91.7,55.17
38,72,1,271.529,11.728,76.2185,92.83,55.03
39,72,1,271.6,11.7473,76.2578,94.73,55.34
40,72,1,271.628,11.7548,76.1489,90.95,54.95
41,72,1,271.693,11.734,76.2712,90.93,54.7
42,72,1,271.608,11.8008,76.1837,93.05,55.57
43,72,1,271.693,11.7759,76.2314,91.66,54.77
44,72,1,271.726,11.7688,76.1916,93.13,54.21
45,72,1,271.753,11.769,76.1103,91.76,54.82
46,72,1,271.844,11.7719,76.1089,90.26,54.3
47,72,1,272.027,11.7923,75.9333,83.79,51.84
48,72,0,0,0,0,0,52.31
49,72,1,274.083,48.831,47.5392,92.62,57.5
50,72,1,338.857,50.2051,39.5675,86.24,60.41
51,72,1,274.085,48.847,47.5275,86.3,59.85
52,72,1,274.144,48.8355,47.5339,97.82,61.24
53,72,1,274.233,48.853,47.5187,90.29,61.03
54,72,1,274.106,48.8466,47.5472,89.7,60.49
55,72,1,274.122,48.9053,47.5778,90.02,59.82
56,72,1,274.253,48.919,47.4223,90.01,60.57
57,72,1,274.105,48.8744,47.584,89.97,60.58
58,72,1,274.083,48.7347,47.563,88.72,61.18
59,72,1,274.182,48.8652,47.6047,95.26,60.59
60,72,1,274.139,48.8718,47.5529,89.91,60.99
61,72,1,274.098,48.916,47.5414,89.03,60.96
62,72,1,274.144,48.8835,47.5211,89.47,60.34
63,72,1,274.154,48.9649,47.618,90.31,60.3
64,72,1,274.214,48.896,47.506,88.13,60.73
65,72,1,274.037,48.8527,47.5516,88.45,60.6
66,72,1,274.04,48.9307,47.6095,87.71,60.07
67,72,1,274.036,48.8625,47.5846,89.92,61.39
68,72,1,274.168,48.9113,47.5919,90.01,60.58
69,72,1,274.029,48.9097,47.5739,93.99,60.6
70,72,1,274.266,48.8329,47.5393,94.77,60.62
71,72,1,274.094,48.8704,47.5679,96.66,60.47
72,72,1,274.016,48.8805,47.6429,88.08,60.41
73,72,1,274.175,48.9038,47.5849,89.88,60.6
74,72,1,274.161,48.9025,47.5498,89.01,60.47
75,72,1,274.229,48.895,47.5137,89.4,60.52
76,72,1,274.143,48.9115,47.5992,89.52,61.37
77,72,1,274.054,48.9034,47.5959,89.39,60.51
78,72,1,274.043,48.8563,47.5721,89.91,60.67
79,72,1,274.093,48.8763,47.5059,89.18,60.9
80,72,1,274.154,48.9027,47.5326,88.56,60.98
81,72,1,274.035,48.9062,47.5985,93.95,60.11
82,72,1,274.096,48.8808,47.5842,89.07,61.14
83,72,1,274.082,48.8792,47.561,96.3,60.03
84,72,1,274.093,48.8645,47.5729,90.42,61.44
85,72,1,274.127,48.8988,47.6256,89.12,60.78
86,72,1,274.119,48.8859,47.5926,88.95,60.88
87,72,1,274.037,48.9055,47.6272,96.9,60.98
88,72,1,274.068,48.8916,47.6539,89.6,60.33
89,72,1,274.043,48.9021,47.5828,87.33,60.21
90,72,1,274.063,48.8649,47.5444,97.04,60.66
91,72,1,274.028,48.8209,47.5949,88.15,60.3
92,72,1,274.04,48.856,47.576,88.62,60.59
93,72,1,274.051,48.9109,47.5529,92.36,59.66
94,72,1,274.077,48.9539,47.5657,92.87,58.21
95,72,0,0,0,0,0,57.24
96,72,0,0,0,0,0,56.42
97,72,0,0,0,0,0,56.9
98,72,1,355.485,11.8616,24.614,96.26,56.29
99,72,1,355.254,12.0137,24.862,96.88,57.12
100,72,1,355.222,11.8852,24.8616,95.48,57.36
101,72,1,355.443,11.87,24.637,95.47,58.02
102,72,1,355.339,11.9189,24.7912,94.69,58.94
103,72,1,355.412,11.8641,24.6072,95.04,58.68
104,72,1,355.043,11.9229,25.0513,96.22,57.96
105,72,1,355.209,11.8918,24.8044,95.16,57.14
106,72,0,0,0,0,0,57.78
107,72,0,0,0,0,0,56.15
108,72,1,274.022,48.917,47.5596,86.47,57.86
109,72,1,273.995,48.9393,47.613,92.99,58.87
110,72,1,274.037,48.9483,47.6072,89.07,60.35
111,72,1,274.128,48.9395,47.5297,90.75,60.45
112,72,1,274.045,48.9694,47.608,92.23,59.64
113,72,1,274.038,48.9181,47.5928,86.96,60.23
114,72,1,274.161,48.931,47.4788,89.05,60.37
115,72,1,274.006,48.9289,47.5602,94.84,60.63
116,72,1,274.047,48.9349,47.5978,90.23,60.57
117,72,1,274.149,48.8977,47.5131,96.12,60.89
118,72,1,273.971,48.9112,47.5372,89.02,61.27
119,72,1,273.99,48.9428,47.5996,87.64,60.27
120,72,1,274.05,48.9384,47.5925,88.5,60.82
121,72,1,274.09,48.9652,47.5353,88.53,60.18
122,72,1,274.011,48.9949,47.5707,88.53,60.39
123,72,1,274.084,48.9681,47.6086,89.61,61.09
124,72,1,274.068,48.9519,47.5217,89.96,60.73
125,72,1,274.105,48.9562,47.5638,88.81,60.96
126,72,1,274.035,48.9096,47.5524,88.03,60.81
127,72,1,274.023,49,47.5693,87.03,59.67
128,72,1,274.085,48.9603,47.5258,90.93,60.7
129,72,1,274.114,48.9887,47.5638,87.95,60.35
130,72,1,273.932,48.9982,47.6455,85.69,60.15
131,72,1,274.111,48.9659,47.5491,95.64,60.89
132,72,1,274.046,49.0077,47.5637,86.7,60.21
133,72,1,274.128,49.0079,47.601,90.82,60.46
134,72,1,274.115,48.9805,47.5948,88.68,59.99
135,72,1,274.047,49.004,47.564,86.77,60.14
136,72,1,274.067,48.967,47.634,87.88,60.56
137,72,1,274.036,48.9551,47.5673,89.97,60.87
138,72,1,274.011,48.9552,47.5596,87.26,60.46
139,72,1,274.069,49.0121,47.5916,86.4,59.85
140,72,1,274.02,48.9928,47.5541,91.73,59.31
141,72,1,274.121,49.0518,47.5453,93.53,58.15
142,72,0,0,0,0,0,57.57
143,72,0,0,0,0,0,56.18
144,72,0,0,0,0,0,56.62
145,72,1,355.073,11.8403,25.0284,94.27,57.58
146,72,1,354.916,11.8498,25.0831,95.03,57.54
147,72,1,355.112,11.9394,24.9261,94.73,58.45
148,72,1,354.885,11.8557,25.1509,96.55,59.01
149,72,1,354.899,11.8468,25.1373,95.91,58.66
150,72,1,354.976,11.858,25.1855,95.87,58.1
151,72,1,354.868,11.8562,25.1132,96.36,57.54
152,72,1,354.897,11.8317,25.1647,95.47,58.82
153,72,1,354.809,11.8733,25.3132,95.74,58.79
154,72,1,354.799,11.8621,25.1443,94.43,58.15
155,72,1,354.736,11.8783,25.313,95.83,58.83
156,72,1,354.821,11.8551,25.3751,93.39,58.42
157,72,1,354.595,11.8889,25.4656,94.93,58.34
158,72,1,354.991,11.9765,25.078,96.24,59.58
159,72,1,354.863,11.8871,25.2187,95.92,59.31
160,72,1,354.601,11.8704,25.4266,94.49,57.69
161,72,1,354.796,11.8873,25.2868,96.1,58.93
162,72,1,354.59,11.8731,25.4508,95.59,56.7
163,72,0,0,0,0,0,54.1
164,72,0,0,0,0,0,53.61
165,72,1,236.948,41.7577,12.3118,92.22,54.75
166,72,1,236.834,41.7419,12.2722,93.71,54.74
167,72,1,236.828,41.7267,12.3804,95.21,55.13
168,72,1,236.752,41.7098,12.3895,93.29,55.35
169,72,1,236.795,41.705,12.3438,92.63,54.07
170,72,1,236.804,41.7132,12.3551,95.19,53.08
171,72,1,236.781,41.7123,12.3301,91.67,54.25
172,72,0,0,0,0,0,52.53
173,72,1,236.892,41.7555,12.3429,84.73,53.66
174,72,1,236.903,41.7816,12.317,81.99,53.39
175,72,1,278.655,39.9942,55.3012,85.52,55.69
176,72,1,278.604,39.9922,55.3631,92.82,58.71
177,72,1,278.505,39.9813,55.3735,92.32,58.55
178,72,1,278.519,39.9676,55.3624,93.61,59.42
179,72,1,278.541,39.9606,55.3709,94.13,60.43
180,72,1,278.583,39.9922,55.3902,92.61,60.05
181,72,1,278.52,39.979,55.3748,93.74,60.09
182,72,1,278.486,39.9731,55.4243,92.38,60.63
183,72,1,278.449,39.971,55.3962,94.09,60.53
184,72,1,278.523,39.9965,55.3922,94.49,59.21
185,72,1,278.453,39.9395,55.3728,93.69,60.17
186,72,1,278.417,39.9287,55.3767,93.68,60.47
187,72,1,278.599,40.0313,55.4308,93.42,60.5
188,72,1,278.559,39.9767,55.3902,96.03,59.81
189,72,1,278.536,40.0138,55.3926,94.83,59.14
190,72,1,278.586,40.0511,55.3427,95.47,60.42
191,72,1,278.545,40.0055,55.3748,93.05,60.38
192,72,1,278.634,40.0425,55.3303,95.93,60.35
193,72,1,278.532,40.0047,55.3921,92.79,60.14
194,72,1,278.555,40.0235,55.3846,92.24,59.15
195,72,1,278.462,40.0113,55.393,90.45,59.71
196,72,1,278.461,39.9948,55.3959,93.57,59.66
197,72,1,278.456,39.9627,55.385,94.05,59.79
198,72,1,278.54,39.9945,55.4093,94.79,60.32
199,72,1,278.612,40.0593,55.4417,87.61,60.84
200,72,1,278.526,40.0642,55.4628,93.75,60.43
201,72,1,278.575,40.095,55.5269,93.24,60.55
202,72,1,278.38,40.0215,55.5219,94.41,60.66
203,72,1,278.57,40.1083,55.4426,92.94,59.88
204,72,1,278.582,40.1086,55.4485,93.16,60.71
205,72,1,278.471,40.0802,55.4013,91.26,60.03
206,72,1,278.492,40.1286,55.4423,93.11,60.57
207,72,1,278.56,40.0911,55.3636,93.45,60.01
208,72,1,278.52,40.0468,55.3919,92.89,60.64
209,72,1,278.577,39.9897,55.3613,95.73,60.48
210,72,1,278.514,40.0341,55.4056,93.55,59.61
211,72,1,278.502,40.0413,55.3944,93.24,60.18
212,72,1,278.491,40.0102,55.3992,94.25,60.76
213,72,1,278.466,39.9884,55.3635,92.35,59.72
214,72,1,278.474,40.0593,55.3996,92.59,61.09
215,72,1,278.54,40.0492,55.3922,93.82,60.81
216,72,1,278.538,40.0561,55.3415,95.79,60.99
217,72,1,278.508,40.0593,55.407,94.22,60.9
218,72,1,278.441,39.9912,55.3711,92.91,60.74
219,72,1,278.574,40.0601,55.3892,94.45,60.73
220,72,1,278.464,40.0125,55.357,93.97,61.01
221,72,1,278.538,40.0583,55.3885,91.43,60.82
222,72,1,278.435,40.017,55.3451,93.26,60.3
223,72,1,278.566,40.0664,55.3028,85.55,60.14
224,72,1,278.428,40.0448,55.3967,93.5,60.47
225,72,1,278.526,40.0624,55.3789,92.66,60.33
226,72,0,0,0,0,0,53.66
227,72,1,66.2073,36.0741,80.2439,91.75,52.71
228,72,1,66.2837,36.0449,80.2599,90.14,54.13
229,72,1,66.3065,36.0053,80.221,86.98,53.48
230,72,1,66.1896,36.0522,80.1705,89.54,53.23
231,72,1,66.3484,36.0055,80.0123,89.14,51.82
232,72,1,66.3074,35.9642,80.1844,85.39,53.82
233,72,1,66.4042,36.0289,80.1382,88.4,54.46
234,72,1,66.2368,35.9733,80.2256,91.81,53.84
235,72,1,66.2111,36.0411,80.2432,88.15,54.56
236,72,1,66.0529,35.9495,80.2975,86.28,53.59
237,72,1,66.2658,35.9932,80.2671,91.53,54.23
238,72,1,66.2695,35.9614,80.2552,88.51,53.58
239,72,1,66.0146,35.7646,80.4744,85.54,53.83
240,72,1,66.2641,35.9602,80.2106,88.69,53.93
241,72,1,66.2673,36.0294,80.2638,87.93,55.12
242,72,1,66.1765,35.9519,80.2191,86.89,54.56
243,72,1,66.1507,35.9831,80.2166,87.92,53.48
244,72,1,65.9356,35.7477,80.513,86.98,53.88
245,72,1,66.1962,35.9503,80.2816,90.88,54.32
246,72,1,66.2614,35.9814,80.1789,87.34,54.38
247,72,1,66.2093,35.9953,80.2214,90.24,54.15
248,72,1,66.2297,36.0059,80.1768,90.35,54.86
249,72,1,66.2077,35.9751,80.1975,91.16,53.74
250,72,1,66.1189,35.9067,80.279,85.65,54.44
251,72,1,65.9269,35.7916,80.4597,85.82,54.35
252,72,1,66.1611,35.872,80.2843,88.11,54.23
253,72,1,66.2003,35.9044,80.0939,93.28,51.23
254,72,1,66.2125,35.8575,80.1462,87.16,37.84
255,72,0,0,0,0,0,53.46
0,73,0,0,0,0,0,51.69
1,73,0,0,0,0,0,37.44
2,73,0,0,0,0,0,37.13
3,73,0,0,0,0,0,53.46
4,73,1,271.347,11.6125,76.486,90.56,40.29
5,73,1,271.532,11.6185,76.28,91.03,53.09
6,73,1,271.632,11.6585,76.2581,92.9,53.94
7,73,1,271.628,11.6629,76.1982,91.67,54.34
8,73,1,271.727,11.7242,76.1739,92.96,54.13
9,73,1,271.745,11.6735,76.2161,94.23,54.46
10,73,1,271.648,11.7056,76.2981,93.64,54.64
11,73,1,271.715,11.7031,76.2961,90.61,55.07
12,73,1,271.764,11.7059,76.0262,92.94,54.36
13,73,1,271.551,11.6798,76.3545,94.52,54.61
14,73,1,271.526,11.69,76.3098,91.91,55.44
15,73,1,271.645,11.6956,76.2505,93.94,54.67
16,73,1,271.727,11.7145,76.1822,96.35,54.73
17,73,1,271.607,11.7107,76.3256,92.39,55.2
18,73,1,271.644,11.767,76.2803,95.13,54.83
19,73,1,271.645,11.7174,76.3251,93,53.76
20,73,1,271.873,11.7643,76.0781,95.86,54.67
21,73,1,271.582,11.7164,76.2642,92.71,54.53
22,73,1,271.713,11.7944,76.2221,92.84,54.92
23,73,1,271.912,11.7513,75.9447,94.02,54.55
24,73,1,271.711,11.7755,76.1213,92.46,55.42
25,73,1,271.71,11.7553,76.2624,93.46,55.83
26,73,1,271.642,11.7309,76.1854,91.18,53.94
27,73,1,271.751,11.7396,76.1372,92.88,54.45
28,73,1,271.625,11.7419,76.2596,93.72,54.61
29,73,1,271.515,11.7285,76.3075,93.17,55.08
30,73,1,271.721,11.743,76.2037,92.88,54.31
31,73,1,271.697,11.834,76.3044,91.2,55.7
32,73,1,271.64,11.7128,76.1551,90.95,54.43
33,73,1,271.717,11.7656,76.1606,92.43,54.65
34,73,1,271.699,11.7393,76.1521,92.57,54.22
35,73,1,271.786,11.7678,76.1277,93.34,54.5
36,73,1,271.569,11.7439,76.2732,92.83,55.02
37,73,1,271.785,11.7456,76.0975,94.05,55.3
38,73,1,271.635,11.7654,76.2376,93.99,55.9
39,73,1,271.778,11.7381,76.1294,89.64,55.05
40,73,1,271.973,11.78,75.7825,92.44,55.39
41,73,1,271.768,11.7522,76.1082,92.03,54.41
42,73,1,271.705,11.7458,76.1097,92.72,54.69
43,73,1,271.728,11.7879,76.187,93.54,53.77
44,73,1,271.591,11.7772,76.2651,93.9,55.6
45,73,1,271.802,11.7559,76.0814,91.76,54.29
46,73,1,271.73,11.7699,76.0614,90.94,55.33
47,73,1,271.805,11.7581,75.9389,90.11,54.76
48,73,1,271.68,11.7796,76.1983,90.86,51.84
49,73,0,0,0,0,0,53.72
50,73,1,274.124,48.8538,47.5504,93.09,58.34
51,73,1,274.162,48.8314,47.4789,91.01,60.39
52,73,1,274.123,48.8171,47.4781,88.75,60.94
53,73,1,274.132,48.8571,47.5373,89.65,60.9
54,73,1,274.152,48.8788,47.5627,89.36,61
55,73,1,274.046,48.8194,47.5848,89,60.46
56,73,1,274.094,48.8479,47.5665,89.39,60.84
57,73,1,274.133,48.8332,47.5134,89.46,60.68
58,73,1,274.114,48.8547,47.5181,94.78,61.04
59,73,1,274.119,48.8484,47.5592,89.78,61.39
60,73,1,274.136,48.7917,47.5741,96.79,61.31
61,73,1,273.927,48.881,47.5898,87.44,61.43
62,73,1,274.076,48.8502,47.5604,89.9,60.62
63,73,1,274.103,48.8537,47.5507,89.35,60.65
64,73,1,274.043,48.7744,47.6418,88.49,61.49
65,73,1,274.104,48.8699,47.5765,89.26,60.73
66,73,1,274.129,48.9158,47.6068,89.61,60.26
67,73,1,274.129,48.8871,47.5642,89.27,60.06
68,73,1,338.889,50.1854,39.6605,88.74,60.67
69,73,1,274.17,48.8803,47.5904,97.51,60.82
70,73,1,274.072,48.884,47.4749,88.24,60.71
71,73,1,274.198,48.8886,47.6004,95.33,60.35
72,73,1,274,48.8922,47.5758,89.92,60.28
73,73,1,274.14,48.8867,47.5794,88.61,59.73
74,73,1,274.057,48.8662,47.5747,96.19,61.16
75,73,1,274.126,48.8619,47.4931,89.66,60.43
76,73,1,274.189,48.895,47.5988,87.27,60.72
77,73,1,274.011,48.8886,47.5882,95.39,60.97
78,73,1,274.058,48.8793,47.5724,87.92,60.36
79,73,1,274.06,48.8535,47.5436,96.11,61.52
80,73,1,274.06,48.8713,47.5771,89.45,60.29
81,73,1,274.091,48.8935,47.5851,89.33,60.85
82,73,1,274.082,48.8981,47.5917,88.81,60.41
83,73,1,274.114,48.9134,47.6181,89.69,60.65
84,73,1,274.033,48.8266,47.5364,89.17,60.36
85,73,1,274.039,48.8744,47.5714,91.06,60.34
86,73,1,274.151,48.8922,47.5731,88.75,61.21
87,73,1,274.025,48.8607,47.5475,88.08,60.54
88,73,1,273.96,48.8982,47.6154,87.1,60.68
89,73,1,274.127,48.9097,47.6054,89.93,60.71
90,73,1,274.051,48.888,47.6611,96.14,60.51
91,73,1,274.039,48.9172,47.6351,95.87,60.31
92,73,1,274.039,48.8411,47.5778,86.79,60.76
93,73,1,274.056,48.8733,47.6578,96.93,60.44
94,73,1,274.019,48.8638,47.6155,86.67,60.03
95,73,1,274.029,48.923,47.566,94.93,59.61
96,73,1,274.079,48.96,47.5609,92.63,58.35
97,73,1,274.004,48.9287,47.5779,87.11,57.37
98,73,0,0,0,0,0,56.64
99,73,0,0,0,0,0,56.06
100,73,1,355.22,11.9055,24.7775,97.08,56.35
101,73,1,354.981,11.8822,25.0902,94.77,56.9
102,73,1,355.117,11.8749,24.9623,95.12,56.77
103,73,1,355.477,11.8904,24.5118,94.48,58.17
104,73,1,355.092,11.8643,24.9859,93.83,58.37
105,73,1,355.325,11.8558,24.808,94.8,58.56
106,73,1,355.126,11.9365,24.9742,95.83,57.37
107,73,1,355.172,11.9029,24.8398,96.11,56.77
108,73,0,0,0,0,0,55.96
109,73,0,0,0,0,0,57.37
110,73,1,273.997,48.9197,47.5359,92.85,58.39
111,73,1,274.025,48.9639,47.5824,85.84,59.02
112,73,1,274.134,48.953,47.5833,88.99,59.97
113,73,1,274.058,48.9526,47.6204,89.96,60.9
114,73,1,273.974,48.9468,47.585,92.47,59.85
115,73,1,274.188,48.9306,47.6216,86.14,60.95
116,73,1,274.135,48.9402,47.5476,89.78,60.23
117,73,1,274.065,48.9322,47.5145,88.9,60.51
118,73,1,274.091,48.9482,47.5727,89.47,60.81
119,73,1,274.054,48.962,47.6091,89.31,60.67
120,73,1,274.099,48.9544,47.537,90.05,60.62
121,73,1,274.057,49.0082,47.613,87.37,61.19
122,73,1,274.081,48.9426,47.5141,87.12,60.59
123,73,1,274.025,48.9627,47.5504,95.31,61.26
124,73,1,274.141,48.904,47.5732,96.28,61.91
125,73,1,274.009,48.9751,47.6021,95.69,60.58
126,73,1,274.024,48.9651,47.6012,90.23,60.38
127,73,1,274.147,48.972,47.558,89.12,60.48
128,73,1,273.969,48.9578,47.5874,88.94,60.83
129,73,1,274.05,48.9506,47.5186,88.2,61.27
130,73,1,273.989,48.9979,47.6046,87.69,61.01
131,73,1,273.955,48.9565,47.5508,94.69,59.91
132,73,1,274.046,49.0078,47.5635,86.68,60.22
133,73,1,274.04,49.0073,47.5725,87.6,60.7
134,73,1,274.111,49.0286,47.588,94.7,60.49
135,73,1,274.128,48.9089,47.5393,96.5,61.9
136,73,1,273.959,48.9866,47.6156,93.81,59.91
137,73,1,274.172,48.9826,47.5815,90.41,59.79
138,73,1,274.132,48.9767,47.6132,90.81,60.74
139,73,1,274.066,49.032,47.6447,85.49,60.54
140,73,1,273.973,49.0131,47.6244,88.01,60.15
141,73,1,273.961,49.0011,47.6594,96.19,60.55
142,73,1,273.972,48.9868,47.5851,85.56,57.8
143,73,1,273.995,48.996,47.5621,92.44,56.95
144,73,0,0,0,0,0,57.51
145,73,0,0,0,0,0,56.9
146,73,0,0,0,0,0,57.23
147,73,1,354.69,11.8739,25.3735,95.39,57.5
148,73,1,354.96,11.8473,25.1228,94.03,57.35
149,73,1,354.862,11.8404,25.2202,96.51,58.56
150,73,1,355.065,11.8591,24.9503,93.62,58.46
151,73,1,354.733,11.9876,25.2933,94.65,58.64
152,73,1,354.716,11.8322,25.3487,95.39,58.29
153,73,1,354.896,11.9241,25.1303,95.49,58.44
154,73,1,354.61,12.0388,25.574,94.19,58.01
155,73,1,355.041,11.9661,25.0021,95.39,58.64
156,73,1,354.755,11.8629,25.312,95.37,59.11
157,73,1,354.681,11.9385,25.3816,96.1,59.73
158,73,1,354.812,11.8815,25.2484,94.07,58.81
159,73,1,354.784,11.8646,25.3465,95.21,58.05
160,73,1,354.575,11.9338,25.5047,95.37,58.61
161,73,1,354.348,11.9193,25.7967,95.03,58.69
162,73,1,354.555,11.8918,25.5079,95.41,58.54
163,73,1,354.469,11.9405,25.7355,94.7,56.64
164,73,1,354.637,11.865,25.4402,87.34,55.69
165,73,1,236.784,41.6973,12.3757,87.44,53.11
166,73,1,236.851,41.7213,12.3574,93.05,53.37
167,73,1,236.779,41.7302,12.3642,92.63,54.13
168,73,1,236.837,41.7255,12.351,94.92,53.72
169,73,1,236.803,41.7348,12.3402,92.37,53.99
170,73,1,236.753,41.7081,12.3349,87.11,53.19
171,73,0,0,0,0,0,54.5
172,73,1,354.488,11.8581,25.6549,87.04,55.03
173,73,0,0,0,0,0,54.43
174,73,0,0,0,0,0,53.32
175,73,1,278.578,39.9968,55.3582,91.91,58.14
176,73,1,278.61,39.9908,55.3562,93.42,59.06
177,73,1,278.535,39.9722,55.3636,94.4,59.2
178,73,1,278.584,39.992,55.3651,91.21,59.07
179,73,1,278.535,39.9593,55.379,94.55,59.71
180,73,1,278.608,39.9757,55.3501,93.79,59.72
181,73,1,278.565,40.0192,55.3323,96.5,59.88
182,73,1,278.539,39.9961,55.4096,92.92,60.16
183,73,1,278.501,39.9765,55.4044,92.7,59.45
184,73,1,278.481,39.9454,55.4071,93.6,60.11
185,73,1,278.458,39.9421,55.3902,93.47,60.14
186,73,1,278.506,40.0066,55.41,93.67,60.31
187,73,1,278.503,39.9773,55.4368,96.17,60.45
188,73,1,278.521,39.9627,55.4294,93.02,60.33
189,73,1,278.486,39.9889,55.4093,92.24,60.65
190,73,1,278.478,39.9971,55.4608,92.65,60.11
191,73,1,278.58,39.9641,55.3431,94.13,60.09
192,73,1,278.558,39.9828,55.3998,93.55,60.26
193,73,1,278.461,39.9661,55.353,95.15,60.2
194,73,1,278.481,40.0449,55.4205,93.4,60.72
195,73,1,278.467,39.9959,55.3839,92.22,60.28
196,73,1,278.466,39.9673,55.3461,94.12,59.98
197,73,1,278.575,40.0481,55.3812,92.96,60.41
198,73,1,278.485,40.0259,55.4712,93.29,60.57
199,73,1,278.513,40.0532,55.4678,93.61,60.62
200,73,1,278.397,39.993,55.4771,93.51,60.44
201,73,1,278.451,40.0316,55.5145,92.8,60.25
202,73,1,278.373,39.9891,55.4612,94.4,60.61
203,73,1,278.597,40.0726,55.4708,92.63,59.94
204,73,1,278.459,40.0649,55.4683,92.71,59.94
205,73,1,278.579,40.0484,55.3867,93.47,60.56
206,73,1,278.537,40.0269,55.3525,94.33,60.91
207,73,1,278.539,40.06,55.3624,93.24,60.48
208,73,1,278.599,40.0939,55.3604,94.52,60.81
209,73,1,278.516,40.0335,55.4027,91.92,60.69
210,73,1,278.489,40.0616,55.4095,93.81,59.89
211,73,1,278.478,40.0375,55.4032,92.94,60.71
212,73,1,278.542,40.0682,55.463,93.57,60.56
213,73,1,278.501,40.0709,55.3899,93.62,59.3
214,73,1,278.527,40.0808,55.3861,93.83,60.47
215,73,1,278.501,40.0761,55.4116,92.47,59.8
216,73,1,278.552,40.0439,55.3942,92.44,60.92
217,73,1,278.573,40.0885,55.4017,94.08,60.45
218,73,1,278.476,40.0739,55.3968,90.73,60.33
219,73,1,278.5,40.0091,55.3594,94.56,60.74
220,73,1,278.437,40.0168,55.3967,85.78,60.18
221,73,1,278.514,40.064,55.4003,92.98,60.57
222,73,1,278.484,40.0619,55.3857,93.1,60.01
223,73,1,278.498,40.0785,55.3909,93.79,59.2
224,73,1,278.465,40.056,55.389,94.14,60.19
225,73,1,278.493,40.0438,55.3802,94.84,60.01
226,73,0,0,0,0,0,54.54
227,73,1,66.1979,36.0456,80.246,91.07,52.47
228,73,1,66.2709,35.9757,80.2003,90.2,53.32
229,73,1,66.2386,36.0533,80.2862,89.04,52.58
230,73,1,66.2641,36.0271,80.173,89.48,52.94
231,73,1,66.2384,35.9623,80.2333,89.72,51.47
232,73,1,66.3203,35.9658,80.1904,89.09,53.37
233,73,1,66.3004,36.0141,80.0293,83.39,54
234,73,1,66.0948,35.9542,80.235,89.76,54.66
235,73,1,66.2093,35.9512,80.2425,90.41,53.13
236,73,1,66.1827,36.0667,80.144,90.97,53.79
237,73,1,66.2201,35.9318,80.2701,85.15,53.39
238,73,1,66.2123,35.9872,80.2095,87.3,54.58
239,73,1,66.2709,35.9894,80.0867,92.75,54.37
240,73,1,66.2967,35.8912,80.291,87.93,54.84
241,73,1,66.377,35.9619,80.0879,88.63,53.67
242,73,1,66.203,36.017,80.2455,89.36,54.56
243,73,1,66.0103,35.945,80.3163,90.24,53.9
244,73,1,66.2594,35.9449,80.2121,88.37,54.25
245,73,1,66.2444,35.9474,80.2436,88.12,54.85
246,73,1,65.8837,35.7451,80.4938,86.69,54.36
247,73,1,66.0762,35.9315,80.2503,87.31,54.85
248,73,1,65.9398,35.7746,80.5368,87.07,54.81
249,73,1,66.1653,35.7955,80.1649,88.69,53.85
250,73,1,66.1585,35.9195,80.1944,87.27,55.65
251,73,1,66.1372,35.9221,80.3008,86.68,55.33
252,73,1,66.0891,35.9255,80.255,88.79,54.69
253,73,1,66.1935,35.9514,80.2288,89.23,54.04
254,73,1,66.2275,35.9197,79.8876,87.95,39.12
255,73,0,0,0,0,0,34.85
0,74,0,0,0,0,0,50.3
1,74,0,0,0,0,0,37.54
2,74,0,0,0,0,0,36.85
3,74,2,190.711,46.1848,66.5198,40.42,36.04
4,74,1,271.479,11.5427,76.3609,91.03,41.33
5,74,1,271.854,11.6589,76.1047,94.59,53.55
6,74,1,271.69,11.6674,76.2747,92.79,54
7,74,1,271.709,11.6594,76.163,92.22,53.94
8,74,1,271.819,11.7336,76.0855,94.4,54.82
9,74,1,271.783,11.7101,76.1156,91.28,54.43
10,74,1,271.617,11.6889,76.2564,92.58,54.52
11,74,1,271.446,11.7034,76.4799,93.79,54.83
12,74,1,271.735,11.6452,76.2597,92.11,53.8
13,74,1,271.666,11.6861,76.2203,91.79,54.12
14,74,1,271.458,11.6473,76.2699,90.66,54.88
15,74,1,271.653,11.6938,76.2526,93.65,54.17
16,74,1,271.932,11.7442,76.0184,92.83,54.81
17,74,1,271.745,11.6832,76.159,94.11,54.17
18,74,1,271.728,11.7271,76.2509,96.38,54.97
19,74,1,271.621,11.6761,76.3255,92.61,53.81
20,74,1,271.637,11.6803,76.3295,93.39,54.51
21,74,1,271.643,11.7148,76.291,92.83,54.78
22,74,1,271.651,11.6962,76.2695,92.36,54.25
23,74,1,271.69,11.7155,76.2191,93.63,54.94
24,74,1,271.602,11.7765,76.4062,93.01,55.42
25,74,1,271.911,11.7587,75.8985,91.58,54.56
26,74,1,271.469,11.7204,76.4336,91.94,55.57
27,74,1,271.626,11.7775,76.3536,92.88,55.51
28,74,1,271.759,11.8287,76.2601,94.31,55.2
29,74,1,271.738,11.7514,76.1882,95.83,53.87
30,74,1,271.857,11.8317,76.2225,88.69,55.35
31,74,1,271.959,11.7803,75.9829,94.36,55.29
32,74,1,271.548,11.8383,76.4018,94.24,55.46
33,74,1,271.38,11.7185,76.348,93.1,55.42
34,74,1,271.673,11.7315,76.1998,93.39,54.38
35,74,1,271.581,11.7692,76.3343,93.48,55.24
36,74,1,271.617,11.7328,76.2224,94.24,54.18
37,74,1,271.801,11.7977,76.1183,93.54,55.18
38,74,1,271.651,11.803,76.1162,93.62,55
39,74,1,271.634,11.7772,76.2733,94.43,54.8
40,74,1,271.635,11.7327,76.2376,92.2,53.94
41,74,1,271.6,11.8041,76.2675,92.33,55.16
42,74,1,271.771,11.7822,76.1394,94.78,55.43
43,74,1,271.762,11.7761,76.1907,94.52,54.11
44,74,1,271.637,11.7541,76.245,92.56,54.83
45,74,1,271.685,11.7638,76.1903,94.85,55.42
46,74,1,271.66,11.7568,76.0977,92.28,54.6
47,74,1,271.627,11.7504,76.2222,93.69,53.74
48,74,1,271.713,11.6977,76.1733,89.95,54.45
49,74,1,271.889,11.8129,76.127,91.35,52.12
50,74,0,0,0,0,0,55.51
51,74,1,274.059,48.8431,47.5406,93.18,57.5
52,74,1,274.018,48.8614,47.6224,89.42,60.76
53,74,1,274.151,48.8221,47.5493,90.08,60.54
54,74,1,274.093,48.7384,47.6133,89.61,60.57
55,74,1,274.076,48.7655,47.5893,96.75,60.69
56,74,1,274.163,48.9033,47.5508,90.19,60.56
57,74,1,274.214,48.8731,47.5663,90.26,60.51
58,74,1,274.087,48.8444,47.5917,89.63,60.56
59,74,1,274.067,48.8308,47.5175,90.14,61.14
60,74,1,274.114,48.9282,47.5986,90.09,59.84
61,74,1,274.086,48.9329,47.6044,88.66,60.21
62,74,1,274.146,48.8696,47.6065,88.22,60.05
63,74,1,274.093,48.8643,47.561,89.2,60.89
64,74,1,274.13,48.8728,47.5969,88.83,60.63
65,74,1,274.201,48.7895,47.5966,88.58,61.56
66,74,1,274.077,48.8868,47.5724,87.02,60.33
67,74,1,274.091,48.8405,47.4809,88.09,60.8
68,74,1,274.2,48.858,47.5621,87.66,61.28
69,74,1,274.122,48.8594,47.529,89.71,60.83
70,74,1,274.292,48.9552,47.4617,86.98,59.77
71,74,1,274.163,48.865,47.578,95.07,61.34
72,74,1,274.083,48.8454,47.5489,89,60.52
73,74,1,274.133,48.8634,47.5668,90.67,60.5
74,74,1,274.016,48.9117,47.6745,86.8,60.62
75,74,1,274.083,48.8664,47.5752,88.23,60.23
76,74,1,274.002,48.8809,47.5807,87.91,60.44
77,74,1,274.132,48.8665,47.5348,88.38,61.62
78,74,1,274.096,48.8948,47.581,88.76,60.7
79,74,1,274.087,48.9074,47.609,89.76,60.05
80,74,1,274.136,48.8895,47.5789,89.14,60.53
81,74,1,274.112,48.8676,47.565,91.02,60.41
82,74,1,274.058,48.8701,47.5754,88.78,60.33
83,74,1,274.086,48.8868,47.5963,90.48,60.79
84,74,1,274.166,48.9124,47.5708,90.1,60.25
85,74,1,274.149,48.9204,47.5631,88.22,59.98
86,74,1,274.085,48.8632,47.5536,89.29,60.23
87,74,1,274.032,48.8626,47.5971,86.62,60.5
88,74,1,274.189,48.8419,47.6317,89.19,60.55
89,74,1,274.027,48.9224,47.57,87.69,60.93
90,74,1,274.015,48.8603,47.6229,86.56,60.31
91,74,1,274.009,48.8543,47.5446,87,59.8
92,74,1,274.076,48.9026,47.5659,87.07,60.21
93,74,1,274.092,48.9069,47.6477,91.1,60.4
94,74,1,274.075,48.9071,47.6448,96.93,61.03
95,74,1,274.119,48.9192,47.5834,90.26,61.05
96,74,1,274.048,48.862,47.6396,86.48,60.13
97,74,1,274.011,48.9278,47.587,86.28,59.55
98,74,1,274.087,48.9604,47.5,86.23,58.84
99,74,1,274.012,48.9675,47.5476,84.64,58.48
100,74,0,0,0,0,0,57.67
101,74,0,0,0,0,0,57.07
102,74,0,0,0,0,0,55.66
103,74,1,355.312,11.8578,24.6913,95.27,57.45
104,74,1,355.046,11.9084,24.9849,95.03,58.23
105,74,1,355.217,11.8713,24.7766,95.81,57.32
106,74,1,355.248,11.8547,24.8036,95.56,58.39
107,74,1,355.285,11.8742,24.717,95.37,58.4
108,74,1,355.231,11.852,24.7872,95.63,58
109,74,1,355.058,11.962,25.0136,95.12,56.05
110,74,0,0,0,0,0,57.25
111,74,0,0,0,0,0,57.72
112,74,1,273.98,48.9459,47.5862,92.88,58.99
113,74,1,274.077,48.9638,47.536,93.49,58.88
114,74,1,274.061,48.9802,47.6073,92.31,59.56
115,74,1,274.028,48.9367,47.6062,89.54,60.9
116,74,1,274.033,48.9336,47.589,97.58,60.94
117,74,1,274.081,48.9364,47.5404,89.77,60.81
118,74,1,274.119,48.9155,47.4825,89.76,59.96
119,74,1,274.118,48.964,47.5501,89.23,61.04
120,74,1,274.058,48.9353,47.5015,88.27,60.07
121,74,1,273.986,48.9516,47.48,86.65,61.17
122,74,1,274.098,48.9755,47.5359,88.14,60.77
123,74,1,274.056,48.9537,47.5387,88.41,61.05
124,74,1,273.952,48.9656,47.573,89.18,60.84
125,74,1,274.091,48.9843,47.6116,95.93,60.18
126,74,1,274.089,48.9592,47.5621,90.8,60.31
127,74,1,274.083,48.9739,47.608,90.42,61.79
128,74,1,274.055,48.9587,47.5501,89.24,61.11
129,74,1,274.031,48.9469,47.5468,90.38,60.45
130,74,1,274.019,48.981,47.6081,88.39,61.01
131,74,1,274.095,48.9702,47.5443,97.43,60.18
132,74,1,274.033,48.9776,47.5743,89.23,60.23
133,74,1,274.002,48.9713,47.5907,89.96,61.57
134,74,1,273.932,48.9863,47.6193,86.23,60.12
135,74,1,274.064,49.0782,47.6637,88.87,59.81
136,74,1,273.966,49.0164,47.617,88.15,60.93
137,74,1,274.077,48.9676,47.5344,89.39,60.72
138,74,1,273.978,48.9595,47.6,95.9,60.41
139,74,1,273.927,48.981,47.6139,89.18,60.52
140,74,1,273.969,48.9862,47.5244,88.67,61.28
141,74,1,273.966,48.9538,47.6043,89.83,59.97
142,74,1,274.033,48.9783,47.6045,89.08,60.4
143,74,1,274.022,49.0021,47.6172,87.82,60.57
144,74,1,274.064,48.9758,47.5907,90.86,60.07
145,74,1,274.023,48.994,47.5745,94.14,58.32
146,74,1,273.961,48.9962,47.5759,85.92,57.71
147,74,0,0,0,0,0,57.07
148,74,0,0,0,0,0,56.73
149,74,1,354.967,11.8362,24.9959,87.51,56.54
150,74,1,354.908,11.8635,25.0801,96.33,57.51
151,74,1,354.933,11.861,25.128,94.86,57.82
152,74,1,354.875,11.9121,25.1525,96.92,58.24
153,74,1,354.646,11.8698,25.397,94.63,58.29
154,74,1,354.661,11.8545,25.3261,94.88,59.37
155,74,1,354.896,11.9042,25.1324,94.69,59.17
156,74,1,354.897,11.842,25.1765,93.91,58.54
157,74,1,354.713,11.9167,25.4445,95.54,58.5
158,74,1,354.754,11.886,25.2252,96.32,58.03
159,74,1,354.931,11.9695,25.1545,96.05,58.63
160,74,1,354.863,11.9295,25.1648,95.39,58.19
161,74,1,354.562,11.9172,25.4842,94.83,58
162,74,1,354.685,11.885,25.3989,93.3,58.72
163,74,1,354.909,11.9411,25.142,96.09,58.66
164,74,1,354.519,11.8813,25.6412,95.66,56.97
165,74,1,354.701,11.8921,25.4008,94.7,56.4
166,74,0,0,0,0,0,54.47
167,74,0,0,0,0,0,53.75
168,74,0,0,0,0,0,53.73
169,74,0,0,0,0,0,53.95
170,74,0,0,0,0,0,55.35
171,74,1,354.611,11.8885,25.506,95.45,56.27
172,74,1,354.546,11.9041,25.4738,96.47,59.09
173,74,1,354.511,11.9377,25.5844,94.8,56.9
174,74,0,0,0,0,0,55.01
175,74,1,278.585,39.9836,55.3529,94.03,58.18
176,74,1,278.603,39.9804,55.3548,91.4,58.98
177,74,1,278.577,39.9378,55.332,95.06,59.21
178,74,1,278.546,39.9829,55.45,94.43,59.3
179,74,1,278.544,39.9906,55.3679,94.02,58.91
180,74,1,278.465,39.9803,55.3775,91.73,59.07
181,74,1,278.48,39.9546,55.4059,94.75,60.05
182,74,1,278.53,39.9702,55.4066,95.74,59.42
183,74,1,278.519,39.9987,55.4198,94.33,59.53
184,74,1,278.467,39.9559,55.3973,93.31,60.63
185,74,1,278.466,39.9874,55.4211,92.5,59.44
186,74,1,278.507,39.9723,55.4126,93.84,59.84
187,74,1,278.469,39.9509,55.3974,94.12,60.05
188,74,1,278.37,39.9766,55.4314,91.93,60.53
189,74,1,278.492,39.9671,55.3849,95.49,60.82
190,74,1,278.475,39.9985,55.4653,91.14,60.43
191,74,1,278.493,40.0009,55.3958,92.31,60.29
192,74,1,278.485,40.0116,55.378,91.81,59.97
193,74,1,278.543,40.0051,55.4009,93.34,60.26
194,74,1,278.561,40.0265,55.3694,92.34,60.04
195,74,1,278.525,40.0255,55.4512,93.51,60.63
196,74,1,278.497,40.0147,55.3854,95.22,61.02
197,74,1,278.583,40.0918,55.4602,91.58,59.82
198,74,1,278.504,40.0511,55.4575,92.24,60.6
199,74,1,278.507,40.0643,55.4638,93.1,60.39
200,74,1,278.435,40.0389,55.4507,93.54,58.96
201,74,1,278.556,40.0891,55.4639,95.69,60.92
202,74,1,278.441,40.0189,55.4835,93.14,59.97
203,74,1,278.466,40.0022,55.4552,93.97,60.25
204,74,1,278.519,40.038,55.4457,91.27,60.29
205,74,1,278.497,40.0497,55.4221,90.9,59.74
206,74,1,278.543,40.0579,55.4134,93.72,59.77
207,74,1,278.532,40.0455,55.4015,94.31,60.31
208,74,1,278.563,40.1001,55.4447,92.7,60.53
209,74,1,278.507,40.0158,55.3721,92.22,60.12
210,74,1,278.572,40.0647,55.3797,94.94,60.25
211,74,1,278.42,40.0643,55.4056,91.39,60.56
212,74,1,278.515,40.0293,55.3811,93.59,60.31
213,74,1,278.472,40.038,55.4111,92.07,59.76
214,74,1,278.519,40.0507,55.4167,94.4,60.55
215,74,1,278.423,40.024,55.4104,92.31,59.99
216,74,1,278.455,40.0228,55.4242,90.57,60.6
217,74,1,278.46,40.0655,55.3975,89.94,60.2
218,74,1,278.448,40.0253,55.3739,92.94,60.45
219,74,1,278.547,40.018,55.3731,94.95,61.11
220,74,1,278.602,40.1037,55.4101,94.23,61.4
221,74,1,278.418,40.0801,55.4504,93.85,60.33
222,74,1,278.459,40.0518,55.4033,91.35,59.27
223,74,1,278.449,40.0079,55.3298,94.39,59.76
224,74,1,278.497,40.0439,55.4095,92.29,60.61
225,74,1,278.497,40.085,55.3897,93.04,58.63
226,74,0,0,0,0,0,52.73
227,74,1,66.2664,35.9895,80.2166,89.41,52.97
228,74,1,66.2645,35.9586,80.2189,85.57,54.28
229,74,1,66.2428,36.0247,80.2375,87.22,54.52
230,74,1,66.2242,35.9842,80.1664,88.88,54.07
231,74,1,66.2002,36.0323,80.2084,89.77,54.5
232,74,1,66.2356,35.9497,80.2775,87.99,53.5
233,74,1,66.2498,36.0042,79.9963,91.91,54.85
234,74,1,66.3122,36.0016,80.1887,89.62,54.12
235,74,1,66.2264,35.9565,80.2183,88.06,53.99
236,74,1,66.2289,35.9207,80.0623,89.71,53.93
237,74,1,66.2867,35.97,80.2037,89.37,53.7
238,74,1,66.3728,35.8352,80.2109,87.1,53.52
239,74,1,66.0528,35.9612,80.2926,87.39,53.34
240,74,1,66.1747,35.9231,80.2298,86.47,54.16
241,74,1,66.0517,35.782,80.4069,85.09,54.74
242,74,1,66.0938,35.9922,80.2348,87.22,54.35
243,74,1,66.1388,35.9829,80.2301,89.65,54.87
244,74,1,66.1835,35.9537,80.2138,88.27,54.17
245,74,1,66.1954,35.9771,80.2265,87,53.74
246,74,1,66.0955,35.9185,80.2457,89.58,54.23
247,74,1,66.1812,35.9674,80.2743,87.9,54.33
248,74,1,66.1957,35.907,80.2326,89.22,54.45
249,74,1,66.0832,35.9392,80.2443,90.63,54.64
250,74,1,66.0412,35.9349,80.3017,87.78,53.99
251,74,1,66.3218,36.0048,80.0817,89.04,54.5
252,74,1,66.1913,35.8912,80.2546,87.96,54.75
253,74,1,65.9628,35.7072,80.4551,86.48,53.05
254,74,1,66.1511,35.8793,80.0904,88.1,42.3
255,74,0,0,0,0,0,34.44
0,75,0,0,0,0,0,35.73
1,75,0,0,0,0,0,37.01
2,75,0,0,0,0,0,37.04
3,75,0,0,0,0,0,36.2
4,75,1,271.465,11.5593,76.5058,89.52,40.7
5,75,1,271.674,11.6556,76.2571,92.76,53.32
6,75,1,271.626,11.6773,76.2702,93.24,54.54
7,75,1,271.716,11.6266,76.2466,93.5,53.78
8,75,1,271.571,11.6678,76.2914,91.5,54.37
9,75,1,271.705,11.6874,76.2352,93.87,54.07
10,75,1,271.769,11.69,76.1517,93.96,55.07
11,75,1,271.579,11.7008,76.3119,95.22,55.33
12,75,1,271.598,11.7095,76.3489,91.75,54.55
13,75,1,271.72,11.6646,76.3051,93.46,54.85
14,75,1,271.916,11.7429,76.0917,88.66,54.32
15,75,1,271.48,11.6762,76.3616,93.84,54.42
16,75,1,271.629,11.7054,76.2484,94.23,54.42
17,75,1,271.689,11.7465,76.1968,92.94,55.76
18,75,1,271.844,11.7753,76.0671,93.38,54.25
19,75,1,271.508,11.6914,76.3669,91.97,54.38
20,75,1,271.621,11.708,76.3458,95.12,54.64
21,75,1,271.649,11.7157,76.3401,94.87,54.45
22,75,1,271.516,11.7866,76.4166,94.51,55.83
23,75,1,271.693,11.7035,76.2056,95.44,54.47
24,75,1,271.664,11.7338,76.1424,91.26,55.03
25,75,1,271.582,11.6976,76.2684,95.08,54.4
26,75,1,271.605,11.7275,76.2941,93.25,54.27
27,75,1,271.76,11.773,76.1164,93.05,54.55
28,75,1,271.589,11.72,76.3257,90.7,54.68
29,75,1,271.518,11.7486,76.3783,94.43,54.89
30,75,1,271.709,11.7575,76.1426,90.63,54.56
31,75,1,271.729,11.7922,76.2506,93.28,55.09
32,75,1,270.9,11.8824,76.8289,86.86,55.63
33,75,1,270.63,11.9076,77.1903,82.44,54.86
34,75,1,271.689,11.8251,76.2393,93.89,55.46
35,75,1,271.742,11.8156,76.1937,92.75,55.68
36,75,1,271.629,11.7509,76.2272,93.69,54.53
37,75,1,271.654,11.7087,76.2674,93.2,54.44
38,75,1,271.694,11.7377,76.1533,93.75,54.37
39,75,1,271.476,11.761,76.3161,92.37,55.49
40,75,1,271.705,11.7545,76.198,93.19,54.83
41,75,1,271.69,11.7571,76.178,94.04,54.45
42,75,1,271.632,11.7315,76.1849,92.8,54.54
43,75,1,271.637,11.7846,76.2446,92.66,55.15
44,75,1,271.569,11.7759,76.3195,93.4,56.46
45,75,1,271.673,11.7628,76.2181,93.82,54.7
46,75,1,271.743,11.7799,76.1492,95.55,54.96
47,75,1,271.629,11.7679,76.3075,92.89,54.4
48,75,1,271.697,11.7904,76.2119,94.35,54.43
49,75,1,271.598,11.7428,76.2161,90.9,54.18
50,75,0,0,0,0,0,52.26
51,75,0,0,0,0,0,54.94
52,75,1,274.209,48.8727,47.5592,94.88,59.38
53,75,1,274.072,48.818,47.5151,88.81,61.07
54,75,1,274.096,48.8371,47.5647,89.57,61.57
55,75,1,274.037,48.7803,47.5748,87.95,60.46
56,75,1,274.127,48.8721,47.5705,89.83,60.57
57,75,1,274.088,48.8844,47.5552,95.39,60.97
58,75,1,274.207,48.8703,47.5454,89.66,60.54
59,75,1,274.2,48.8845,47.5834,87.37,61.07
60,75,1,274.22,48.8519,47.5401,87.58,61.31
61,75,1,274.223,48.8774,47.5276,90.32,61.22
62,75,1,274.15,48.879,47.5656,89.7,60.75
63,75,1,274.163,48.8866,47.5776,90.06,60.47
64,75,1,274.187,48.8539,47.5844,86.81,60.78
65,75,1,274.14,48.8859,47.5747,96.21,60.65
66,75,1,274.097,48.8607,47.5536,88.98,60.05
67,75,1,274.083,48.8417,47.5526,90.1,60.39
68,75,1,274.242,48.8714,47.533,88.77,61.04
69,75,1,274.092,48.8587,47.5644,88.95,60.44
70,75,1,274.165,48.8869,47.5675,97.15,61.26
71,75,1,274.23,48.8055,47.5887,86.79,60.06
72,75,1,274.133,48.8688,47.5626,89.63,60.91
73,75,1,274.098,48.8909,47.5501,95.36,60.52
74,75,1,274.221,48.8233,47.5045,94.99,61.26
75,75,1,274.095,48.8572,47.5163,96.03,60.15
76,75,1,274.021,48.8928,47.5134,87.04,60.19
77,75,1,273.999,48.8837,47.577,88.42,60.86
78,75,1,274.076,48.8724,47.5707,96.77,61.76
79,75,1,274.149,48.8788,47.5141,89.5,61.31
80,75,1,274.075,48.8973,47.5717,87.3,59.97
81,75,1,274.118,48.8637,47.5238,89.86,60.87
82,75,1,274.056,48.8543,47.5884,90.17,60.65
83,75,1,274.016,48.9253,47.5861,86.69,60.56
84,75,1,274.043,48.7908,47.6147,87.98,61.51
85,75,1,274.171,48.7208,47.8042,78.82,60.35
86,75,1,274.112,48.9376,47.5629,88.46,60.98
87,75,1,274.088,48.7937,47.6372,89.4,60.6
88,75,1,273.972,48.8876,47.6068,88.67,61.08
89,75,1,274.065,48.9173,47.5437,88.56,60.64
90,75,1,274.081,48.9135,47.6238,95.88,59.92
91,75,1,273.998,48.8893,47.6093,96.25,60.31
92,75,1,274.065,48.8938,47.6311,85.51,60.32
93,75,1,274.034,48.9024,47.5642,88.73,59.59
94,75,1,274.054,48.8973,47.6452,85.55,59.77
95,75,0,0,0,0,0,60.93
96,75,1,274.07,48.9084,47.553,96.15,59.9
97,75,1,274.049,48.8898,47.6356,97.51,61.37
98,75,1,274.044,48.8865,47.5555,87.96,60.23
99,75,1,274.193,48.9499,47.5899,90.36,60.74
100,75,1,274.113,48.9478,47.5267,86.4,59.98
101,75,1,274.086,48.9975,47.5231,86.1,57.46
102,75,0,0,0,0,0,56.99
103,75,0,0,0,0,0,56.2
104,75,1,355.057,11.9018,25.0142,87.37,56.52
105,75,1,355.254,11.8514,24.8115,94.96,57.27
106,75,1,354.951,11.9156,25.1236,96.26,58.11
107,75,1,355.15,11.8636,24.9121,94.2,58.14
108,75,1,355.198,11.8818,24.8849,95.99,57.63
109,75,1,355.127,11.8718,24.8996,93.66,58.3
110,75,1,355.082,11.929,25.0242,95.86,57.07
111,75,0,0,0,0,0,56.39
112,75,0,0,0,0,0,56.4
113,75,0,0,0,0,0,58.51
114,75,1,274.059,48.9912,47.5254,94.29,58.63
115,75,1,273.987,48.9557,47.6251,92.08,59.23
116,75,1,274.085,48.9942,47.5193,89.81,60.78
117,75,1,273.992,48.96,47.6076,93.77,60.89
118,75,1,274.032,48.9698,47.5992,92.35,60.39
119,75,1,274.031,48.9228,47.5533,96.78,60.03
120,75,1,273.998,48.8992,47.53,89.71,60.23
121,75,1,274.095,48.9302,47.5202,89.22,61.65
122,75,1,274.05,48.9475,47.6021,89.24,60.44
123,75,1,273.946,48.9431,47.612,91.32,60.76
124,75,1,274.128,48.9739,47.5542,89.61,60.83
125,75,1,274.011,48.9561,47.5806,96.53,60.8
126,75,1,274.05,48.9521,47.6017,87.69,61.1
127,75,1,274.004,48.9885,47.5743,94.98,61.44
128,75,1,274.08,48.9696,47.541,88.88,60.96
129,75,1,274.163,48.9852,47.4967,88.67,60.71
130,75,1,274,48.9404,47.6146,90.74,61.61
131,75,1,273.994,48.9925,47.5351,86.21,60.13
132,75,1,273.961,48.9896,47.6099,92.5,60.31
133,75,1,274.151,49.0046,47.5391,90.08,60.8
134,75,1,274.059,49.0026,47.5894,89.97,60.66
135,75,1,274.021,49.0327,47.5754,86.62,60.51
136,75,1,274.059,48.9825,47.526,89.69,60.57
137,75,1,274.064,49.0317,47.597,94.5,60.09
138,75,1,273.976,48.9804,47.6221,96.27,61.01
139,75,1,273.96,48.9718,47.6222,97.13,60.4
140,75,1,273.982,49.0028,47.6292,94.03,60.04
141,75,1,274.018,48.9834,47.6396,88.82,60.38
142,75,1,274.003,48.9865,47.6733,88.84,60.36
143,75,1,273.976,48.9666,47.6312,88.99,60.89
144,75,1,274.005,49.0615,47.6935,87.89,59.96
145,75,1,273.972,48.9921,47.5496,87.59,60.43
146,75,1,274.023,49.0093,47.5694,91.51,59.12
147,75,1,274.04,49.0155,47.6,84.67,59.1
148,75,1,273.943,49.029,47.5569,84.77,57.2
149,75,0,0,0,0,0,56.81
150,75,0,0,0,0,0,56.63
151,75,1,354.813,11.8311,25.3107,89.43,56.47
152,75,1,354.736,11.8999,25.2799,94.41,57.02
153,75,1,354.871,11.8456,25.2229,95.57,57.38
154,75,1,354.831,11.8479,25.1271,93.95,57.49
155,75,1,354.675,11.8728,25.3517,95.47,58.08
156,75,1,354.778,11.8732,25.2011,96.05,58.75
157,75,1,354.703,11.8849,25.27,94.93,58.17
158,75,1,354.609,11.868,25.4662,95.02,58.94
159,75,1,354.792,11.8765,25.2264,95.35,57.97
160,75,1,354.773,11.8486,25.3411,95.16,58.66
161,75,1,354.531,11.8394,25.5397,94.38,58.06
162,75,1,354.875,11.8714,25.1387,96.03,58.75
163,75,1,354.913,11.9172,25.2312,95.9,58.48
164,75,1,354.697,11.8595,25.3642,93.85,58.42
165,75,1,354.48,11.951,25.5304,94.58,58.01
166,75,1,354.622,11.8813,25.4887,94.37,55.8
167,75,0,0,0,0,0,55.58
168,75,1,354.417,11.87,25.6719,93.66,56.01
169,75,1,354.659,11.9496,25.3569,96.32,56.35
170,75,1,354.534,11.8789,25.5373,94.59,57.67
171,75,1,354.646,11.8759,25.4511,94,59.36
172,75,1,354.541,12.0448,25.5731,95.67,58.76
173,75,1,354.626,11.897,25.3668,95.64,57.97
174,75,1,278.556,39.9554,55.4496,78.3,55.99
175,75,1,278.48,39.9967,55.3526,90.72,58.59
176,75,1,278.49,39.9779,55.3943,93.04,58.85
177,75,1,278.587,40.0001,55.3559,93.99,60.41
178,75,1,278.551,39.9748,55.389,93.38,59.5
179,75,1,278.53,39.9929,55.3856,94,58.89
180,75,1,278.54,39.9851,55.3762,92.43,59.71
181,75,1,278.55,39.9578,55.3851,93.81,60.07
182,75,1,278.503,39.9891,55.397,92.55,59.43
183,75,1,278.422,40.0048,55.4505,94.41,59.41
184,75,1,278.642,40.0333,55.396,92.9,61.01
185,75,1,278.513,39.975,55.4276,92.85,59.61
186,75,1,278.471,39.976,55.3851,91.54,60.56
187,75,1,278.575,40.0236,55.3884,92.02,60.58
188,75,1,278.419,40.0117,55.4508,93.86,60.3
189,75,1,278.555,40.0065,55.4134,95.13,60.62
190,75,1,278.46,39.9882,55.3989,92.93,60.18
191,75,1,278.595,40.0223,55.4145,92.39,60.13
192,75,1,278.467,39.9613,55.3721,93.7,59.91
193,75,1,278.467,40.0366,55.427,92.46,60.4
194,75,1,278.551,40.0281,55.3829,92.48,60.46
195,75,1,278.575,40.0658,55.3988,95.13,60.69
196,75,1,278.553,39.9998,55.4143,93.74,60.31
197,75,1,278.512,40.0758,55.4538,92.71,60.26
198,75,1,278.577,40.0565,55.454,91.91,60.41
199,75,1,278.4,39.9869,55.4751,93.99,60.1
200,75,1,278.425,39.9798,55.4939,93.4,60.45
201,75,1,278.413,40.0212,55.4954,94.1,60.43
202,75,1,278.495,40.0475,55.4992,93.22,59.96
203,75,1,278.525,40.0059,55.45,93.07,60.52
204,75,1,278.332,40.0123,55.4468,92.23,59.52
205,75,1,278.626,40.0852,55.3982,94.62,61.08
206,75,1,278.553,40.0963,55.3476,94.85,59.93
207,75,1,278.493,40.046,55.4141,95.83,60.25
208,75,1,278.464,40.0181,55.4047,94.69,60.83
209,75,1,278.586,40.0813,55.4101,92.04,60.66
210,75,1,278.516,40.0415,55.3997,92.79,60.52
211,75,1,278.533,40.0976,55.3823,92.53,60.01
212,75,1,278.423,40.0497,55.4164,92.31,60.14
213,75,1,278.539,40.0395,55.4196,96.26,60.43
214,75,1,278.473,40.0769,55.3999,93.18,59.6
215,75,1,278.48,40.0733,55.3917,91.53,59.45
216,75,1,278.528,40.0286,55.389,94.54,60.5
217,75,1,278.614,40.0688,55.3765,94.11,59.96
218,75,1,278.525,40.0789,55.4409,93.3,60.82
219,75,1,278.449,40.079,55.3816,90.91,60.6
220,75,1,278.456,40.0969,55.4182,91.91,60.01
221,75,1,278.653,40.1221,55.4565,94,61.41
222,75,1,278.489,40.0604,55.386,90.92,60.21
223,75,1,278.51,40.032,55.3656,94.66,60.53
224,75,1,278.501,40.0477,55.3977,95.17,60.44
225,75,1,278.555,40.1171,55.3133,93.74,58.02
226,75,1,66.2261,36.1494,80.1313,83.57,51.04
227,75,1,66.2684,36.0081,80.1471,91.33,52.79
228,75,1,66.3318,35.9454,80.1222,90.98,53.15
229,75,1,66.2176,36.0061,80.2215,91.85,53.76
230,75,1,66.1627,35.9708,80.2618,85.57,52.79
231,75,1,66.2719,36.0531,80.143,91.46,54.41
232,75,1,66.213,35.9506,80.18,90.25,52.98
233,75,1,66.3765,35.991,80.1057,88.33,55.09
234,75,1,66.3244,35.9899,80.172,91.78,53.86
235,75,1,66.2278,36.0238,80.1239,88.76,53.93
236,75,1,66.2064,36.0283,80.2185,91.86,53.97
237,75,1,66.2187,35.9817,80.0811,93.41,54.25
238,75,1,66.276,35.9839,80.1842,90.62,54.16
239,75,1,66.2666,35.9711,80.2062,87.58,54.37
240,75,1,66.1489,35.9733,80.2064,87.91,54.46
241,75,1,66.2544,35.9913,80.238,88.65,54.07
242,75,1,66.116,35.978,80.2236,88.38,54.36
243,75,1,66.2326,35.9592,80.2005,86.89,54.16
244,75,1,66.2249,35.9142,80.2912,85.22,54.35
245,75,1,66.2039,35.9752,80.0461,93.82,54.18
246,75,1,66.1967,35.9721,80.216,87.12,53.45
247,75,1,66.1682,35.9565,80.2111,85.95,53.97
248,75,1,66.2325,35.9074,80.2925,86.19,55.32
249,75,1,66.155,35.9078,80.2375,87.76,54.09
250,75,1,66.1319,35.9466,80.2427,88.39,53.83
251,75,1,66.1062,35.7291,80.4569,86.83,54.38
252,75,1,66.1195,35.9636,80.2461,86.45,54.08
253,75,1,66.1755,35.9164,80.2382,88.55,54.4
254,75,1,66.1802,35.8345,80.1053,84.74,40.72
255,75,0,0,0,0,0,34.49
0,76,0,0,0,0,0,35.93
1,76,0,0,0,0,0,36.63
2,76,0,0,0,0,0,36.51
3,76,0,0,0,0,0,36.07
4,76,1,271.638,11.6549,76.2101,87.88,41.56
5,76,1,271.626,11.6333,76.2185,93.81,52.86
6,76,1,271.648,11.6292,76.1976,92.86,53.46
7,76,1,271.669,11.6949,76.2646,93.8,54.61
8,76,1,271.658,11.6665,76.2257,94.02,54.11
9,76,1,271.721,11.6961,76.1926,95.13,55.08
10,76,1,271.639,11.6824,76.2593,93.43,53.88
11,76,1,271.696,11.6708,76.0999,93.64,54.23
12,76,1,271.684,11.7004,76.224,94.95,54.74
13,76,1,271.575,11.7153,76.3335,94.9,54.86
14,76,1,271.652,11.6811,76.239,93.23,54.42
15,76,1,271.667,11.6972,76.2286,95.22,54.8
16,76,1,271.717,11.7522,76.1515,93.47,54.99
17,76,1,271.775,11.7426,76.2186,94.86,55
18,76,1,272.009,11.7233,75.8184,90.96,54.44
19,76,1,271.586,11.6992,76.2848,91.41,54.51
20,76,1,271.533,11.7297,76.3464,92.64,55.46
21,76,1,271.525,11.6942,76.3345,92.99,55.29
22,76,1,271.584,11.7033,76.2309,92.49,55.29
23,76,1,271.776,11.7666,76.1487,93.53,54.55
24,76,1,271.935,11.7458,75.9785,95.31,55.28
25,76,1,271.568,11.7563,76.2986,92.9,55.52
26,76,1,271.554,11.731,76.288,92.71,53.81
27,76,1,271.521,11.7225,76.3239,94.1,55.35
28,76,1,271.682,11.7498,76.1594,91.9,54.85
29,76,1,271.578,11.7177,76.2523,94.04,55.05
30,76,1,271.615,11.7421,76.2696,94.05,55.34
31,76,1,271.68,11.7662,76.198,94.1,55.03
32,76,1,271.592,11.7507,76.3014,92.11,54.99
33,76,1,271.577,11.7499,76.2397,93.18,55.43
34,76,1,271.693,11.7376,76.1596,94.81,54.93
35,76,1,271.514,11.7381,76.3108,93.16,54.84
36,76,1,271.743,11.7233,76.0563,92.92,54.3
37,76,1,271.59,11.7432,76.2242,93.58,54.9
38,76,1,271.695,11.753,76.2044,94.73,55.36
39,76,1,271.655,11.7943,76.1883,95.12,55.38
40,76,1,271.586,11.7594,76.1959,92.83,55.91
41,76,1,271.666,11.7696,76.1955,93.34,55.5
42,76,1,271.564,11.7257,76.2902,93.41,54.75
43,76,1,271.435,11.7585,76.3203,93.23,54.87
44,76,1,271.711,11.7486,76.1028,93.2,55.02
45,76,1,271.782,11.7835,76.0955,93.41,55.08
46,76,1,271.752,11.7734,76.0893,93.35,53.98
47,76,1,271.764,11.7898,76.1449,96.02,55.18
48,76,1,271.619,11.7746,76.2942,92.45,55.06
49,76,1,271.676,11.811,76.1101,92.83,55.42
50,76,1,271.716,11.7779,76.199,96.17,53.49
51,76,0,0,0,0,0,52.2
52,76,0,0,0,0,0,54.19
53,76,0,0,0,0,0,59.63
54,76,1,274.097,48.892,47.5575,88.99,59.91
55,76,1,274.301,48.8355,47.5448,87.12,60.82
56,76,1,274.294,48.8746,47.5399,95.36,60.68
57,76,1,274.086,48.8078,47.5572,88.85,60.59
58,76,1,274.107,48.8535,47.5635,96.25,60.78
59,76,1,274.137,48.8786,47.5099,90.59,60.36
60,76,1,274.121,48.8644,47.5816,89.21,61.01
61,76,1,274.161,48.8676,47.5838,89.34,60.92
62,76,1,274.075,48.8528,47.5607,88.82,61.86
63,76,1,274.275,48.8424,47.4997,95.76,61.08
64,76,1,274.079,48.9421,47.61,88.85,60.31
65,76,1,274.158,48.8834,47.5525,89.22,61.09
66,76,1,274.131,48.8567,47.5744,98.18,61.46
67,76,1,274.148,48.8768,47.5718,91.26,60.41
68,76,1,274.053,48.8801,47.536,96.65,60.79
69,76,1,274.148,48.8832,47.5681,96,61.26
70,76,1,274.022,48.8518,47.577,90.34,60.93
71,76,1,274.085,48.8681,47.5728,90.03,61.25
72,76,1,274.121,48.8821,47.5778,89.5,60.51
73,76,1,274.029,48.9056,47.5935,88,60.52
74,76,1,274.058,48.8833,47.5714,88.25,60.76
75,76,1,274.154,48.872,47.6039,86.83,60.35
76,76,1,274.023,48.8639,47.5197,89.34,61.15
77,76,1,274.14,48.9029,47.5738,89.6,60.48
78,76,1,274.128,48.8759,47.4561,89.34,60.45
79,76,1,274.049,48.899,47.5596,88.84,61.29
80,76,1,274.184,48.8884,47.5726,87.28,60.63
81,76,1,274.143,48.9114,47.5992,88.79,61.39
82,76,1,274.181,48.8869,47.527,89.85,61.16
83,76,1,274.138,48.8838,47.5291,90.18,60.41
84,76,1,274.097,48.9119,47.6042,89.91,61.07
85,76,1,274.136,48.8757,47.5889,94.22,60.84
86,76,1,274.074,48.9182,47.5765,95.03,61.16
87,76,1,274.049,48.8672,47.5952,90.51,60.48
88,76,1,274.099,48.8918,47.5763,90.68,61.55
89,76,1,274.012,48.8815,47.6028,95.87,60.53
90,76,1,274.067,48.8759,47.5624,90.03,60.97
91,76,1,274.003,48.9308,47.5345,94.08,60.84
92,76,1,274.073,48.9246,47.5558,87.1,60.02
93,76,1,274.088,48.9034,47.6023,93.15,60.01
94,76,1,273.993,48.9376,47.5772,86.71,59.4
95,76,1,274.149,48.9271,47.5997,89.44,60.53
96,76,1,273.98,48.905,47.631,87.56,60.33
97,76,1,274.073,48.901,47.6053,90.88,60.05
98,76,1,274.051,48.8964,47.646,88.37,60.55
99,76,1,273.993,48.9096,47.6763,88.51,61.17
100,76,1,274.052,48.9313,47.5721,95.62,60.81
101,76,1,273.992,48.9197,47.6317,88.92,60.56
102,76,1,274.092,48.9526,47.6069,88.81,60.09
103,76,1,274.154,48.9651,47.5312,92.71,57.79
104,76,0,0,0,0,0,57.48
105,76,0,0,0,0,0,55.99
106,76,0,0,0,0,0,56.74
107,76,1,355.185,11.9252,24.8395,88.24,57.13
108,76,1,355.214,11.8709,24.9052,94.29,58
109,76,1,355.255,11.8735,24.7456,95.38,58.25
110,76,1,355.207,11.991,24.8795,95.93,58.58
111,76,1,355.237,11.9492,24.8775,96.52,58.31
112,76,1,355.311,11.8675,24.8702,95.02,57.91
113,76,0,0,0,0,0,56.81
114,76,0,0,0,0,0,57.48
115,76,0,0,0,0,0,57.45
116,76,1,274.041,49.0071,47.5206,86.42,58.36
117,76,1,274.068,48.9866,47.5719,87.1,59.23
118,76,1,274.009,48.9709,47.6053,92.93,59.43
119,76,1,274.024,48.9715,47.5805,89.84,61.1
120,76,1,273.995,48.99,47.6231,86.46,60.45
121,76,1,274.097,48.9531,47.6196,87.25,60.35
122,76,1,274.037,48.8764,47.659,88.7,60.79
123,76,1,274.054,48.9476,47.5799,93.49,61.07
124,76,1,274.069,48.9683,47.5855,88.2,60.69
125,76,1,274.18,48.9614,47.506,87.39,61.38
126,76,1,274.128,48.9877,47.5336,88.96,60.5
127,76,1,274.05,48.9753,47.6097,87.83,60.38
128,76,1,274.212,49.0026,47.5786,89.7,60.93
129,76,1,274.038,48.9287,47.4714,87.9,60.67
130,76,1,274.052,48.9807,47.5894,87.99,61.37
131,76,1,274.014,48.9538,47.5728,96.96,61.37
132,76,1,274.046,49.0046,47.5471,94.5,60.34
133,76,1,273.984,48.9774,47.6011,90.18,60.57
134,76,1,274.035,48.9791,47.5607,89.92,60.31
135,76,1,274.01,48.9985,47.6167,93.75,59.8
136,76,1,274.04,48.9683,47.6451,90.23,61.36
137,76,1,274.055,48.9764,47.6186,87.58,60.87
138,76,1,274.106,49.0025,47.5446,87.83,60.37
139,76,1,274.014,49.0331,47.666,85.06,60.24
140,76,1,273.998,48.9745,47.6254,88.97,60.91
141,76,1,273.975,49.0143,47.6688,87.37,60.17
142,76,1,274.013,48.9696,47.6361,88.74,60.42
143,76,1,273.926,48.9763,47.6884,88.27,61.3
144,76,1,273.977,49.027,47.6534,96.13,60.63
145,76,1,273.938,48.9895,47.6015,87.3,61.1
146,76,1,274.008,48.9839,47.6545,90.92,61.12
147,76,1,274.01,49.0193,47.5969,88.01,60.65
148,76,1,274.054,48.9908,47.5897,88.66,60.11
149,76,1,274.035,49.0316,47.5712,91.99,58.34
150,76,1,274.008,49.0257,47.5583,94.41,57.23
151,76,0,0,0,0,0,56.45
152,76,0,0,0,0,0,56.66
153,76,0,0,0,0,0,56.59
154,76,1,354.792,11.8537,25.2737,95.72,56.3
155,76,1,354.681,11.8589,25.434,96.56,57.11
156,76,1,354.718,11.8688,25.346,93.17,57.6
157,76,1,354.705,11.8776,25.3588,95.27,57.53
158,76,1,354.948,11.9074,25.077,97.46,58.73
159,76,1,354.791,11.8812,25.2433,95.58,58.79
160,76,1,354.643,11.8866,25.4191,95.98,58.05
161,76,1,354.964,11.9733,25.1302,95.23,58.36
162,76,1,354.558,11.9051,25.5374,95.6,57.83
163,76,1,354.738,11.8565,25.2732,96.45,58.78
164,76,1,354.373,11.9395,25.6653,95.01,58.66
165,76,1,354.682,11.8705,25.3469,96.49,58.67
166,76,1,354.559,12.0129,25.5497,95.47,58.18
167,76,1,354.586,11.8743,25.4517,96.26,57.6
168,76,1,354.558,11.9186,25.503,94.63,57.85
169,76,1,354.748,11.9531,25.3049,94.63,58.5
170,76,1,354.825,11.9553,25.2736,95.32,59.32
171,76,1,354.363,11.9444,25.7332,95.58,58.3
172,76,1,354.701,11.8754,25.4147,95.21,59.54
173,76,1,354.277,11.8805,25.7016,94.24,57.99
174,76,1,278.708,40.0333,55.3685,88.83,56.95
175,76,1,278.632,39.9901,55.3614,92.86,59.02
176,76,1,278.513,39.9864,55.3621,93.57,59.33
177,76,1,278.651,40.0026,55.3655,93.5,59.61
178,76,1,278.545,40.0435,55.4253,92.74,59.22
179,76,1,278.493,39.953,55.3893,94,60.03
180,76,1,278.538,39.9671,55.3731,91.24,60.02
181,76,1,278.538,39.9907,55.3884,93.95,60.18
182,76,1,278.54,39.9833,55.3887,92.54,59.41
183,76,1,278.469,40.0004,55.388,91.48,59.67
184,76,1,278.458,39.959,55.3839,94.52,59.5
185,76,1,278.498,39.9912,55.4193,93.16,60.95
186,76,1,278.503,39.989,55.412,94.05,59.97
187,76,1,278.552,39.9967,55.393,94.59,60.1
188,76,1,278.568,40.0276,55.3718,94.64,60.75
189,76,1,278.519,39.9676,55.4222,94.33,59.87
190,76,1,278.48,40.018,55.4147,89.94,60.01
191,76,1,278.578,40.0342,55.4096,91.93,60.29
192,76,1,278.509,40.0344,55.3947,91.42,60.29
193,76,1,278.444,39.9977,55.4238,93.85,60.18
194,76,1,278.589,40.047,55.4165,93.6,60.25
195,76,1,278.525,40.0086,55.4236,94.15,60.83
196,76,1,278.532,40.0005,55.3939,94.48,60.48
197,76,1,278.423,39.9912,55.4196,92.86,60.18
198,76,1,278.544,40.0489,55.4201,95.05,60.23
199,76,1,278.39,40.0185,55.5018,93.77,60.27
200,76,1,278.504,40.0701,55.5179,94.21,60.38
201,76,1,278.34,39.9938,55.5035,93.8,60.63
202,76,1,278.493,40.1026,55.5303,93.95,60.48
203,76,1,278.504,40.0323,55.4678,94.4,60.5
204,76,1,278.591,40.0502,55.4361,93.7,60.41
205,76,1,278.581,40.0803,55.4176,91.98,60.72
206,76,1,278.48,40.0169,55.3827,92.72,60.14
207,76,1,278.525,40.0508,55.4092,93.26,60.47
208,76,1,278.655,40.0753,55.3932,94.71,60.48
209,76,1,278.481,40.0588,55.3963,91.9,60.35
210,76,1,278.514,40.0154,55.4124,95.18,60.33
211,76,1,278.623,40.0978,55.4283,93.05,60.31
212,76,1,278.509,40.0353,55.4109,93.86,59.57
213,76,1,278.543,40.0641,55.4623,95.22,60.8
214,76,1,278.507,40.0214,55.3696,93.15,59.63
215,76,1,278.497,40.005,55.414,94.79,60.01
216,76,1,278.477,40.0051,55.3663,94.16,59.93
217,76,1,278.427,40.0188,55.4034,93.3,61.05
218,76,1,278.502,40.0283,55.3738,92.53,60.76
219,76,1,278.549,40.0702,55.3384,93.37,60.82
220,76,1,278.6,40.0999,55.4105,93.36,61.29
221,76,1,278.517,40.0453,55.3721,94.58,60.59
222,76,1,278.488,40.0391,55.389,93.8,60.32
223,76,1,278.574,40.0779,55.3784,93.14,61
224,76,1,278.499,40.0743,55.3675,92.05,59.77
225,76,1,278.597,40.1534,55.3663,91.94,56.1
226,76,1,66.3748,36.0501,80.1379,85.4,51.13
227,76,1,66.3236,36.014,80.0967,93.02,51.55
228,76,1,66.2528,36.0135,80.1671,84.88,54.47
229,76,1,66.3061,35.9542,80.1912,87.87,53.68
230,76,1,66.3844,36.0046,80.0699,90.98,54.36
231,76,1,66.1751,36.0158,80.1964,90.02,53.87
232,76,1,66.1451,35.9915,80.2382,91.59,53.99
233,76,1,65.9027,35.7527,80.5279,88.28,54.57
234,76,1,66.2824,35.9868,80.169,84.12,53.44
235,76,1,66.1779,36.009,80.2309,93.84,54.03
236,76,1,66.2796,35.8918,80.1624,85.45,54.07
237,76,1,66.1409,35.9979,80.252,89.25,54.86
238,76,1,66.092,35.9607,80.2188,90.29,54.21
239,76,1,66.3036,35.9763,80.199,88.35,53.66
240,76,1,66.1456,36.0154,80.2237,88.89,55
241,76,1,66.0715,35.7937,80.4079,86.39,54.92
242,76,1,66.2606,35.9482,80.2417,90.03,54.67
243,76,1,66.2519,36.0472,80.2265,87.99,54.17
244,76,1,66.104,36.0376,80.2858,89.84,54.34
245,76,1,66.1721,36.0226,80.2079,90.45,54.72
246,76,1,66.239,35.9715,80.2169,87.43,53.87
247,76,1,66.1512,36.0084,80.2075,89.4,55.29
248,76,1,66.1508,35.9584,80.2522,90.21,54.37
249,76,1,66.1713,35.9633,80.2641,88.06,54.52
250,76,1,66.0381,35.8826,80.3438,87.76,53.26
251,76,1,66.1062,35.913,80.3238,88.13,53.77
252,76,1,66.2708,35.7675,80.1724,89.44,53.35
253,76,1,65.9985,35.8626,80.3287,86.46,52.14
254,76,1,66.429,35.7499,80.0759,83.21,38.47
255,76,0,0,0,0,0,35.16
0,77,0,0,0,0,0,49.71
1,77,0,0,0,0,0,36.81
2,77,0,0,0,0,0,54.82
3,77,0,0,0,0,0,35.92
4,77,1,271.427,11.6451,76.4805,88.39,41.7
5,77,1,271.574,11.5991,76.3423,93.11,53.48
6,77,1,271.689,11.6757,76.1742,94.84,54.26
7,77,1,271.622,11.6525,76.2296,95.87,53.75
8,77,1,271.825,11.703,76.1547,93.14,54.04
9,77,1,271.763,11.6722,76.1437,94.74,54.16
10,77,1,271.757,11.741,76.0527,91.07,55.45
11,77,1,271.685,11.7093,76.2805,94.51,54.67
12,77,1,271.58,11.6695,76.2551,93.12,54.44
13,77,1,271.711,11.7068,76.144,93.95,55.23
14,77,1,271.682,11.7238,76.2584,90.94,54.07
15,77,1,271.618,11.6976,76.2957,94.12,55.26
16,77,1,271.623,11.7669,76.2272,94.31,55.43
17,77,1,271.672,11.7798,76.2613,92.81,55.15
18,77,1,271.662,11.7979,76.3576,93.48,55.25
19,77,1,271.786,11.7065,76.145,91.54,55.26
20,77,1,271.69,11.7151,76.1925,93.59,54.43
21,77,1,271.605,11.7002,76.3317,92.34,53.81
22,77,1,271.69,11.7575,76.1932,93.59,54.77
23,77,1,271.458,11.7706,76.3474,92.97,55.52
24,77,1,271.717,11.7698,76.1055,94.45,55.05
25,77,1,271.447,11.7077,76.3708,93.54,55.67
26,77,1,271.614,11.7929,76.25,92.85,54.57
27,77,1,271.597,11.7151,76.2809,93.69,54.18
28,77,1,271.556,11.7287,76.2931,93.62,54.64
29,77,1,271.469,11.7365,76.4406,92.28,54.51
30,77,1,271.732,11.7464,76.1386,95.39,54.98
31,77,1,271.658,11.7403,76.25,93.04,54.16
32,77,1,271.654,11.7558,76.2507,95.74,55.46
33,77,1,271.469,11.7643,76.4554,92.54,54.72
34,77,1,271.672,11.7615,76.2838,90.3,53.99
35,77,1,271.579,11.7557,76.3147,92.32,54.82
36,77,1,271.644,11.7566,76.2291,94.28,55.19
37,77,1,271.53,11.7506,76.3378,93.73,55.13
38,77,1,271.533,11.7586,76.3381,93.23,54.53
39,77,1,271.544,11.8152,76.3059,91.98,55.14
40,77,1,271.683,11.8068,76.2565,91.69,55.1
41,77,1,271.673,11.7691,76.2225,93.59,55.08
42,77,1,271.526,11.7115,76.2325,90.8,54.23
43,77,1,271.66,11.7566,76.171,93.07,54.58
44,77,1,271.633,11.7577,76.1817,92.14,54.58
45,77,1,271.711,11.7793,76.1852,95.11,55.31
46,77,1,271.712,11.825,76.1836,92.78,55.24
47,77,1,271.718,11.7794,76.1927,92.87,54.88
48,77,1,271.664,11.7621,76.141,94.21,55.44
49,77,1,271.605,11.8193,76.2384,93.1,55.67
50,77,1,271.702,11.8441,76.2406,93.67,55.68
51,77,1,271.683,11.7437,76.2839,93.92,53.02
52,77,0,0,0,0,0,53.08
53,77,0,0,0,0,0,55.18
54,77,1,274.123,48.8577,47.4848,92.55,58.44
55,77,1,274.097,48.8549,47.5342,93.54,59.79
56,77,1,274.171,48.93,47.5789,89.52,59.77
57,77,1,274.197,48.807,47.5532,87.25,61.7
58,77,1,274.122,48.8774,47.6015,97.73,60.56
59,77,1,274.127,48.8652,47.5728,88.61,61.29
60,77,1,274.007,48.8234,47.5771,90.2,61.44
61,77,1,274.156,48.8349,47.5412,89.5,60.46
62,77,1,274.165,48.8002,47.5451,96.86,61.85
63,77,1,274.122,48.8619,47.5189,88.33,61.28
64,77,1,274.095,48.8433,47.5652,88.27,60.47
65,77,1,274.067,48.8428,47.5748,90.91,60.65
66,77,1,274.069,48.8735,47.5844,95.13,60.52
67,77,1,274.087,48.8555,47.5723,90.33,61.27
68,77,1,274.092,48.8502,47.5985,91.05,60.74
69,77,1,274.081,48.9373,47.6097,87.52,60.24
70,77,1,274.033,48.8396,47.596,90.25,60.8
71,77,1,274.295,48.9292,47.5835,87.65,60.87
72,77,1,274.129,48.8762,47.5667,89.19,60.75
73,77,1,274.12,48.88,47.5161,90.48,60.34
74,77,1,274.124,48.9259,47.5663,88.23,60.91
75,77,1,274.082,48.8852,47.4281,89.06,61.23
76,77,1,274.194,48.8126,47.6543,86.84,60.45
77,77,1,274.078,48.8938,47.584,89.99,61.05
78,77,1,274.231,48.8836,47.5708,87.53,60.66
79,77,1,274.06,48.8745,47.5632,97.12,60.91
80,77,1,274.163,48.8726,47.5256,90.32,60.19
81,77,1,274.159,48.8576,47.5343,97.05,61.36
82,77,1,274.06,48.9109,47.5493,88.54,60
83,77,1,273.971,48.8952,47.6259,95.71,61.22
84,77,1,273.942,48.8907,47.5958,87.78,60.72
85,77,1,274.034,48.8347,47.5982,89.13,60.46
86,77,1,274.233,48.9184,47.5349,90.29,60.85
87,77,1,274.152,48.8852,47.5696,89.62,60.48
88,77,1,274.202,48.9031,47.541,95.73,60.33
89,77,1,274.11,48.8967,47.6139,89.29,60.45
90,77,1,274.095,48.963,47.5472,88.8,60.42
91,77,1,273.939,48.8818,47.5523,94.7,60.7
92,77,1,274.217,48.9578,47.5824,89.28,61.26
93,77,1,274.156,48.8604,47.5868,95.2,60.32
94,77,1,273.971,48.8444,47.616,87.61,60.28
95,77,1,274.069,48.9044,47.6011,90.03,60.32
96,77,1,274.014,48.9214,47.6227,91.07,59.88
97,77,1,273.951,48.9252,47.5609,94.43,61.23
98,77,1,274.041,48.9256,47.6536,88.44,60.83
99,77,1,274.027,48.9572,47.5907,87.15,61.18
100,77,1,274.008,48.9215,47.5994,89.14,60.98
101,77,1,274.115,48.8961,47.4948,88.24,60.9
102,77,1,274.012,48.9226,47.5182,88,60.88
103,77,1,274.113,48.9063,47.6151,95.91,61.1
104,77,1,274.024,48.9452,47.5597,84.49,59.69
105,77,1,274.065,48.9651,47.5524,95.23,58.63
106,77,0,0,0,0,0,57.67
107,77,0,0,0,0,0,56.53
108,77,0,0,0,0,0,56.88
109,77,1,355.249,11.8504,24.808,88.46,56.94
110,77,1,355.344,11.8664,24.8571,93.46,57.13
111,77,1,355.263,11.8688,24.7589,94.68,58.55
112,77,1,355.186,11.889,24.9146,96.04,58.29
113,77,1,355.282,11.9212,24.8333,95.77,58.87
114,77,1,355.131,11.897,24.9505,92.75,58.49
115,77,1,355.072,11.9473,25.0384,96.21,56.69
116,77,0,0,0,0,0,56.3
117,77,0,0,0,0,0,57.35
118,77,1,274.064,48.9892,47.5568,84.94,57.65
119,77,1,274.011,48.96,47.5337,93.91,59.65
120,77,1,274.115,48.9878,47.5677,84.95,59.26
121,77,1,274.009,49.0002,47.5149,93.95,60.43
122,77,1,274.036,48.9673,47.6015,88.05,60.69
123,77,1,273.953,48.987,47.6209,85.17,60.24
124,77,1,274.049,48.9402,47.5976,86.25,59.8
125,77,1,274.082,48.927,47.5356,93.8,60.01
126,77,1,274.023,49.0031,47.6329,88.36,60.99
127,77,1,274.041,48.9769,47.5368,87.35,60.49
128,77,1,274.007,48.9254,47.6023,85.74,60
129,77,1,274.072,48.9539,47.5272,88.18,60.75
130,77,1,274.153,48.9783,47.5798,91.21,60.66
131,77,1,273.926,48.9921,47.5816,93.3,61.27
132,77,1,274.087,49.0013,47.6255,90.75,60.88
133,77,1,274.025,49.051,47.6195,87.72,60.42
134,77,1,273.935,49.0186,47.6625,88.79,61.1
135,77,1,273.991,48.9636,47.6063,86.69,60.96
136,77,1,274.091,48.9828,47.5468,95.81,60.71
137,77,1,273.979,49.0477,47.6484,87.39,60.57
138,77,1,274.055,48.9812,47.5331,88.87,61.07
139,77,1,273.999,48.9678,47.5292,87.8,60.85
140,77,1,274.032,48.9719,47.6228,88.81,60.75
141,77,1,274.041,49.0065,47.5816,94.81,60.61
142,77,1,274.101,49.0042,47.5811,90.15,61.06
143,77,1,274.05,48.9793,47.6591,89.01,60.62
144,77,1,274.095,49.0276,47.5967,93.03,60.33
145,77,1,274.109,48.9591,47.5696,88.64,60.84
146,77,1,273.94,48.9951,47.6286,95.09,60.58
147,77,1,273.924,48.9909,47.7158,88.91,61.32
148,77,1,274.058,48.9975,47.6122,89.97,60.32
149,77,1,274.135,49.0129,47.6315,87.66,61.28
150,77,1,274.116,49.0286,47.6685,88.74,60.32
151,77,1,273.983,49.0253,47.6159,85.78,59.39
152,77,1,274.048,49.0321,47.5522,91.56,57.62
153,77,0,0,0,0,0,57.46
154,77,0,0,0,0,0,56.59
155,77,0,0,0,0,0,55.83
156,77,0,0,0,0,0,56.52
157,77,1,354.905,11.8424,25.098,88.49,56.16
158,77,1,354.734,11.8662,25.3014,94.74,57.31
159,77,1,354.602,11.8739,25.4216,95.85,57.36
160,77,1,354.761,11.8431,25.3324,95.47,57.74
161,77,1,354.692,11.8751,25.2454,94.84,57.96
162,77,1,354.775,11.8559,25.2386,95.08,59.05
163,77,1,354.582,11.8926,25.442,95.24,58.02
164,77,1,354.621,11.8737,25.3336,94.14,58.29
165,77,1,354.984,11.9448,25.1506,95.06,58.9
166,77,1,354.641,11.9823,25.4838,96.31,58.57
167,77,1,354.723,11.865,25.3158,96.17,58.33
168,77,1,354.577,11.8892,25.4828,96.53,57.72
169,77,1,354.526,11.8819,25.5532,95.3,57.8
170,77,1,354.722,11.8896,25.2895,95.12,59.11
171,77,1,354.736,11.9558,25.2363,96.75,58.91
172,77,1,354.71,11.8977,25.2938,94.97,58.94
173,77,1,354.537,11.8785,25.4368,94.26,56.3
174,77,1,278.688,40.0182,55.2922,89.73,58.18
175,77,1,278.575,39.9775,55.3684,92.66,59.33
176,77,1,278.514,39.9066,55.353,93.49,59.81
177,77,1,278.524,39.9793,55.3748,94.05,59.3
178,77,1,278.486,39.9694,55.3792,91.06,59.29
179,77,1,278.525,39.9372,55.352,94.05,59.91
180,77,1,278.613,40.0339,55.3593,94.52,59.71
181,77,1,278.575,39.9726,55.3577,94.07,60.08
182,77,1,278.514,39.9889,55.4213,91.09,60.24
183,77,1,278.536,39.9453,55.4312,94.04,60.76
184,77,1,278.437,39.9911,55.4085,92.66,59
185,77,1,278.475,39.9883,55.4083,93.73,59.45
186,77,1,278.488,39.9964,55.4128,90.77,58.79
187,77,1,278.49,39.987,55.4086,95.21,59.88
188,77,1,278.575,40.002,55.4082,94.23,60.43
189,77,1,278.485,40.0016,55.3815,93.72,60.2
190,77,1,278.631,40.0885,55.3908,94.38,60.35
191,77,1,278.487,39.9672,55.4161,94.77,60.39
192,77,1,278.491,40.0131,55.3938,90.62,59.76
193,77,1,278.463,39.9628,55.3513,96.16,59.88
194,77,1,278.577,40.0039,55.4058,96.26,60.13
195,77,1,278.507,40.0052,55.3998,92.95,60.67
196,77,1,278.509,40.0334,55.4367,91.77,59.55
197,77,1,278.444,40.021,55.4535,91.3,60.11
198,77,1,278.407,39.9962,55.4632,92.94,60.54
199,77,1,278.469,40.0619,55.4671,96.26,60.45
200,77,1,278.39,40.0016,55.5076,93.61,59.94
201,77,1,278.479,40.0464,55.5443,92.98,60.58
202,77,1,278.578,40.0867,55.493,94.14,60.73
203,77,1,278.457,40.0161,55.4624,92.78,60.14
204,77,1,278.526,39.9413,55.4048,92.68,60.75
205,77,1,278.602,40.0529,55.3961,94.82,60.67
206,77,1,278.476,40.0175,55.4453,93.06,60.39
207,77,1,278.528,40.0129,55.4281,93.66,60.64
208,77,1,278.539,40.004,55.3826,95.66,60.17
209,77,1,278.583,40.0352,55.4099,94.89,60.4
210,77,1,278.556,40.0255,55.3772,95.09,60.64
211,77,1,278.655,40.0463,55.3768,96.73,60.94
212,77,1,278.468,40.014,55.376,94.52,60.59
213,77,1,278.517,40.0619,55.4183,94.17,61.04
214,77,1,278.589,40.0861,55.3811,93.77,60.16
215,77,1,278.499,40.0096,55.3607,94.01,59.18
216,77,1,278.567,40.0967,55.4109,93.5,60.04
217,77,1,278.566,40.1056,55.4151,94.3,61.06
218,77,1,278.483,40.027,55.3756,91.75,60.33
219,77,1,278.617,40.0949,55.337,92.4,61.03
220,77,1,278.512,40.0471,55.3782,91.22,60.89
221,77,1,278.459,40.0399,55.378,92.61,60.69
222,77,1,278.447,40.0328,55.4206,92.72,60.67
223,77,1,278.511,40.0375,55.3831,92.98,60.66
224,77,1,278.53,40.0293,55.3534,96.04,60.56
225,77,0,0,0,0,0,53.96
226,77,1,168.101,26.9339,24.076,84.95,52.83
227,77,1,66.2778,36.0585,80.0398,87.42,52.07
228,77,1,66.3437,35.9799,80.1679,90.46,53.29
229,77,1,66.2896,36.0108,80.2025,90.52,53.02
230,77,1,66.1798,35.9883,80.2187,89.19,53.81
231,77,1,66.3142,35.9934,80.1637,87.58,53.95
232,77,1,66.3479,36.0299,80.0141,94.42,54.77
233,77,1,66.3401,35.9994,80.1356,86.98,54.21
234,77,1,66.2813,35.9615,80.0542,92.01,53
235,77,1,66.2058,36.012,80.2228,90.91,53.74
236,77,1,66.1884,36.0317,80.199,92.17,53.75
237,77,1,66.2326,35.8232,80.1073,90.2,53.71
238,77,1,66.2489,35.9594,80.255,89.35,53.9
239,77,1,66.1899,35.9784,80.2123,89.76,54.74
240,77,1,66.2015,35.9755,80.1942,90.94,53.85
241,77,1,66.2268,36.0215,80.1452,90.16,54.58
242,77,1,66.1106,35.984,80.2147,87.67,54.46
243,77,1,66.2801,35.9939,80.1611,90.53,54.71
244,77,1,66.2988,35.9358,80.2089,86.05,54.24
245,77,1,66.1634,35.9599,80.2589,87.29,54.44
246,77,1,66.2037,35.949,80.1886,90.94,54.14
247,77,1,66.1833,35.925,80.2518,89.35,54.06
248,77,1,66.2182,35.9719,80.1184,91.63,55.25
249,77,1,66.1763,35.9578,80.2103,90.18,54.16
250,77,1,66.1985,35.9765,80.1876,87.6,54.98
251,77,1,66.3184,35.9405,80.2085,88.74,54.23
252,77,1,66.1786,35.9177,80.2684,91.26,54.57
253,77,1,66.323,35.845,80.0504,88.29,50.51
254,77,1,66.3866,35.8003,79.9792,78.09,36.97
255,77,0,0,0,0,0,35.65
0,78,0,0,0,0,0,48.4
1,78,0,0,0,0,0,33.93
2,78,0,0,0,0,0,34.58
3,78,0,0,0,0,0,34.48
4,78,1,271.417,11.5376,76.4632,90.41,42.65
5,78,1,271.755,11.6882,76.2118,93.71,53.01
6,78,1,271.631,11.6757,76.3069,94.34,54.09
7,78,1,271.476,11.6488,76.3028,91.4,54.74
8,78,1,271.726,11.6804,76.2052,93.69,54.59
9,78,1,271.802,11.6889,76.1556,92.53,54.06
10,78,1,271.627,11.6753,76.2123,93.66,53.94
11,78,1,271.741,11.7549,76.1795,90.23,54.81
12,78,1,271.695,11.6769,76.1927,91.97,54.68
13,78,1,271.77,11.7478,76.0757,94.2,54.8
14,78,1,271.624,11.7064,76.2447,91.98,55.09
15,78,1,271.67,11.6996,76.2425,93.61,54.71
16,78,1,271.606,11.6924,76.3155,94.48,54.8
17,78,1,271.453,11.7116,76.3982,94.82,55
18,78,1,271.617,11.7081,76.3132,95,54.76
19,78,1,271.474,11.7091,76.3963,93.64,55.35
20,78,1,271.493,11.7339,76.3648,85.81,55.1
21,78,1,271.556,11.7409,76.2928,93.47,54.75
22,78,1,271.792,11.7851,76.157,95.9,54.95
23,78,1,271.527,11.7217,76.281,94.55,54.64
24,78,1,271.661,11.7651,76.3081,92.44,55.34
25,78,1,271.668,11.7636,76.3321,92.25,55.44
26,78,1,271.619,11.767,76.3153,93.32,54.85
27,78,1,271.541,11.7226,76.3049,93.6,55.57
28,78,1,271.24,11.78,76.4737,91.86,55.22
29,78,1,271.571,11.8049,76.3154,91.02,55.87
30,78,1,271.555,11.7852,76.3491,92.48,54.8
31,78,1,271.615,11.7428,76.233,95.11,55.14
32,78,1,271.584,11.8582,76.4359,91.91,55.44
33,78,1,271.57,11.7102,76.2347,93.25,54.37
34,78,1,271.591,11.784,76.2981,90.72,55
35,78,1,271.573,11.7521,76.2843,92.54,55.01
36,78,1,271.575,11.7406,76.3147,91.99,54.83
37,78,1,271.682,11.7853,76.2251,94.02,54.94
38,78,1,271.553,11.7798,76.3206,93.95,55.28
39,78,1,271.594,11.7496,76.2917,92.36,53.84
40,78,1,271.674,11.7838,76.2779,91.97,54.62
41,78,1,271.702,11.7995,76.119,92.71,55.46
42,78,1,271.578,11.7498,76.2548,93.31,56.05
43,78,1,271.655,11.7657,76.227,93.91,54.5
44,78,1,271.659,11.7768,76.1987,94.97,54.88
45,78,1,271.574,11.7955,76.3298,85.93,55.1
46,78,1,271.685,11.7793,76.2307,93.33,55.26
47,78,1,271.612,11.8221,76.2306,94.19,55.4
48,78,1,271.653,11.7702,76.2213,95.68,54.67
49,78,1,271.602,11.771,76.3065,94.79,56.04
50,78,1,271.618,11.7901,76.3136,96.57,56.07
51,78,1,271.593,11.7614,76.2319,94.53,55.03
52,78,1,271.758,11.8002,76.1693,92.35,53.56
53,78,0,0,0,0,0,51.72
54,78,0,0,0,0,0,54.52
55,78,1,274.081,48.8519,47.5813,85.19,58.2
56,78,1,274.111,48.9347,47.5994,87.7,60.41
57,78,1,274.143,48.8543,47.4917,89.5,60.79
58,78,1,274.085,48.868,47.5389,96.87,60.14
59,78,1,274.148,48.8689,47.5407,90.5,60.75
60,78,1,274.112,48.8428,47.5394,88.66,61.14
61,78,1,274.052,48.9226,47.585,88.03,60.03
62,78,1,274.108,48.7996,47.5165,90.09,61.73
63,78,1,274.088,48.877,47.5418,87.32,61.43
64,78,1,274.183,48.9121,47.5705,90.31,60.76
65,78,1,274.12,48.8575,47.5548,90.2,61.45
66,78,1,274.12,48.8238,47.5677,87.3,60.62
67,78,1,274.219,48.8204,47.6011,96.36,61.35
68,78,1,274.095,48.9461,47.586,88.21,59.86
69,78,1,274.117,48.8703,47.5861,89.92,61.75
70,78,1,274.138,48.8642,47.5577,90.33,61.1
71,78,1,274.123,48.882,47.5749,89.14,61.05
72,78,1,274.11,48.8689,47.5661,88.73,60.75
73,78,1,274.108,48.8616,47.5094,89,60.88
74,78,1,274.156,48.8899,47.5856,89.6,60.85
75,78,1,274.133,48.9015,47.5537,88.57,60.53
76,78,1,274.131,48.8768,47.5641,91.14,60.84
77,78,1,274.254,48.8318,47.574,88.19,61.27
78,78,1,274.045,48.8554,47.5416,89.92,60.69
79,78,1,274.098,48.8991,47.6278,87.57,60.35
80,78,1,274.065,48.9214,47.5097,87.63,60.75
81,78,1,274.12,48.8761,47.6237,86.06,60.2
82,78,1,274.056,48.8769,47.526,89.23,61.31
83,78,1,273.985,48.9126,47.5905,94.72,61.11
84,78,1,274.113,48.8707,47.5398,89.35,61
85,78,1,274.084,48.9004,47.5773,96.39,61.28
86,78,1,274.073,48.8816,47.5871,88.04,61.6
87,78,1,274.127,48.8336,47.5087,96.47,61.34
88,78,1,274.086,48.922,47.6176,88.72,60.52
89,78,1,274.052,48.8549,47.5961,87.59,60.52
90,78,1,274.123,48.9269,47.5928,90.21,60.32
91,78,1,274.07,48.9035,47.597,97.49,60.34
92,78,1,274.027,48.8654,47.6024,86.57,60.37
93,78,1,274.053,48.9576,47.6095,93.91,60.74
94,78,1,274.013,48.9269,47.6038,88.55,60.6
95,78,1,273.975,48.8837,47.6378,90.23,60.41
96,78,1,274.064,48.9013,47.61,89.79,61.46
97,78,1,274.158,48.9161,47.5885,90.09,61.83
98,78,1,274.059,48.9432,47.6451,87.09,60.96
99,78,1,274.097,48.8776,47.607,93.44,60.26
100,78,1,273.997,48.9206,47.5612,93.17,60
101,78,1,274.068,48.9007,47.653,89.3,60.61
102,78,1,274.212,48.9549,47.5911,89.91,60.77
103,78,1,274.098,48.9347,47.6281,87.32,60.6
104,78,1,274.125,48.9649,47.6414,90.68,60.72
105,78,1,274.1,48.9326,47.5707,89.96,61.28
106,78,1,274.069,48.9853,47.54,94.22,59.12
107,78,1,274.092,48.9616,47.5422,92.15,57.74
108,78,1,274.021,48.941,47.5846,92.64,57.9
109,78,0,0,0,0,0,57.06
110,78,0,0,0,0,0,56.77
111,78,0,0,0,0,0,57.62
112,78,1,355.393,11.8581,24.6485,95.42,56.86
113,78,1,355.251,11.8253,24.7892,95.21,57.99
114,78,1,355.18,11.872,24.8842,94.15,57.61
115,78,1,355.052,11.8437,25.0475,94.71,57.51
116,78,1,355.3,11.8914,24.7737,95.21,57.65
117,78,1,354.873,11.9681,25.2683,87.09,57.12
118,78,0,0,0,0,0,57.68
119,78,0,0,0,0,0,56.88
120,78,0,0,0,0,0,57.69
121,78,1,274.066,48.9821,47.5443,94.13,58.33
122,78,1,274.059,48.9961,47.5504,94.05,59.25
123,78,1,274.018,48.9745,47.6178,94.02,60.42
124,78,1,273.998,48.9673,47.5726,88.35,60.45
125,78,1,274.077,48.9865,47.6135,89.78,60.96
126,78,1,274.008,48.9698,47.5662,94.67,60.5
127,78,1,274.063,48.9486,47.5644,94.3,60.12
128,78,1,274.037,48.9297,47.502,89.48,59.96
129,78,1,273.958,48.9577,47.6193,89.43,61.1
130,78,1,274.07,48.9754,47.5723,88.72,60.67
131,78,1,274.033,49.0303,47.5989,86.29,60.22
132,78,1,273.97,48.9922,47.6097,88.53,61.12
133,78,1,273.994,49.0084,47.5589,88.82,61.12
134,78,1,273.924,49.0128,47.5983,93.13,60.06
135,78,1,274.009,48.9616,47.5833,89.49,60.83
136,78,1,274.008,49.0126,47.6509,88.04,60.3
137,78,1,274.14,49.0188,47.6353,89.02,60.24
138,78,1,273.977,48.9904,47.5395,93.13,60.01
139,78,1,273.964,48.9456,47.5623,89.53,60.33
140,78,1,274.027,48.9957,47.6233,95.66,60.92
141,78,1,274.123,49.0097,47.6068,88.57,60.37
142,78,1,274.066,48.9648,47.5541,88.1,60.55
143,78,1,273.997,48.948,47.5512,89.51,60.05
144,78,1,274.079,49.0121,47.5995,96.38,60.17
145,78,1,274.037,49.045,47.5786,89.13,61.23
146,78,1,273.87,49.0292,47.696,88.18,60.11
147,78,1,274.036,49.0366,47.6609,87.68,60.81
148,78,1,274.033,48.9962,47.5738,89.48,59.91
149,78,1,274.003,49.0403,47.6626,95.8,59.99
150,78,1,273.937,49.0055,47.6974,88.37,60.56
151,78,1,273.949,48.9739,47.6059,96.24,60.89
152,78,1,274.055,49.0455,47.5976,87.22,60.02
153,78,1,273.972,49.0445,47.592,87.18,59.95
154,78,1,273.985,49.051,47.6008,84.9,59.44
155,78,1,273.974,49.0452,47.5992,90.98,58.4
156,78,1,274,49.0229,47.5448,91.02,58.49
157,78,0,0,0,0,0,56.88
158,78,0,0,0,0,0,57.56
159,78,0,0,0,0,0,57.31
160,78,1,354.501,12.0032,25.5815,95.66,57.76
161,78,1,354.652,11.8518,25.2956,93.02,57.82
162,78,1,354.615,12.0046,25.4678,95.85,58.03
163,78,1,354.891,11.8376,25.2307,94.46,59.02
164,78,1,354.359,11.9002,25.7855,95.11,57.42
165,78,1,354.722,11.8605,25.3431,94.35,58.92
166,78,1,354.589,11.882,25.469,92.34,58.78
167,78,1,354.759,11.9742,25.2873,95.74,58.26
168,78,1,354.492,11.8957,25.4679,96.31,58.41
169,78,1,354.513,11.853,25.4852,95.88,58.72
170,78,1,354.396,11.9112,25.7128,96.06,58.22
171,78,1,354.756,11.9546,25.3583,94.53,58.99
172,78,1,354.415,11.8915,25.6203,93.99,58.26
173,78,1,354.417,11.8599,25.5241,92.74,57.17
174,78,1,278.681,40.0183,55.3502,91.52,58.01
175,78,1,278.613,40.0064,55.344,95.48,59.9
176,78,1,278.504,39.9919,55.3947,92.47,59.82
177,78,1,278.532,39.9808,55.364,94.15,59.2
178,78,1,278.548,39.9753,55.3572,94.2,60.39
179,78,1,278.56,39.9951,55.3937,92.12,59.36
180,78,1,278.59,39.9956,55.3795,93.59,59.34
181,78,1,278.515,39.975,55.3872,93.9,59.02
182,78,1,278.501,39.9731,55.4283,93.76,59.82
183,78,1,278.621,40.0105,55.4067,93.25,60.41
184,78,1,278.478,39.9528,55.4413,90.65,60.34
185,78,1,278.557,40.0027,55.3474,95.19,60.32
186,78,1,278.512,39.9629,55.4094,93.68,59.78
187,78,1,278.49,39.9879,55.3678,93.13,60.7
188,78,1,278.505,39.9858,55.3858,93.23,60.37
189,78,1,278.56,39.9832,55.3628,94.36,59.93
190,78,1,278.5,39.9968,55.4128,94.4,60.26
191,78,1,278.609,40.0369,55.416,92.33,60.47
192,78,1,278.478,39.9865,55.3964,93.56,60.61
193,78,1,278.56,39.9886,55.441,92.95,59.89
194,78,1,278.648,40.0655,55.4036,92.97,60.64
195,78,1,278.525,40.0222,55.4037,92.48,59.17
196,78,1,278.459,40.0232,55.4328,93.65,60.37
197,78,1,278.567,40.0816,55.4164,96.61,61.31
198,78,1,278.517,40.0695,55.5072,91.83,61.19
199,78,1,278.46,40.0721,55.4514,93.61,59.83
200,78,1,278.364,40.048,55.5239,91.14,59.63
201,78,1,278.521,40.0589,55.4466,94.77,60.49
202,78,1,278.532,40.0084,55.4391,88.61,60.38
203,78,1,278.443,40.0069,55.4604,94.83,60.44
204,78,1,278.554,40.0779,55.4233,96.42,60.57
205,78,1,278.474,40.0047,55.4203,94.89,60.55
206,78,1,278.673,40.0706,55.3886,94.91,60.95
207,78,1,278.577,40.0442,55.4149,93.46,61.38
208,78,1,278.51,40.0593,55.4306,94.11,60.2
209,78,1,278.43,40.0092,55.4037,92.93,59.82
210,78,1,278.582,40.1044,55.3788,92.24,59.96
211,78,1,278.477,40.048,55.3823,91.98,59.5
212,78,1,278.621,40.1132,55.4303,95.78,60.79
213,78,1,278.59,40.0902,55.3959,94.11,60.45
214,78,1,278.444,40.0247,55.3786,95.24,60.01
215,78,1,278.613,40.1002,55.4208,94.33,60.26
216,78,1,278.523,40.0558,55.4091,92.14,60.78
217,78,1,278.47,40.0647,55.4125,93.2,60.45
218,78,1,278.495,40.0551,55.4022,92.88,60.41
219,78,1,278.503,40.0801,55.3847,91.88,59.8
220,78,1,278.495,40.0365,55.381,91.2,60.36
221,78,1,278.638,40.1069,55.4323,95.32,60.71
222,78,1,278.472,40.0335,55.3395,93.46,60.09
223,78,1,278.482,40.0713,55.3903,92.13,60.1
224,78,1,278.599,40.1395,55.4075,91.07,58.15
225,78,0,0,0,0,0,54.33
226,78,1,168.043,26.9514,24.1124,94.98,56.83
227,78,1,167.978,26.9328,24.1205,94.77,55.28
228,78,0,0,0,0,0,51.77
229,78,1,66.4406,36.03,80.0762,94.53,52.67
230,78,1,66.2288,36.0291,80.1567,88.97,53.73
231,78,1,66.2376,36.0135,80.221,90.04,53.85
232,78,1,66.2377,35.992,80.2291,90.6,53.63
233,78,1,66.3638,36.0281,80.1363,90.77,53.71
234,78,1,66.1139,35.9594,80.2567,90.46,54.45
235,78,1,66.1922,35.9492,80.2139,86.13,53.99
236,78,1,66.2698,35.9823,80.1842,85.47,54.29
237,78,1,66.284,36.0002,80.1581,88.98,54.98
238,78,1,66.3161,36.0443,80.1175,91.56,54.81
239,78,1,65.8946,35.7296,80.4476,87.52,54.25
240,78,1,66.2036,36.0301,80.153,90.05,55.25
241,78,1,66.1596,35.93,80.2764,85.39,53.08
242,78,1,66.223,36.0136,80.1686,93.48,54.14
243,78,1,66.2581,35.9686,80.2217,87.95,55.05
244,78,1,66.2386,35.9681,80.1872,89.1,54.05
245,78,1,66.3004,36.0124,80.2048,90.43,54.46
246,78,1,66.3014,35.9786,80.1748,90.91,54.37
247,78,1,66.1039,35.9454,80.2221,88.03,54.36
248,78,1,66.2017,35.9915,80.1875,90.05,54.96
249,78,1,66.1423,36.016,80.2195,91.05,54.88
250,78,1,66.1885,35.9095,80.2524,88.44,54.48
251,78,1,66.247,35.9391,80.0575,92.14,54.2
252,78,1,66.0494,35.9179,80.2564,87.76,54.35
253,78,1,66.1753,35.851,80.1901,87.13,49.88
254,78,0,0,0,0,0,36.67
255,78,0,0,0,0,0,35.91
0,79,0,0,0,0,0,49.43
1,79,0,0,0,0,0,33.43
2,79,0,0,0,0,0,32.35
3,79,2,190.565,45.4745,66.7474,38.04,34.47
4,79,1,271.322,11.5802,76.5224,93.55,42.72
5,79,1,271.562,11.6495,76.2783,91.68,53.34
6,79,1,271.56,11.6747,76.3002,94.86,54.02
7,79,1,271.622,11.6724,76.1835,94.3,54.72
8,79,1,271.649,11.684,76.2681,94.12,54.7
9,79,1,272.041,11.7316,75.8723,91.12,54.28
10,79,1,271.682,11.7126,76.28,97.03,54.5
11,79,1,271.645,11.6613,76.2106,92.12,54.23
12,79,1,271.72,11.6878,76.1294,93.17,54.7
13,79,1,271.659,11.6627,76.2137,94.07,54.82
14,79,1,271.611,11.6812,76.327,95.08,55.15
15,79,1,271.508,11.7504,76.3589,92.83,55.12
16,79,1,271.679,11.7089,76.2587,95.68,54.47
17,79,1,271.496,11.6631,76.3165,92.5,54.31
18,79,1,271.685,11.7059,76.3076,93.68,54.62
19,79,1,271.675,11.7217,76.2513,94.2,55.35
20,79,1,271.678,11.7159,76.2491,94.95,55.25
21,79,1,271.622,11.7385,76.3373,94.01,54.81
22,79,1,271.671,11.7453,76.3048,94.88,54.68
23,79,1,271.59,11.712,76.3389,93.17,55.19
24,79,1,271.631,11.7089,76.3227,91.87,54.71
25,79,1,271.605,11.7137,76.2256,91.32,54.74
26,79,1,271.666,11.7661,76.3028,93.5,55.1
27,79,1,271.632,11.7142,76.2832,91.97,54.43
28,79,1,271.677,11.7234,76.1454,94.31,53.88
29,79,1,271.594,11.7362,76.2555,94.88,55.37
30,79,1,271.445,11.7081,76.4296,92.26,53.7
31,79,1,271.603,11.7224,76.2174,92.32,54.47
32,79,1,271.561,11.7462,76.2644,93.9,55.35
33,79,1,271.561,11.7211,76.3201,92.44,55.31
34,79,1,271.679,11.7638,76.2364,93.56,55.01
35,79,1,271.64,11.711,76.2317,95.02,54.49
36,79,1,271.755,11.7971,76.0959,90.96,54.73
37,79,1,271.475,11.7604,76.3365,93.67,55.9
38,79,1,271.471,11.7431,76.3335,93.43,55.01
39,79,1,271.619,11.7552,76.2857,93.72,54.66
40,79,1,271.363,11.7704,76.5282,90.78,55.44
41,79,1,271.631,11.7473,76.2381,92.42,53.98
42,79,1,271.561,11.7672,76.3306,93.16,55.61
43,79,1,271.573,11.7511,76.2892,94.59,55.06
44,79,1,271.962,11.8129,75.8979,90.12,54.98
45,79,1,271.645,11.7836,76.2516,94.39,54.2
46,79,1,271.795,11.807,76.2313,92.1,54.75
47,79,1,271.688,11.8011,76.2267,91.35,55.12
48,79,1,271.585,11.7891,76.276,93.15,55.3
49,79,1,271.568,11.7771,76.2839,93.54,55.16
50,79,1,271.52,11.814,76.2705,91.35,56
51,79,1,271.684,11.792,76.2059,96.72,54.95
52,79,1,271.789,11.8047,76.0661,89.86,55.16
53,79,1,271.668,11.7515,76.2427,96.1,53.73
54,79,0,0,0,0,0,53.1
55,79,0,0,0,0,0,54.35
56,79,1,274.08,48.8328,47.57,91.66,58.11
57,79,1,274.095,48.9023,47.5745,89.94,60.05
58,79,1,274.111,48.8354,47.5137,89.87,60.57
59,79,1,274.141,48.85,47.4962,89.41,60.58
60,79,1,274.156,48.8655,47.5616,89.5,60.47
61,79,1,274.091,48.8456,47.5698,89.03,61.18
62,79,1,274.088,48.8423,47.5443,88.96,61.48
63,79,1,274.125,48.8857,47.6012,89.16,61.73
64,79,1,274.154,48.7719,47.581,89.1,60.78
65,79,1,274.1,48.871,47.546,88.52,60.49
66,79,1,274.107,48.8475,47.5797,90.11,60.49
67,79,1,274.055,48.9458,47.6123,88.6,60.01
68,79,1,274.148,48.8545,47.5769,95.9,61.22
69,79,1,274.085,48.8529,47.5766,88.66,60.23
70,79,1,274.116,48.8599,47.5604,89.3,60.44
71,79,1,274.146,48.8356,47.6228,96.85,61.07
72,79,1,274.083,48.8777,47.5728,88.99,60.64
73,79,1,274.146,48.8902,47.5169,90.31,60.9
74,79,1,274.045,48.8534,47.518,87.82,60.8
75,79,1,274.057,48.9146,47.5777,88.78,60.36
76,79,1,274.064,48.8711,47.5072,88.99,61.24
77,79,1,273.932,48.8882,47.5792,88.09,60.83
78,79,1,274.134,48.9401,47.5261,87.75,60.02
79,79,1,273.995,48.883,47.5864,97.47,60.8
80,79,1,274.13,48.8789,47.5327,89.5,60.53
81,79,1,274.063,48.8741,47.5728,87.51,61.25
82,79,1,273.98,48.9011,47.5656,88.56,61.12
83,79,1,274.142,48.9388,47.5928,89.98,60.99
84,79,1,274.132,48.9093,47.5843,89.23,60.62
85,79,1,274.159,48.9201,47.6028,86.78,61.16
86,79,1,274.098,48.9306,47.6041,88.79,60.55
87,79,1,274.123,48.9258,47.5499,96.68,60.05
88,79,1,274.141,48.8263,47.7546,79.16,60.78
89,79,1,274.056,48.8921,47.6014,88.98,60.4
90,79,1,274.127,48.8997,47.563,94.96,61.43
91,79,1,274.066,48.9062,47.6023,96.18,61.1
92,79,1,274.095,48.9162,47.6066,89.58,61.13
93,79,1,274.088,48.9473,47.5638,89.41,60.75
94,79,1,274.08,48.9078,47.6094,96.99,61.92
95,79,1,273.946,48.9121,47.6158,93.67,60.17
96,79,1,274.025,48.8463,47.5905,86.22,60.66
97,79,1,274.21,48.9143,47.6053,88.1,61.1
98,79,1,274.001,48.9045,47.6154,89.14,60.95
99,79,1,274.041,48.8914,47.5327,89.95,60.27
100,79,1,274.025,48.9279,47.6359,89.39,60.35
101,79,1,274.056,48.9193,47.6322,90.39,61.04
102,79,1,274.066,48.852,47.6563,87.95,60.77
103,79,1,274.145,48.9636,47.643,88.85,60.57
104,79,1,274.106,48.9317,47.6478,89.61,60.49
105,79,1,274.073,48.9336,47.6027,95.06,60.31
106,79,1,274.019,48.9403,47.5422,93.89,60.38
107,79,1,274.105,48.9299,47.5541,85.33,60.54
108,79,1,274.156,48.93,47.588,89.97,60.41
109,79,1,274.067,48.9503,47.5582,84.31,59.23
110,79,1,274.169,48.995,47.5508,92.91,58.72
111,79,0,0,0,0,0,58.19
112,79,0,0,0,0,0,57.11
113,79,0,0,0,0,0,56.77
114,79,1,354.998,11.9234,25.1242,94.78,57.79
115,79,1,355.258,11.882,24.7962,95.52,58.12
116,79,1,355.35,11.8554,24.6418,96.29,58.94
117,79,1,355.31,11.937,24.8191,95.67,58.66
118,79,1,355.197,11.8815,24.8096,95.75,58.58
119,79,1,355.158,11.9684,25.0308,88.39,57.64
120,79,0,0,0,0,0,56.4
121,79,0,0,0,0,0,55.63
122,79,0,0,0,0,0,57.95
123,79,1,274.004,48.9582,47.5373,90.94,58.1
124,79,1,274.074,48.9852,47.564,87.42,60.12
125,79,1,273.991,48.9867,47.6226,93.5,59.74
126,79,1,274.076,48.9315,47.5249,88.26,60.66
127,79,1,274.056,48.9511,47.5924,88.1,60.62
128,79,1,273.987,48.989,47.6276,90.91,60.09
129,79,1,274.074,48.9708,47.6219,89.39,60.62
130,79,1,274.014,48.9717,47.5794,89.17,60.32
131,79,1,274.009,48.9405,47.5998,88.47,60
132,79,1,273.988,49.0207,47.6114,93.28,60.23
133,79,1,273.997,49.0491,47.6391,93.98,60.17
134,79,1,273.995,49.0241,47.6267,94.34,60.46
135,79,1,274.04,48.9684,47.6227,98.39,61.25
136,79,1,274.069,48.9649,47.5092,88.18,60.32
137,79,1,274.052,48.962,47.5417,91.38,60.58
138,79,1,274.072,48.9824,47.6226,87.14,61.69
139,79,1,274.08,48.9758,47.569,89.67,61.03
140,79,1,273.961,49.0131,47.6784,87.06,60.45
141,79,1,273.91,48.96,47.9064,80.62,60.65
142,79,1,274.052,48.9952,47.6017,89.69,61.35
143,79,1,274.052,48.9902,47.5261,87.92,60.51
144,79,1,273.94,49.0336,47.649,87.43,60.46
145,79,1,274.049,49.0113,47.651,95.89,60.79
146,79,1,274.136,49.0041,47.5535,96.82,60.53
147,79,1,274.02,49.0422,47.5931,87.17,60.04
148,79,1,274.062,49.0041,47.586,89.78,60.93
149,79,1,274.117,49.0287,47.6232,89.68,60.33
150,79,1,273.97,49.0303,47.5991,88.2,60.27
151,79,1,273.914,48.9014,47.6419,95.08,60.65
152,79,1,274.005,49.0136,47.6185,87.52,60.17
153,79,1,274.03,49.0282,47.6717,88.38,60.91
154,79,1,274.04,49.0614,47.618,88.95,59.77
155,79,1,274.017,49.0626,47.6201,87.05,60.47
156,79,1,274.031,49.0305,47.6098,94.23,60.2
157,79,1,274.024,49.04,47.5835,91.97,59.2
158,79,1,273.995,49.052,47.5677,90.92,58.04
159,79,0,0,0,0,0,56.59
160,79,0,0,0,0,0,56.75
161,79,0,0,0,0,0,57.15
162,79,1,354.805,11.8608,25.3219,93.37,56.91
163,79,1,354.408,11.8842,25.6594,95.74,58.24
164,79,1,354.588,11.875,25.4706,94.72,57.27
165,79,1,354.488,11.9887,25.583,95.14,57.87
166,79,1,354.656,11.8735,25.4034,95.34,59.18
167,79,1,354.456,11.858,25.5765,94.67,58.52
168,79,1,354.54,11.8893,25.4643,95.88,57.37
169,79,1,354.902,11.9196,25.1634,94.7,59.13
170,79,1,354.558,11.9044,25.43,95.09,58.78
171,79,1,354.804,11.9495,25.1521,93.88,59.27
172,79,1,354.563,11.9543,25.4773,95.98,58.77
173,79,1,354.494,11.8852,25.461,92.28,55.69
174,79,1,278.585,40.0182,55.3909,89.99,57.98
175,79,1,278.563,39.9776,55.4546,94.71,58.92
176,79,1,278.506,39.9646,55.3564,90.84,59.11
177,79,1,278.493,39.9705,55.3827,94.17,59.18
178,79,1,278.592,40.0277,55.3882,94.4,60.18
179,79,1,278.553,39.9947,55.3918,93.54,60.4
180,79,1,278.451,39.9826,55.4277,92.54,59.46
181,79,1,278.525,39.9497,55.3472,92.22,59.81
182,79,1,278.488,39.9612,55.3685,91.93,59.96
183,79,1,278.547,39.9543,55.3903,94.3,59.42
184,79,1,278.524,40.0041,55.3657,96.02,60.29
185,79,1,278.463,39.9731,55.4209,94.75,60.16
186,79,1,278.53,40.0287,55.3974,94.99,60
187,79,1,278.514,39.9997,55.4025,94.05,59.09
188,79,1,278.541,39.9869,55.4107,94.78,59.66
189,79,1,278.6,40.002,55.4331,93.54,60.46
190,79,1,278.483,39.9677,55.3964,93.9,60.56
191,79,1,278.573,40.0558,55.3811,94.41,60.15
192,79,1,278.543,40.0479,55.3755,93.73,60.56
193,79,1,278.537,40.0231,55.4029,93.53,60.03
194,79,1,278.686,40.0344,55.4104,95.17,59.9
195,79,1,278.469,39.9928,55.406,92.65,60.06
196,79,1,278.42,39.9888,55.4241,94.02,60.03
197,79,1,278.57,40.0527,55.4555,95.49,60.78
198,79,1,278.514,40.0753,55.5093,94.5,60.6
199,79,1,278.455,40.0881,55.4776,95.34,60.87
200,79,1,278.477,40.041,55.4999,93.22,59.83
201,79,1,278.51,40.1486,55.5059,94.94,60.87
202,79,1,278.539,40.0596,55.4918,92.11,60.25
203,79,1,278.485,40.0545,55.4405,90.7,59.77
204,79,1,278.534,40.0749,55.4859,90.69,60.41
205,79,1,278.537,40.1111,55.4351,92.7,60.74
206,79,1,278.645,40.0919,55.449,96.46,60.28
207,79,1,278.516,40.0336,55.4265,93.08,60.04
208,79,1,278.628,40.0729,55.3758,95.48,60.61
209,79,1,278.608,40.0729,55.3634,90.29,61.15
210,79,1,278.52,40.0178,55.379,91.67,60.69
211,79,1,278.465,40.0406,55.3944,92.8,60.76
212,79,1,278.544,40.0611,55.4105,90.83,59.37
213,79,1,278.496,40.0639,55.4226,92.61,59.54
214,79,1,278.51,40.0212,55.3902,94.44,60.26
215,79,1,278.498,40.0215,55.4061,92.53,59.98
216,79,1,278.428,40.0415,55.3755,91.11,60.02
217,79,1,278.601,40.0954,55.361,93.6,60.45
218,79,1,278.573,40.086,55.3489,94.59,60.32
219,79,1,278.544,40.0732,55.3585,93.92,59.88
220,79,1,278.47,40.0133,55.3738,94.5,60.19
221,79,1,278.499,40.0918,55.373,94.35,60.51
222,79,1,278.483,40.0138,55.3798,95.32,60.85
223,79,1,278.602,40.1246,55.4081,92.82,58.16
224,79,0,0,0,0,0,55.5
225,79,1,168.102,26.9668,23.9741,82.49,53.97
226,79,1,167.949,26.9459,24.1112,94,56.93
227,79,1,168.107,26.9402,24.0253,94.75,56.72
228,79,1,168.134,26.9337,24.013,94.3,54.45
229,79,0,0,0,0,0,51.53
230,79,1,66.4324,35.8454,80.1463,89.01,52.12
231,79,1,66.2869,35.9995,80.1896,90.01,54.41
232,79,1,66.2748,36.016,80.1815,87.32,53.67
233,79,1,66.2864,36.0021,80.2115,91.33,53.95
234,79,1,66.3954,36.0091,79.9059,93.39,53.73
235,79,1,66.158,35.9968,80.2289,90.53,54.36
236,79,1,66.2403,35.973,80.2132,90.22,53.61
237,79,1,66.1768,35.8219,80.1414,92.17,54.54
238,79,1,66.2125,35.9235,80.2977,88.25,53.47
239,79,1,66.1781,35.9877,80.1266,87.15,54.62
240,79,1,66.1456,35.9738,80.216,88.98,54.14
241,79,1,66.3009,35.973,80.1739,90.08,54.01
242,79,1,66.2416,35.9765,80.2282,88.34,53.75
243,79,1,66.1998,35.9177,80.2698,83.37,54.6
244,79,1,66.249,35.9878,80.1743,89.45,54.14
245,79,1,66.1996,35.9597,80.2384,89.74,53.97
246,79,1,66.3121,35.9736,80.1821,90.31,54.09
247,79,1,66.1269,35.937,80.2953,86.96,54.82
248,79,1,66.158,35.9674,80.2046,88.21,53.84
249,79,1,66.1861,35.9411,80.2389,87.07,54.24
250,79,1,66.1253,35.9275,80.2266,90.66,53.5
251,79,1,66.3161,35.9172,80.0779,91.89,54.03
252,79,1,66.1444,35.9473,80.2569,89.94,54.28
253,79,1,66.2247,35.8559,80.0827,93.15,51.96
254,79,1,66.0915,35.8872,80.2194,80.91,36.26
255,79,0,0,0,0,0,55.4
0,80,0,0,0,0,0,49.94
1,80,0,0,0,0,0,34.38
2,80,0,0,0,0,0,31.8
3,80,0,0,0,0,0,34.75
4,80,1,271.551,11.6376,76.3117,91.44,44.32
5,80,1,271.579,11.6184,76.2323,93.68,53.17
6,80,1,271.55,11.5948,76.3043,94.76,54.41
7,80,1,271.663,11.657,76.1457,94.69,54.81
8,80,1,271.608,11.6601,76.2106,92.38,54.09
9,80,1,271.737,11.7022,76.2119,95.32,54.25
10,80,1,271.685,11.7155,76.3164,93.77,54.71
11,80,1,271.556,11.703,76.3631,93.19,54
12,80,1,271.71,11.6943,76.1975,94.07,54.73
13,80,1,271.948,11.7394,75.9475,95.11,54.86
14,80,1,271.674,11.6638,76.1805,91.91,54.34
15,80,1,271.435,11.6958,76.4834,95.11,55.37
16,80,1,271.762,11.7105,76.2042,93.02,54.23
17,80,1,271.433,11.7336,76.326,92.51,54.98
18,80,1,271.608,11.6995,76.3187,94.32,55.03
19,80,1,271.726,11.7652,76.1737,93.69,55
20,80,1,271.638,11.7131,76.2089,93.08,55.1
21,80,1,271.57,11.7393,76.3893,93.36,54.79
22,80,1,271.847,11.7486,76.081,94.22,54.91
23,80,1,271.647,11.6982,76.2697,94.11,54.99
24,80,1,271.58,11.7227,76.3146,92.61,54.12
25,80,1,271.662,11.7156,76.2711,95.57,54.56
26,80,1,271.627,11.7141,76.2898,95.35,54.25
27,80,1,271.658,11.7359,76.1802,95.55,54.33
28,80,1,271.853,11.7507,75.9727,93.86,54.52
29,80,1,271.738,11.7696,76.1753,94.23,55.28
30,80,1,271.274,11.8815,76.3553,83.36,55.24
31,80,1,271.738,11.8021,76.2081,92.79,54.75
32,80,1,271.794,11.7746,76.0425,92.43,54.74
33,80,1,271.686,11.7351,76.2042,93.3,54.69
34,80,1,271.514,11.711,76.3108,93.17,55.34
35,80,1,271.83,11.7493,75.9929,92.21,54.77
36,80,1,271.638,11.7348,76.2528,92.3,54.35
37,80,1,271.573,11.7877,76.4112,93.38,55.01
38,80,1,271.684,11.7776,76.2877,92.59,54.66
39,80,1,271.564,11.7632,76.3244,93.98,55.15
40,80,1,271.628,11.7626,76.3305,93.41,55.11
41,80,1,271.607,11.7675,76.2567,93.56,55.37
42,80,1,271.611,11.7456,76.2402,94.55,54.6
43,80,1,271.694,11.7633,76.2032,89.87,54.05
44,80,1,271.616,11.7718,76.1455,83.31,55.46
45,80,1,271.661,11.7582,76.2042,94.17,54.47
46,80,1,271.565,11.7647,76.2589,92.19,55.32
47,80,1,271.625,11.7474,76.2064,93.04,54.87
48,80,1,271.589,11.7497,76.1645,89.81,55.32
49,80,1,271.716,11.7839,76.2131,94.52,55.29
50,80,1,271.625,11.7661,76.1986,95.88,54.93
51,80,1,271.477,11.7651,76.3806,93.93,55.54
52,80,1,271.465,11.7638,76.3016,92.94,55.26
53,80,1,271.66,11.8131,76.2066,95.22,54.96
54,80,1,271.713,11.8014,76.212,93.18,54.1
55,80,1,271.731,11.8253,76.171,91.71,52.31
56,80,0,0,0,0,0,54.4
57,80,1,274.06,48.8381,47.541,90.81,56.03
58,80,1,274.033,48.8596,47.4797,87.24,60.86
59,80,1,274.162,48.839,47.4469,87.61,60.52
60,80,1,274.094,48.8291,47.5707,90.35,60.86
61,80,1,274.1,48.8375,47.5181,97.69,61.43
62,80,1,274.018,48.8615,47.5595,95.86,61.48
63,80,1,274.155,48.8904,47.5548,89.04,60.67
64,80,1,274.244,48.8688,47.5306,87.34,61.25
65,80,1,274.252,48.8816,47.5141,90.22,60.3
66,80,1,274.116,48.8717,47.5572,88.55,61.13
67,80,1,274.067,48.8591,47.5071,88.01,60.98
68,80,1,274.1,48.8813,47.5813,97.72,60.43
69,80,1,274.093,48.8552,47.5653,90.68,61.02
70,80,1,274.206,48.9052,47.5993,88.06,60.75
71,80,1,274.147,48.9004,47.5964,89,60.71
72,80,1,274.093,48.8586,47.5625,89.34,61.01
73,80,1,274.176,48.8857,47.5505,96.08,61.14
74,80,1,274.132,48.8922,47.5577,96.97,61.36
75,80,1,274.022,48.9165,47.6349,88.75,60.72
76,80,1,274.028,48.8862,47.6065,88.18,60.39
77,80,1,274.121,48.9006,47.5725,89.45,60.77
78,80,1,274.228,48.8979,47.6035,87.61,61.04
79,80,1,274.214,48.8705,47.5807,96.82,60.5
80,80,1,274.157,48.8772,47.5324,89.88,60.37
81,80,1,274.167,48.832,47.503,96.42,61.09
82,80,1,274.019,48.8665,47.578,90.12,60.72
83,80,1,274.167,48.8966,47.5783,88.34,61.28
84,80,1,274.193,48.8879,47.54,88.67,60.64
85,80,1,274.096,48.8745,47.5851,88.69,61.31
86,80,1,274.129,48.9071,47.5889,89.26,60.83
87,80,1,274.096,48.8899,47.5572,87.73,60.42
88,80,1,273.953,48.9228,47.647,89.13,60.53
89,80,1,274.115,48.9248,47.6054,90.04,61.1
90,80,1,274.158,48.9207,47.6052,89.35,61.11
91,80,1,274.077,48.9006,47.6155,96.42,61.01
92,80,1,274.1,48.9138,47.6318,95.48,61.05
93,80,1,274.074,48.9032,47.61,89.21,60.58
94,80,1,274.112,48.9114,47.5583,89.63,60.55
95,80,1,274.081,48.8887,47.5236,95.18,60.3
96,80,1,274.06,48.8934,47.5309,86.84,60.45
97,80,1,274.011,48.9383,47.5365,95.79,60.35
98,80,1,274.059,48.8988,47.5304,88.08,60.56
99,80,1,274.064,48.9027,47.5769,89.11,61.63
100,80,1,274.145,48.9361,47.5363,87.97,60.33
101,80,1,274.035,48.9487,47.5996,96.44,61.24
102,80,1,274.116,48.9288,47.5487,89.03,60.89
103,80,1,274.056,48.9232,47.631,88.29,60.51
104,80,1,274.05,48.9375,47.6087,88.49,60.55
105,80,1,274.086,48.9341,47.5986,89.99,61.3
106,80,1,274.118,48.9247,47.5833,89.96,61.04
107,80,1,274.043,48.9138,47.6116,89.3,60.23
108,80,1,274.126,48.9399,47.5989,90.21,61.26
109,80,1,274.076,48.9314,47.5822,91.39,60.25
110,80,1,274.029,48.9718,47.6376,87.12,61.23
111,80,1,274.036,48.948,47.5483,91.55,59.65
112,80,1,274.065,48.9761,47.5491,94.09,58.91
113,80,0,0,0,0,0,56.96
114,80,0,0,0,0,0,56.86
115,80,0,0,0,0,0,55.81
116,80,0,0,0,0,0,56
117,80,1,355.252,11.8626,24.7663,95.64,56.43
118,80,1,355.114,11.8791,24.9475,95.55,57.96
119,80,1,355.284,11.8597,24.7227,94.66,57.96
120,80,1,354.832,11.9213,25.2091,94.94,58.41
121,80,1,355.103,11.8986,24.9063,95.4,58.01
122,80,0,0,0,0,0,57.14
123,80,0,0,0,0,0,56.21
124,80,0,0,0,0,0,58.5
125,80,1,273.99,48.9787,47.5433,87.48,57.01
126,80,1,273.959,48.9714,47.58,86.88,58.97
127,80,1,274.048,48.9993,47.5644,87.58,60.09
128,80,1,274.011,49.0042,47.5839,83.62,60.75
129,80,1,274.09,49.0101,47.5625,86.28,60.34
130,80,1,273.992,49.0196,47.5595,86.13,61.64
131,80,1,274.078,48.9867,47.6134,95.06,60.35
132,80,1,274.051,49.0021,47.6159,87.36,61
133,80,1,273.953,48.9874,47.6211,88.35,60.13
134,80,1,274.015,48.991,47.5945,88.81,60.69
135,80,1,274.074,48.9889,47.5965,96.62,60.77
136,80,1,274.03,49.0538,47.6258,87.58,60.31
137,80,1,274.085,48.9702,47.6361,95.4,60.83
138,80,1,273.973,49.0022,47.6148,93.57,60.72
139,80,1,274.019,48.968,47.6271,96.75,60.93
140,80,1,273.983,48.995,47.6064,88.49,60.33
141,80,1,274.02,48.9822,47.5603,90.35,60.53
142,80,1,274.018,49.0264,47.6381,94.74,60.88
143,80,1,274.005,49.0113,47.4915,87.05,60.47
144,80,1,274.089,49.0379,47.6435,89.56,60.64
145,80,1,273.983,49.0202,47.6502,90.46,60.99
146,80,1,274.163,48.9996,47.595,97.78,60.05
147,80,1,273.928,48.9968,47.6061,88.52,60.7
148,80,1,273.986,48.9802,47.572,88.18,60.96
149,80,1,273.929,48.9845,47.6829,87.23,60.27
150,80,1,273.985,49.0448,47.672,86.48,60.39
151,80,1,273.998,49.0549,47.6037,87.26,61
152,80,1,274.083,49.0034,47.6178,89.1,61.09
153,80,1,274.127,48.9544,47.615,89.08,61.44
154,80,1,274.065,49.0094,47.6129,89.67,61
155,80,1,273.968,48.982,47.663,88.9,60.23
156,80,1,274.019,49.0296,47.675,95.83,60.71
157,80,1,273.882,49.0263,47.7024,87.42,59.52
158,80,1,274.076,49.0527,47.6587,88.43,60.01
159,80,1,273.912,48.9616,47.6285,86.97,59.82
160,80,1,274.004,49.0499,47.5564,93.21,58.33
161,80,1,274.011,49.0566,47.5092,87.16,57.72
162,80,0,0,0,0,0,56.59
163,80,0,0,0,0,0,56.86
164,80,0,0,0,0,0,55.66
165,80,1,354.558,11.8389,25.496,94.1,58.4
166,80,1,354.572,11.8576,25.5034,95.38,57.34
167,80,1,354.351,11.9344,25.7084,95.98,57.86
168,80,1,354.794,11.8679,25.3194,97.49,58.09
169,80,1,354.438,11.9127,25.6303,94.98,58.76
170,80,1,354.613,11.8752,25.4304,95.6,58.94
171,80,1,354.435,11.9023,25.6022,95.33,58.22
172,80,1,354.432,11.8747,25.6384,95.42,57.98
173,80,1,354.471,11.8709,25.5594,86.35,56.65
174,80,1,278.51,39.9169,55.3551,95.48,58.42
175,80,1,278.499,39.9398,55.3615,94.49,59.63
176,80,1,278.526,39.9751,55.3743,93.34,58.67
177,80,1,278.543,39.9837,55.3956,92.8,59.85
178,80,1,278.644,40.0429,55.3743,93.82,59.44
179,80,1,278.563,40.0156,55.3697,94.24,59.44
180,80,1,278.511,39.9957,55.4297,91.49,58.71
181,80,1,278.466,39.9693,55.398,95.14,60.8
182,80,1,278.432,39.9538,55.3959,93.06,59.88
183,80,1,278.528,39.998,55.3854,95.03,60.28
184,80,1,278.58,40.0248,55.3815,95.44,60.55
185,80,1,278.452,39.9274,55.4032,93.28,60.35
186,80,1,278.5,39.9914,55.3991,91.21,59.28
187,80,1,278.499,39.9356,55.3629,94.01,60.56
188,80,1,278.518,40.0019,55.4114,96.13,60.36
189,80,1,278.525,39.9817,55.3845,94.49,60.13
190,80,1,278.535,40.0214,55.4094,93.57,60.11
191,80,1,278.493,39.9954,55.3975,93.06,59.99
192,80,1,278.524,40.0001,55.4041,94.04,59.76
193,80,1,278.439,40.0295,55.4766,93.2,59.53
194,80,1,278.509,40.0094,55.4202,92.15,60.36
195,80,1,278.505,39.9977,55.4379,93.32,60.25
196,80,1,278.541,40.0581,55.3984,94.21,59.85
197,80,1,278.481,40.0121,55.4815,93.78,60.08
198,80,1,278.548,40.0784,55.5114,93.69,61.24
199,80,1,278.483,40.0576,55.4736,94.91,60
200,80,1,278.45,40.0311,55.4967,89.24,60.56
201,80,1,278.567,40.1118,55.5257,93.11,60.29
202,80,1,278.612,40.1537,55.5318,92.33,61.04
203,80,1,278.503,40.0927,55.4143,94.9,59.65
204,80,1,278.495,40.021,55.4102,92.76,60.06
205,80,1,278.484,40.0289,55.3405,88.56,59.89
206,80,1,278.508,40.0082,55.3979,92.45,59.54
207,80,1,278.56,40.0702,55.4726,92.41,60.66
208,80,1,278.648,40.0915,55.3888,88.56,60.96
209,80,1,278.467,40.0577,55.415,91.38,59.86
210,80,1,278.454,40.0151,55.3939,92.75,60.41
211,80,1,278.475,40.0327,55.4332,92.29,60.08
212,80,1,278.486,40.0223,55.3727,92.89,60.59
213,80,1,278.469,40.0054,55.4016,95.15,60.54
214,80,1,278.491,40.0663,55.4096,91.85,60.55
215,80,1,278.474,39.9864,55.353,95.64,60.54
216,80,1,278.537,40.0899,55.4077,92.72,60.36
217,80,1,278.552,40.0469,55.3742,93.74,60.05
218,80,1,278.575,40.0723,55.3968,93.62,60.36
219,80,1,278.475,40.0119,55.3698,94.3,61.43
220,80,1,278.51,40.0148,55.3686,95.2,60.03
221,80,1,278.43,40.0653,55.3923,91.34,59.47
222,80,1,278.612,40.1192,55.364,89.59,57.65
223,80,0,0,0,0,0,55.31
224,80,1,177.948,21.5359,5.21905,90.65,55.31
225,80,0,0,0,0,0,52.73
226,80,1,167.952,26.9172,24.0936,93.57,57.7
227,80,1,168.019,26.9963,23.9995,92.11,58.75
228,80,1,167.988,26.9322,24.1061,94.57,57.89
229,80,1,168.005,26.942,24.1107,95.82,55.07
230,80,1,168.077,26.9217,24.0475,89.99,53.15
231,80,1,66.2419,36.0318,80.1995,89,52.75
232,80,1,66.4878,35.8821,79.9197,90.79,53.65
233,80,1,66.2298,36,80.2474,88.16,53.7
234,80,1,66.1759,35.9726,80.1967,90.87,53.93
235,80,1,66.3243,36.0116,80.0421,91.91,54.19
236,80,1,66.2991,36.0931,80.2493,91.24,54.05
237,80,1,66.2049,35.9718,80.2144,87.77,54.35
238,80,1,66.2746,35.9888,80.1453,88.67,54.36
239,80,1,66.2273,35.9585,80.248,86.75,55.21
240,80,1,66.2045,35.9396,80.1996,85.21,53.91
241,80,1,66.2879,35.9823,80.2118,88.37,53.27
242,80,1,66.2941,35.9908,80.1652,91.05,54.36
243,80,1,66.2015,36.0087,80.1503,89.44,54.62
244,80,1,66.214,35.8689,80.1025,86.47,54.9
245,80,1,66.2078,35.9812,80.0227,93.97,54.82
246,80,1,66.2951,35.9601,80.0313,92.52,55.02
247,80,1,66.2029,35.9368,80.2292,85.69,54.5
248,80,1,66.2562,35.7816,80.1582,86.26,54.22
249,80,1,66.1962,35.892,80.2602,87.21,53.48
250,80,1,66.1447,35.9611,80.239,90.36,55.47
251,80,1,66.2645,35.9627,80.1713,87.69,53.77
252,80,1,66.1917,35.9397,80.2073,88.95,54.48
253,80,1,66.1268,35.8933,80.087,90.77,51.21
254,80,1,65.6899,35.9835,81.626,55.55,35.61
255,80,0,0,0,0,0,53.08
0,81,0,0,0,0,0,51.15
1,81,0,0,0,0,0,33.56
2,81,0,0,0,0,0,32.37
3,81,0,0,0,0,0,34.77
4,81,1,271.646,11.6234,76.2552,91.14,44.31
5,81,1,271.597,11.6278,76.2152,92.78,53.96
6,81,1,271.785,11.7608,76.2659,91.93,54.51
7,81,1,271.61,11.6733,76.2691,94.14,54.81
8,81,1,271.612,11.6892,76.2672,94.79,54.08
9,81,1,271.394,11.7554,76.4874,94.06,55.09
10,81,1,271.595,11.6727,76.2953,92.56,54.53
11,81,1,271.605,11.6754,76.3404,91.86,54.63
12,81,1,271.626,11.6824,76.2986,95.73,54.39
13,81,1,271.56,11.7022,76.3354,92.14,54.51
14,81,1,271.453,11.8037,76.58,90.61,55.12
15,81,1,271.646,11.7488,76.2039,94.41,55.27
16,81,1,271.474,11.6805,76.3712,92.67,54.54
17,81,1,271.549,11.6877,76.3377,94.2,53.89
18,81,1,271.652,11.7166,76.2667,94.66,55.41
19,81,1,271.475,11.7052,76.3749,94.65,54.29
20,81,1,271.635,11.7554,76.2555,93.02,55.03
21,81,1,271.65,11.709,76.2353,94.35,54.37
22,81,1,271.503,11.7503,76.4374,85.86,55.48
23,81,1,271.416,11.6879,76.3706,91.98,54.07
24,81,1,271.662,11.7108,76.2298,95.04,55.12
25,81,1,271.767,11.7497,76.2249,94.55,54.96
26,81,1,271.459,11.697,76.3815,92.06,55.34
27,81,1,271.655,11.7293,76.2423,93.78,54.72
28,81,1,271.528,11.7073,76.2891,95.97,54.46
29,81,1,271.767,11.7763,76.1538,93.2,54.93
30,81,1,271.591,11.7186,76.2674,92.95,53.93
31,81,1,271.44,11.7228,76.3678,92.95,54.58
32,81,1,271.628,11.7454,76.2298,93.13,55.18
33,81,1,271.499,11.7719,76.2657,92.37,54.78
34,81,1,271.646,11.7441,76.2798,91.82,54.7
35,81,1,271.549,11.6965,76.2959,94.11,54.65
36,81,1,271.661,11.7715,76.2029,91.55,55.03
37,81,1,271.465,11.7572,76.4018,92.39,55
38,81,1,271.564,11.7467,76.323,90.89,55.01
39,81,1,271.585,11.7543,76.339,91.34,54.87
40,81,1,271.607,11.7578,76.3339,93.91,54.52
41,81,1,271.548,11.7536,76.2767,92.15,55.73
42,81,1,271.52,11.746,76.3137,91.21,54.07
43,81,1,271.546,11.77,76.2997,90.96,54.92
44,81,1,271.622,11.7744,76.2363,94.43,55.66
45,81,1,271.769,11.7767,76.1278,92.9,54.45
46,81,1,271.699,11.7895,76.2291,94.9,54.01
47,81,1,271.833,11.8149,76.0511,91.23,54.25
48,81,1,271.661,11.7802,76.2544,91.87,54.99
49,81,1,271.523,11.7432,76.3452,91.49,54.8
50,81,1,271.404,11.7593,76.3423,92.23,55.88
51,81,1,271.633,11.7999,76.319,94.98,56.31
52,81,1,271.55,11.7822,76.3664,91.38,54.38
53,81,1,271.578,11.7922,76.3545,91.18,55.21
54,81,1,271.572,11.7779,76.2891,92.99,54.24
55,81,1,271.532,11.8147,76.3675,92.81,56.42
56,81,1,271.687,11.8054,76.2136,84.73,53.19
57,81,0,0,0,0,0,53.21
58,81,1,274.163,48.8807,47.5621,92.42,56.78
59,81,1,274.028,48.8311,47.5639,91.68,58.51
60,81,1,274.124,48.8418,47.4939,89.5,60.26
61,81,1,274.048,48.87,47.4518,88.32,61.05
62,81,1,274.112,48.8483,47.5691,89.84,60.95
63,81,1,274.085,48.8451,47.5783,90.03,60.82
64,81,1,274.213,48.8796,47.5428,90.47,61.33
65,81,1,274.173,48.8623,47.5071,90.48,60.08
66,81,1,274.128,48.8726,47.5693,90.78,60.7
67,81,1,274.098,48.8625,47.5857,87.54,61.32
68,81,1,274.124,48.8715,47.58,97.34,60.34
69,81,1,274.004,48.8537,47.5407,88.08,61.21
70,81,1,274.094,48.8762,47.5872,89.35,61.22
71,81,1,274.154,48.8736,47.5335,96.85,61.28
72,81,1,274.119,48.8823,47.5842,96.73,60.54
73,81,1,274.071,48.8812,47.5448,96.33,60.96
74,81,1,274.088,48.8501,47.5755,89.03,61.01
75,81,1,274.082,48.9124,47.5188,87.88,61.27
76,81,1,274.129,48.8785,47.5138,96.51,60.9
77,81,1,274.117,48.9659,47.6072,88.45,59.69
78,81,1,274.196,48.8899,47.5567,88.93,61.32
79,81,1,274.069,48.8837,47.5918,88.26,61.1
80,81,1,274.198,48.8586,47.5406,88.54,61.1
81,81,1,274.018,48.8909,47.5728,88.96,60.96
82,81,1,274.095,48.8624,47.4973,88.7,60.82
83,81,1,274.203,48.8504,47.4726,94.7,61.51
84,81,1,274.086,48.9195,47.5737,95.87,60.69
85,81,1,274.239,48.8958,47.5869,89.1,61.11
86,81,1,274.166,48.9174,47.5101,88.55,61.57
87,81,1,274.058,48.8641,47.5896,88.04,59.81
88,81,1,274.164,48.9431,47.5888,88.28,60.78
89,81,1,274.045,48.9408,47.5351,87.95,61.19
90,81,1,274.058,48.9004,47.5951,88.6,60.32
91,81,1,274.035,48.8906,47.5055,86.58,60.63
92,81,1,274.216,48.865,47.591,88.13,61.25
93,81,1,274.108,48.8995,47.5728,89.89,60.28
94,81,1,274.226,48.9182,47.578,87.81,61.56
95,81,1,274.092,48.8416,47.5563,96.43,61.4
96,81,1,274.195,48.9254,47.6209,95.21,60.98
97,81,1,274.134,48.9284,47.649,86.44,60.91
98,81,1,274.009,48.9308,47.6083,88.93,60.45
99,81,1,274,48.8937,47.5742,95.96,59.52
100,81,1,274.069,48.9658,47.5844,88.75,60.6
101,81,1,274.093,48.9601,47.6289,88.75,61.91
102,81,1,274.071,48.9087,47.5594,90.26,60.39
103,81,1,273.995,48.9241,47.599,89.24,60.26
104,81,1,273.991,48.9016,47.6295,89.25,60.22
105,81,1,274.049,48.8811,47.5885,94.88,60.44
106,81,1,273.943,48.8951,47.6154,85.78,60.28
107,81,1,274.011,48.8818,47.6405,94.9,61.08
108,81,1,274.036,48.9134,47.6315,85.88,60.28
109,81,1,274.009,48.9057,47.5383,88.4,60.42
110,81,1,273.991,48.9427,47.6256,94.49,60.75
111,81,1,273.995,48.9195,47.5891,95.08,60.94
112,81,1,274.027,48.8929,47.5764,96.33,60.77
113,81,1,274.017,48.919,47.5218,88.69,59.78
114,81,1,274.07,48.9861,47.5384,93.13,59.09
115,81,1,274.113,49.0382,47.5286,85.24,57.69
116,81,0,0,0,0,0,57.79
117,81,0,0,0,0,0,57.13
118,81,0,0,0,0,0,57.32
119,81,1,355.255,11.8579,24.7813,94.87,57.61
120,81,1,354.987,11.879,24.981,94.35,58.71
121,81,1,355.035,11.926,25.1618,95.59,59.29
122,81,1,355.079,11.8787,24.9452,95.4,58.41
123,81,1,355.183,11.8735,24.7969,93.93,57.36
124,81,0,0,0,0,0,57.94
125,81,0,0,0,0,0,57.29
126,81,0,0,0,0,0,58.07
127,81,1,274.079,49.0247,47.5509,84.96,58.96
128,81,1,274,48.9519,47.5916,85.26,58.91
129,81,1,274.003,48.9812,47.5742,86.34,59.61
130,81,1,274.004,48.9971,47.6266,93.32,59.57
131,81,1,274.074,48.9721,47.5752,88.65,61.09
132,81,1,273.981,48.9954,47.5824,88.24,60.07
133,81,1,274.054,48.9609,47.5441,89.95,61.59
134,81,1,274.107,48.9891,47.5567,90.22,61.05
135,81,1,274.08,48.9678,47.5412,89.59,60.57
136,81,1,274.133,48.9637,47.6298,86.72,59.93
137,81,1,273.987,48.9711,47.6419,90.79,60.68
138,81,1,273.999,48.9941,47.6354,94.43,60.24
139,81,1,274.103,49.012,47.5764,88.32,60.45
140,81,1,274.026,49.0237,47.5518,86.15,60.1
141,81,1,274.047,49.0054,47.5676,88.24,60.49
142,81,1,274.002,48.9974,47.6283,88.19,60.21
143,81,1,274.035,48.979,47.5591,88.43,60.73
144,81,1,274.071,48.9943,47.5218,87.73,60.29
145,81,1,273.951,48.9754,47.5704,88.13,60.42
146,81,1,274.008,48.9671,47.6139,87.06,60.46
147,81,1,274.053,48.9912,47.5638,88.55,61.05
148,81,1,274.102,49.0249,47.6156,89.71,61.18
149,81,1,274.116,49.03,47.5528,89.78,60.64
150,81,1,274.005,49.0067,47.6322,89.3,60.75
151,81,1,274.083,49.0305,47.5628,95.9,60.99
152,81,1,274.014,49.0046,47.6396,89.85,60.78
153,81,1,273.977,48.9925,47.6642,89.71,60.79
154,81,1,273.964,49.0576,47.655,92.19,59.44
155,81,1,273.904,49.0415,47.6679,92.58,59.8
156,81,1,274.006,49.0637,47.6993,88.39,60.96
157,81,1,273.922,49.0319,47.6741,91.88,59.67
158,81,1,274.05,48.9975,47.625,88.32,60.02
159,81,1,274.028,49.0379,47.6368,93.76,61.01
160,81,1,274.05,49.0358,47.6177,88.07,60.45
161,81,1,273.962,49.0497,47.6035,85.22,59.59
162,81,1,274.07,49.0688,47.5655,84.36,59.52
163,81,1,273.971,49.0233,47.6057,83.22,57.83
164,81,0,0,0,0,0,56.83
165,81,0,0,0,0,0,56.92
166,81,1,354.556,11.8503,25.518,87.9,54.92
167,81,1,354.595,11.8471,25.4575,94.27,56.11
168,81,1,354.288,11.9314,25.8511,96.63,57.57
169,81,1,354.65,11.8786,25.4358,95.11,58.33
170,81,1,354.739,12.0046,25.3574,94.7,58.56
171,81,1,354.521,11.9363,25.5465,96.43,58.42
172,81,1,354.414,11.8745,25.6208,94.84,59.07
173,81,1,354.389,11.8729,25.5966,82.32,57.79
174,81,1,278.59,40.0164,55.3771,92.38,57.67
175,81,1,278.506,39.9666,55.379,91.47,58.95
176,81,1,278.519,39.9774,55.4049,91.65,58.93
177,81,1,278.485,39.9722,55.4169,93.76,59.74
178,81,1,278.45,40.0073,55.4178,92.92,59.69
179,81,1,278.559,39.9848,55.4114,92.04,59.8
180,81,1,278.533,39.9852,55.4311,92.28,60.16
181,81,1,278.462,39.9524,55.4059,93.15,60.02
182,81,1,278.532,39.985,55.4474,92.44,59.88
183,81,1,278.477,39.9434,55.413,93.31,60.1
184,81,1,278.536,39.9554,55.4159,93.08,59.48
185,81,1,278.493,39.9788,55.414,93.82,60.04
186,81,1,278.494,39.9835,55.4499,91.95,59.44
187,81,1,278.576,40.0302,55.4132,94.54,61.05
188,81,1,278.581,40.0567,55.43,94.03,60.8
189,81,1,278.579,40.053,55.3747,93.11,59.84
190,81,1,278.482,39.9978,55.3959,93.6,59.3
191,81,1,278.587,40.0037,55.4167,93.67,59.8
192,81,1,278.54,40.0512,55.4321,92.44,60.06
193,81,1,278.581,40.0598,55.3934,94.9,60.13
194,81,1,278.548,40.0195,55.3768,97.41,59.79
195,81,1,278.587,40.0709,55.4594,95.46,60.27
196,81,1,278.492,40.0173,55.4645,93.66,60.63
197,81,1,278.429,40.0003,55.481,95.49,60.98
198,81,1,278.394,39.9944,55.4812,93.46,60.18
199,81,1,278.37,40.0082,55.5081,93.59,60.49
200,81,1,278.511,40.099,55.5247,92.85,59.67
201,81,1,278.494,40.1163,55.4655,92.87,60.19
202,81,1,278.449,40.0731,55.478,94.41,59.91
203,81,1,278.612,40.116,55.4392,92.56,60.3
204,81,1,278.481,40.0613,55.4054,94.92,60.56
205,81,1,278.498,40.0105,55.4109,93.32,60.08
206,81,1,278.617,40.0495,55.402,94.22,61.01
207,81,1,278.472,39.9787,55.3827,94.96,60.79
208,81,1,278.492,40.0096,55.3941,92.48,60.54
209,81,1,278.537,40.0376,55.3973,92.77,60.7
210,81,1,278.441,40.0126,55.3879,92.85,60.65
211,81,1,278.487,40.004,55.3545,92.83,60.79
212,81,1,278.535,40.0841,55.4325,94.65,60.82
213,81,1,278.43,40.0537,55.392,91.48,59.79
214,81,1,278.532,40.0608,55.3624,95.61,60.98
215,81,1,278.572,40.0632,55.3575,94.57,60.31
216,81,1,278.548,40.029,55.362,94.33,60.13
217,81,1,278.52,40.0207,55.3529,94.54,60.13
218,81,1,278.562,40.0283,55.3928,94.11,60.1
219,81,1,278.554,40.0944,55.4503,92.68,60.71
220,81,1,278.466,40.0545,55.3934,92.34,60.63
221,81,1,278.551,40.113,55.43,93.2,59.2
222,81,0,0,0,0,0,56.43
223,81,1,177.875,21.5483,5.26935,92.64,57.05
224,81,1,177.631,21.4705,5.42725,93.79,58.09
225,81,0,0,0,0,0,54.05
226,81,1,168.075,26.9233,24.0642,95.52,57.81
227,81,1,168.026,26.9298,24.1115,94.95,59.17
228,81,1,168.063,26.9441,24.0589,95.18,57.78
229,81,1,168.055,26.9631,24.0726,95.95,58.07
230,81,1,167.997,26.9359,24.0705,95.22,54.8
231,81,1,168.095,26.9194,24.0246,85.43,53.78
232,81,1,66.4102,35.999,80.0598,90.03,52.2
233,81,1,66.2864,36.0161,80.2239,90.43,52.61
234,81,1,66.1663,36.0136,80.2266,89.79,54.09
235,81,1,66.3195,36.0009,80.1595,90.1,54.02
236,81,1,66.1865,35.9512,80.1918,88.03,54.01
237,81,1,66.3267,36.0113,80.1746,90.34,53.55
238,81,1,66.1708,35.9798,80.2412,89.05,54.38
239,81,1,66.2773,35.9667,80.2268,85.74,54.34
240,81,1,66.2611,35.9925,80.2564,90.05,54.53
241,81,1,66.2714,35.9845,80.0438,93.42,54.24
242,81,1,66.3077,35.9738,80.1663,88.15,55.14
243,81,1,66.1207,35.9721,80.2373,88.7,54.25
244,81,1,66.2467,35.931,80.2294,85.67,54.46
245,81,1,66.3143,35.9576,80.0146,91.63,54.61
246,81,1,66.3498,35.9193,80.1949,84,54.32
247,81,1,66.1313,35.9416,80.2236,89.11,54.41
248,81,1,66.1647,35.929,80.2452,88.04,53.59
249,81,1,66.2403,35.9129,80.1309,91.12,54.05
250,81,1,66.082,35.9188,80.219,89.02,54.82
251,81,1,66.2299,36.0184,80.2008,88.67,54.8
252,81,1,65.8859,35.7191,80.4273,86.93,53.74
253,81,1,66.1762,35.8509,80.1065,91.12,50.76
254,81,0,0,0,0,0,35.36
255,81,0,0,0,0,0,52.81
0,82,0,0,0,0,0,50.88
1,82,0,0,0,0,0,34.13
2,82,0,0,0,0,0,32.25
3,82,0,0,0,0,0,50.63
4,82,1,271.405,11.6092,76.4484,91.15,44.29
5,82,1,271.614,11.6237,76.1962,93.31,53.05
6,82,1,271.514,11.5764,76.3669,95.75,53.52
7,82,1,271.55,11.7495,76.4401,91.24,54.5
8,82,1,271.536,11.6999,76.3636,93.2,54.88
9,82,1,271.869,11.7914,76.1994,92.19,54.4
10,82,1,271.655,11.6665,76.2247,94.46,54.04
11,82,1,271.498,11.7174,76.2274,90.32,55.36
12,82,1,271.606,11.6913,76.3347,92.94,53.77
13,82,1,271.559,11.7542,76.3155,92.71,54.55
14,82,1,271.46,11.6863,76.4493,94.42,54.87
15,82,1,271.868,11.7086,75.9622,91.36,54.88
16,82,1,271.473,11.6916,76.4263,95.09,54.67
17,82,1,271.641,11.6937,76.2427,93.55,54.45
18,82,1,271.85,11.7609,76.1108,92.09,54.54
19,82,1,271.519,11.6492,76.2221,96.2,53.9
20,82,1,271.381,11.7534,76.544,86.26,54.8
21,82,1,271.61,11.6941,76.2549,93.03,54.5
22,82,1,271.502,11.7279,76.4426,91.65,55.38
23,82,1,271.687,11.7112,76.0529,91.66,54.3
24,82,1,271.545,11.6557,76.3338,91.72,54.62
25,82,1,271.598,11.7539,76.3566,94.16,55.69
26,82,1,271.597,11.7737,76.2664,90.16,55.28
27,82,1,271.484,11.8125,76.4758,93.08,54.73
28,82,1,271.467,11.798,76.3536,92.44,55.4
29,82,1,271.696,11.7597,76.2477,90.72,54.3
30,82,1,271.665,11.7377,76.298,94.62,54.54
31,82,1,271.495,11.7854,76.3049,93.92,55.09
32,82,1,271.626,11.7788,76.2924,91.99,55.09
33,82,1,271.332,11.7143,76.4102,91.18,54.85
34,82,1,271.509,11.743,76.3296,94.94,54.82
35,82,1,271.709,11.8094,76.1785,91.95,55.28
36,82,1,271.652,11.7607,76.2466,93.74,54.16
37,82,1,271.605,11.7277,76.2924,94.25,54.62
38,82,1,271.659,11.7948,76.2397,89.51,54.58
39,82,1,271.621,11.7496,76.2474,93.36,54.12
40,82,1,271.662,11.7651,76.2039,93.09,55.01
41,82,1,271.544,11.741,76.3954,93.57,54.85
42,82,1,271.553,11.7363,76.3103,92.32,54.45
43,82,1,271.378,11.7542,76.4247,93.02,54.85
44,82,1,271.601,11.751,76.2111,95.76,53.95
45,82,1,271.692,11.7646,76.1609,92.21,55.46
46,82,1,271.575,11.7678,76.2855,94.89,54.52
47,82,1,271.562,11.754,76.3233,93.13,55.1
48,82,1,271.634,11.758,76.2137,92.92,54.77
49,82,1,271.521,11.7535,76.2375,93.86,54.62
50,82,1,271.586,11.7727,76.314,93.62,54.09
51,82,1,271.685,11.7918,76.1371,92.46,55.37
52,82,1,271.553,11.77,76.2392,92.67,54.81
53,82,1,271.534,11.8274,76.4282,93.69,55.23
54,82,1,271.406,11.7727,76.4009,92.94,55.12
55,82,1,271.587,11.8145,76.2659,95.55,54.9
56,82,1,271.618,11.8103,76.2181,93.66,55.24
57,82,1,271.64,11.7889,76.1804,94.94,52.44
58,82,0,0,0,0,0,51.8
59,82,0,0,0,0,0,56.59
60,82,1,274.103,48.8877,47.5927,85.34,59
61,82,1,274.171,48.8348,47.5192,91,60.67
62,82,1,274.187,48.8571,47.5713,96.1,61
63,82,1,274.107,48.8398,47.5824,91.21,61.13
64,82,1,274.04,48.867,47.5682,90.08,60.66
65,82,1,274.062,48.8757,47.601,95.65,61.41
66,82,1,274.061,48.8969,47.5526,95.34,60.71
67,82,1,274.035,48.8168,47.4769,87.07,61
68,82,1,274.113,48.8408,47.5718,91.21,61.47
69,82,1,274.111,48.8483,47.5705,90.04,61.66
70,82,1,274.093,48.8794,47.5832,88.98,60.24
71,82,1,274.172,48.9109,47.5859,90.46,61.2
72,82,1,274.121,48.8635,47.5277,89.03,60.22
73,82,1,274.162,48.8756,47.5265,90.92,60.7
74,82,1,274.055,48.8809,47.6098,94.88,61.2
75,82,1,274.171,48.9126,47.6196,89.1,61.18
76,82,1,274.121,48.8863,47.5761,90.07,60.59
77,82,1,274.119,48.9021,47.5749,89.12,61.44
78,82,1,274.094,48.8692,47.5711,96.4,60.89
79,82,1,274.006,48.8608,47.5413,93.86,60.34
80,82,1,274.189,48.9268,47.61,87.97,60.8
81,82,1,274.166,48.8964,47.5361,90.77,60.72
82,82,1,274.089,48.9023,47.5572,90.33,60.26
83,82,1,274.148,48.9061,47.5928,90.27,59.77
84,82,1,274.118,48.8865,47.5757,87.98,60.84
85,82,1,274.19,48.9414,47.5591,90.27,59.9
86,82,1,274.157,48.9219,47.5629,87.39,61.02
87,82,1,274.032,48.8957,47.6095,89.18,60.5
88,82,1,274.107,48.9236,47.5778,88.89,60.31
89,82,1,274.13,48.9109,47.5627,88.53,60.68
90,82,1,274.039,48.9424,47.5803,94.82,60.8
91,82,1,274.058,48.9283,47.5819,87.86,60.73
92,82,1,274.121,48.9395,47.5813,89.75,60.87
93,82,1,274.027,48.886,47.5917,89.68,61.04
94,82,1,274.039,48.9245,47.6021,96.71,61.04
95,82,1,274.125,48.9083,47.5954,89.41,61.06
96,82,1,274.108,48.9787,47.556,89.48,60.82
97,82,1,274.138,48.9256,47.5178,89.86,61.73
98,82,1,274.04,48.8786,47.569,90.83,60.12
99,82,1,274.1,48.9457,47.6104,88.57,60.47
100,82,1,274.078,48.9051,47.5631,98.14,60.08
101,82,1,273.978,48.8719,47.6078,87.13,59.96
102,82,1,274.114,48.9512,47.6265,98.05,60.89
103,82,1,274.13,48.9133,47.5671,88.41,60.95
104,82,1,274.002,48.9001,47.5893,85.88,60.45
105,82,1,274.056,48.8911,47.6106,88.77,60.76
106,82,1,274.174,48.9175,47.5944,86.91,60.86
107,82,1,274.054,48.9362,47.5132,89.03,61.15
108,82,1,274.049,48.9717,47.5841,88.54,60.81
109,82,1,274.067,48.9211,47.6157,88.44,60.5
110,82,1,273.981,48.9314,47.568,95.74,60.77
111,82,1,274.031,48.9357,47.6727,91.32,61.1
112,82,1,274.008,48.9735,47.6166,87.05,60.84
113,82,1,274.139,48.9279,47.5829,90.5,60.99
114,82,1,273.98,48.9362,47.5973,89.57,60.56
115,82,1,274.045,48.948,47.5331,88.8,59.66
116,82,1,274.026,48.9739,47.5446,84.87,59.57
117,82,1,274.053,48.9618,47.5444,94.53,58.4
118,82,0,0,0,0,0,56.91
119,82,0,0,0,0,0,56.82
120,82,0,0,0,0,0,56.88
121,82,1,355.041,11.9881,24.9602,96.42,56.43
122,82,1,355.149,11.8774,24.865,95.43,58.03
123,82,1,355.243,11.8606,24.8332,93.96,58.61
124,82,1,354.964,11.8453,25.1139,95.66,58.18
125,82,1,354.909,11.8744,25.1443,95.41,58.53
126,82,1,355.229,11.8899,24.8419,95.25,56.87
127,82,0,0,0,0,0,57.05
128,82,0,0,0,0,0,57.06
129,82,0,0,0,0,0,58.73
130,82,1,274.097,49.0017,47.5118,94,58.49
131,82,1,273.983,48.9948,47.5664,86.58,59.24
132,82,1,273.978,49.0048,47.5686,86.72,59.98
133,82,1,273.993,49.006,47.6165,94.63,60.24
134,82,1,274.086,49.0026,47.5042,88.86,60.13
135,82,1,274.067,48.9901,47.5361,88.77,60.79
136,82,1,274.067,49.0446,47.5863,89.19,60.74
137,82,1,274.067,49.0193,47.6351,94.23,60.37
138,82,1,274.008,48.9702,47.6271,89.45,61
139,82,1,274.239,49.0399,47.5913,89.51,60.88
140,82,1,274.042,49.0225,47.5941,85.24,60.29
141,82,1,273.993,49.0407,47.6058,95.57,60.31
142,82,1,273.956,48.9917,47.6232,95.27,61.14
143,82,1,274.02,48.9607,47.5566,90.32,60.4
144,82,1,274.102,48.9766,47.6369,97.55,61.31
145,82,1,273.997,48.9764,47.6393,91.24,60.97
146,82,1,274.104,49.0171,47.5427,88.24,61.45
147,82,1,273.958,48.9897,47.6637,87.53,60.65
148,82,1,273.931,49.0245,47.6652,92.58,60.42
149,82,1,274.014,49.0126,47.6091,95.91,60.63
150,82,1,274.051,49.0055,47.5453,88.48,61
151,82,1,274.043,49.0564,47.6468,88.72,60.56
152,82,1,274.058,49.0137,47.5503,88.64,60.87
153,82,1,274.004,48.9904,47.5266,89.07,60.03
154,82,1,274.096,49.011,47.5262,90.2,60.94
155,82,1,274.069,49.0445,47.6299,88.66,60.45
156,82,1,274.108,49.0414,47.6193,86.84,60.66
157,82,1,274.008,49.028,47.622,87.45,60.71
158,82,1,273.972,49.0147,47.6173,89.03,60.68
159,82,1,274.005,49.0378,47.5997,87.44,60.68
160,82,1,274.151,49.0359,47.5817,85.34,59.94
161,82,1,274.045,49.0165,47.5791,87.44,60.08
162,82,1,274.046,49.0656,47.6262,92.58,60.84
163,82,1,274.028,48.9999,47.5494,86.87,60.13
164,82,1,274.032,49.0797,47.5831,94.5,58.36
165,82,1,274.069,49.0884,47.579,92.32,57.47
166,82,0,0,0,0,0,56.76
167,82,0,0,0,0,0,56.71
168,82,0,0,0,0,0,56.98
169,82,1,354.689,11.8625,25.3983,93.76,56.6
170,82,1,354.582,12.0715,25.4591,95.97,57.6
171,82,1,354.683,11.9126,25.3911,95.18,58.71
172,82,1,354.378,11.874,25.6904,94.49,58
173,82,1,354.368,11.8694,25.5543,82.12,55.14
174,82,1,278.513,39.939,55.3917,92.92,58.89
175,82,1,278.535,39.9909,55.4122,93.34,58.86
176,82,1,278.514,39.9526,55.41,93.06,59.71
177,82,1,278.503,39.9761,55.4016,91.28,59.73
178,82,1,278.535,39.974,55.4225,93.75,60.12
179,82,1,278.48,40.0007,55.4249,92.25,60.41
180,82,1,278.455,39.9572,55.4374,94.23,59.8
181,82,1,278.492,40.033,55.4509,94.86,59.85
182,82,1,278.463,39.9535,55.4525,94.14,60.18
183,82,1,278.466,39.9813,55.4461,92.09,60.14
184,82,1,278.528,39.9617,55.4914,92.47,59.81
185,82,1,278.373,39.9596,55.4728,90.71,60.47
186,82,1,278.486,39.9786,55.4379,92.14,60.14
187,82,1,278.488,39.9944,55.4371,92.56,58.86
188,82,1,278.397,39.9679,55.4137,92.16,60.08
189,82,1,278.546,39.9945,55.4223,93.8,60.76
190,82,1,278.587,40.0745,55.4045,95.37,59.91
191,82,1,278.502,39.9996,55.4339,92.83,59.8
192,82,1,278.686,40.0751,55.3938,95.07,60.21
193,82,1,278.573,40.0467,55.3839,95.14,60.12
194,82,1,278.423,39.9852,55.4212,94.36,60.24
195,82,1,278.463,40.022,55.4334,93.49,59.68
196,82,1,278.423,40.0243,55.4565,93.59,60.52
197,82,1,278.514,40.074,55.4861,92.86,60.99
198,82,1,278.355,40.0386,55.5383,91.93,60.28
199,82,1,278.42,39.9825,55.4753,92.26,60.19
200,82,1,278.659,40.1257,55.5162,96.09,60.74
201,82,1,278.544,40.094,55.4777,93.68,60.59
202,82,1,278.601,40.1166,55.4785,95.43,60.76
203,82,1,278.627,40.1113,55.4379,88.94,60.96
204,82,1,278.631,40.0911,55.3711,94.57,60.53
205,82,1,278.482,40.025,55.385,92.24,59.73
206,82,1,278.45,39.9832,55.3858,94.68,60.71
207,82,1,278.503,40.0098,55.4283,95.53,59.74
208,82,1,278.509,40.0208,55.3924,92.53,60.12
209,82,1,278.502,40.0173,55.4024,94.01,60.31
210,82,1,278.528,40.0156,55.393,94.16,60.19
211,82,1,278.542,40.0643,55.3719,96.06,60.17
212,82,1,278.512,40.0087,55.3681,93.53,59.93
213,82,1,278.589,40.1108,55.447,92.14,60.67
214,82,1,278.631,40.121,55.4387,93.64,61.14
215,82,1,278.557,40.0419,55.3935,94,59.88
216,82,1,278.464,40.0279,55.3764,94.95,60.2
217,82,1,278.631,40.0805,55.41,94.71,60.61
218,82,1,278.607,40.0968,55.3727,93.44,60.79
219,82,1,278.466,40.0534,55.3712,91.83,60.13
220,82,1,278.484,40.1093,55.3981,91.87,58.16
221,82,0,0,0,0,0,56.63
222,82,1,177.813,21.5375,5.28158,93.82,57.7
223,82,1,177.54,21.5002,5.42095,91.83,58.23
224,82,1,177.736,21.4916,5.33703,91.95,59.18
225,82,0,0,0,0,0,53.27
226,82,1,167.978,26.916,24.1081,96.8,57.57
227,82,1,168.025,26.9272,24.0455,94.3,58.75
228,82,1,168.026,26.9366,24.0566,93.84,58.05
229,82,1,168.025,26.9444,24.0593,94.03,58.89
230,82,1,168.091,26.9464,24.0476,96.12,58.17
231,82,1,168.121,26.9295,24.0298,94.65,56.43
232,82,1,168.132,26.9012,24.0301,89,53.01
233,82,1,66.2668,36.0209,80.0588,91.65,51.62
234,82,1,66.2349,35.9595,80.1301,91.72,53.39
235,82,1,66.3093,35.9913,80.2378,91.55,53.18
236,82,1,66.2086,36.0151,80.1919,91.13,53.67
237,82,1,66.2767,35.9273,80.1762,87.02,54.49
238,82,1,66.2407,36.0068,80.2158,88.07,54.05
239,82,1,66.216,35.992,80.2272,88.85,53.67
240,82,1,66.3277,35.967,80.023,90.86,54.22
241,82,1,66.2048,35.9677,80.1539,89.16,54.22
242,82,1,66.07,35.7796,80.427,85.33,53.71
243,82,1,66.3572,35.9536,80.1883,87.93,54.72
244,82,1,66.2651,35.8547,80.1447,86.49,53.8
245,82,1,66.0334,35.7029,80.4733,84.81,53.63
246,82,1,66.2593,35.9741,80.1801,90.45,53.79
247,82,1,66.189,36.0041,80.1842,90.06,54.47
248,82,1,66.2222,35.9861,80.1628,91.64,54.05
249,82,1,66.1669,35.8971,80.1997,87.83,54.58
250,82,1,66.039,35.8698,80.2704,88.97,53.04
251,82,1,66.3491,35.9778,80.0734,93.48,54.94
252,82,1,66.3299,35.8943,80.0561,92.11,54.46
253,82,1,66.4657,35.8263,79.8627,90.96,49.78
254,82,0,0,0,0,0,35.17
255,82,0,0,0,0,0,53.53
0,83,0,0,0,0,0,35.45
1,83,0,0,0,0,0,35.8
2,83,0,0,0,0,0,34.23
3,83,0,0,0,0,0,35.55
4,83,1,271.467,11.6382,76.4586,80.86,43.14
5,83,1,271.61,11.6389,76.2517,94.98,53.47
6,83,1,271.574,11.6337,76.2521,91.59,53.36
7,83,1,271.609,11.6841,76.3456,95.15,55.06
8,83,1,271.556,11.679,76.3332,92.51,54.43
9,83,1,271.907,11.7389,75.9713,93.22,54.37
10,83,1,271.485,11.686,76.3584,92.33,54.25
11,83,1,271.51,11.7071,76.4397,95.12,54.8
12,83,1,271.676,11.7117,76.2304,95.43,54.58
13,83,1,271.666,11.7098,76.3033,91.32,54.43
14,83,1,271.507,11.668,76.2904,92.29,53.87
15,83,1,271.531,11.6722,76.3071,94.99,54.76
16,83,1,271.538,11.6993,76.3761,91.82,54.29
17,83,1,271.692,11.7463,76.232,92.07,54.68
18,83,1,271.617,11.6836,76.2701,91.57,54.28
19,83,1,271.647,11.7101,76.309,93.55,54.57
20,83,1,271.656,11.7002,76.2167,93.13,55.2
21,83,1,271.793,11.731,76.0996,91.97,54.04
22,83,1,271.593,11.7165,76.3164,96.53,54.85
23,83,1,271.393,11.7593,76.4443,94.58,55.14
24,83,1,271.472,11.6966,76.3383,92.47,53.86
25,83,1,271.437,11.7367,76.4633,92.64,55.65
26,83,1,271.466,11.6926,76.4012,91.89,54.36
27,83,1,271.549,11.7371,76.3748,93.91,54.88
28,83,1,271.546,11.7007,76.2808,94.61,54.87
29,83,1,271.605,11.7051,76.2384,93.16,54.86
30,83,1,271.598,11.7882,76.4082,93.65,55.7
31,83,1,271.536,11.6957,76.3107,94.21,54.69
32,83,1,271.561,11.7494,76.3165,94.8,55.03
33,83,1,271.587,11.7761,76.3379,93.84,55.69
34,83,1,271.516,11.7344,76.3447,91.16,54.59
35,83,1,271.595,11.733,76.2592,93.3,54.17
36,83,1,271.637,11.7533,76.2673,93.42,54.61
37,83,1,271.454,11.7711,76.3706,85.92,55.35
38,83,1,271.576,11.7383,76.2963,92.63,54.91
39,83,1,271.643,11.768,76.2743,94.9,54.37
40,83,1,271.589,11.7987,76.2969,92.74,54.86
41,83,1,271.562,11.7577,76.2905,92.88,54.62
42,83,1,271.63,11.7472,76.2388,90.67,54.33
43,83,1,271.491,11.8451,76.4434,89.6,55.77
44,83,1,271.596,11.744,76.2741,93.46,55.13
45,83,1,271.522,11.7386,76.3062,94.63,54.53
46,83,1,271.632,11.7977,76.3201,94.44,54.69
47,83,1,271.523,11.7471,76.3475,91.16,54.49
48,83,1,271.829,11.8067,76.0181,91.36,55.02
49,83,1,271.572,11.7851,76.3536,93.44,54.82
50,83,1,271.533,11.7763,76.3851,91.66,54.52
51,83,1,271.549,11.8042,76.3328,92.44,55.71
52,83,1,271.616,11.7931,76.2434,91.79,55.25
53,83,1,271.526,11.8227,76.3931,92.98,55.87
54,83,1,271.627,11.8085,76.2418,94.98,55.41
55,83,1,271.776,11.8541,76.1737,91.48,54.75
56,83,1,271.659,11.8213,76.2242,95.71,54.84
57,83,1,271.408,11.7779,76.4415,94.37,55.79
58,83,1,271.708,11.8067,76.1626,95.59,52.91
59,83,0,0,0,0,0,52.25
60,83,0,0,0,0,0,56.48
61,83,1,274.081,48.9151,47.6205,89.79,59.01
62,83,1,274.081,48.8263,47.4698,89.21,60.4
63,83,1,274.121,48.8456,47.5561,90.04,60.97
64,83,1,274.106,48.8607,47.5743,88.83,60.56
65,83,1,274.123,48.8735,47.5811,96.07,60.91
66,83,1,274.095,48.8768,47.554,90.67,61.23
67,83,1,274.014,48.863,47.5622,89.34,60.61
68,83,1,274.099,48.8845,47.5876,96.47,60.47
69,83,1,274.1,48.8603,47.5836,89.64,60.46
70,83,1,274.049,48.8638,47.531,90.35,60.82
71,83,1,274.084,48.8582,47.5772,90.11,61.09
72,83,1,274.114,48.8632,47.5096,87.4,60.63
73,83,1,274.112,48.857,47.5352,89.69,61.43
74,83,1,274.023,48.9015,47.5988,87.93,60.4
75,83,1,274.176,48.8875,47.556,90.78,61.51
76,83,1,274.143,48.8993,47.5714,89.69,60.67
77,83,1,274.036,48.8511,47.5572,90.28,61.4
78,83,1,274.131,48.8679,47.5671,88.59,61.67
79,83,1,274.17,48.941,47.5991,87.33,60.4
80,83,1,274.095,48.8864,47.5834,89.08,60.89
81,83,1,274.1,48.8802,47.5441,90.05,61.43
82,83,1,274.095,48.8762,47.5861,90.11,61.2
83,83,1,274.092,48.8887,47.582,90.4,60.25
84,83,1,274.165,48.9205,47.5944,89.59,60.42
85,83,1,274.156,48.892,47.5021,90.68,61.76
86,83,1,274.048,48.9137,47.6046,90.19,60.46
87,83,1,274.281,48.9233,47.5558,87.86,60.55
88,83,1,274.08,48.8841,47.5752,88.39,60.48
89,83,1,274.139,48.8892,47.5273,90.15,61.84
90,83,1,274.096,48.8889,47.5621,90.21,60.36
91,83,1,274.043,48.886,47.5981,89.63,60.61
92,83,1,274.11,48.8602,47.4518,90.73,61
93,83,1,274.136,48.9272,47.5493,88.38,60.84
94,83,1,274.032,48.9261,47.5916,89.22,60.64
95,83,1,274.157,48.9137,47.5993,95.37,61.04
96,83,1,274.097,48.892,47.6126,85.92,60.68
97,83,1,274.046,48.8739,47.5979,90.5,60.52
98,83,1,274.035,48.9157,47.6107,95.91,60.51
99,83,1,274.21,48.9377,47.5323,90.6,60.96
100,83,1,274.089,48.9048,47.5624,88.38,60.17
101,83,1,274.138,48.9579,47.6238,90.1,60.92
102,83,1,273.835,48.8857,47.6167,93.83,59.7
103,83,1,274.056,48.9605,47.5971,91.93,60.21
104,83,1,274.031,48.9442,47.5919,95.35,60.57
105,83,1,273.976,48.8825,47.5379,89.59,60.85
106,83,1,274.09,48.8684,47.5529,96.35,61.09
107,83,1,274.161,48.9259,47.4806,87.86,60.69
108,83,1,274.156,48.9159,47.6436,87.04,60.95
109,83,1,274.031,48.9416,47.6081,95.64,60.99
110,83,1,274.041,48.9135,47.6258,90.37,60.42
111,83,1,274.144,48.959,47.5609,90.09,60.6
112,83,1,274.12,48.9126,47.6343,86.38,60.68
113,83,1,274.003,48.922,47.5752,89.5,61
114,83,1,274.089,48.9839,47.5834,89.03,60.97
115,83,1,274.022,48.9182,47.6206,89.69,61.01
116,83,1,274.011,48.9595,47.6055,96.15,61.04
117,83,1,274.109,48.9293,47.5572,90.67,60.35
118,83,1,274.137,48.9648,47.5636,90.46,59.8
119,83,1,273.987,48.9881,47.6353,90.18,57.97
120,83,0,0,0,0,0,57.43
121,83,0,0,0,0,0,56.91
122,83,0,0,0,0,0,57.33
123,83,1,355.17,11.8762,24.9171,94.97,56.97
124,83,1,355.037,11.8845,25.0762,95.41,58.73
125,83,1,355.166,11.8641,24.9192,97.12,58.68
126,83,1,355.02,11.8918,25.0036,95.64,57.7
127,83,1,354.977,11.8583,25.0847,95.04,58.74
128,83,1,355.002,12.1169,25.1085,96.43,57.46
129,83,0,0,0,0,0,57.19
130,83,0,0,0,0,0,58.17
131,83,0,0,0,0,0,56.91
132,83,1,273.989,49.0146,47.5597,87.93,58.19
133,83,1,274.048,49.0013,47.5369,94.75,58.96
134,83,1,274.021,49.0348,47.5953,93.35,60.2
135,83,1,274.029,49.0635,47.5786,95.27,60.4
136,83,1,274.007,48.9607,47.5572,88.62,60.66
137,83,1,273.979,48.9408,47.5378,90.4,61.5
138,83,1,273.997,49.0055,47.6321,93.68,60.19
139,83,1,273.904,49.0025,47.6077,87.91,61.02
140,83,1,273.961,48.9752,47.6141,88.68,60.49
141,83,1,273.99,48.9873,47.6603,89.46,60.41
142,83,1,273.976,49.0009,47.6315,89.42,61.19
143,83,1,274.047,48.9837,47.5817,90.13,61.06
144,83,1,274.151,48.974,47.4105,94.26,62.14
145,83,1,273.928,49.0143,47.5987,88.09,61.03
146,83,1,274.057,49.0147,47.6667,90.23,61.37
147,83,1,273.968,48.9615,47.5516,89.67,61.27
148,83,1,274.033,49.0036,47.6544,88.07,60.94
149,83,1,274,49.0281,47.6099,88.51,60.97
150,83,1,273.97,49.0059,47.6516,88.99,59.93
151,83,1,274.121,49.006,47.549,95.3,60.35
152,83,1,274.068,49.0409,47.6165,87.04,60.26
153,83,1,274.01,49.0131,47.6432,87.96,60.77
154,83,1,274.049,49.0278,47.6438,89.01,60.93
155,83,1,274.005,49.0153,47.6012,89.17,61.07
156,83,1,274.038,49.014,47.664,86.74,61.04
157,83,1,274.109,49.024,47.6377,88.56,61.37
158,83,1,273.97,49.0022,47.5823,89.38,61.09
159,83,1,273.938,49.0227,47.6496,96.23,60.9
160,83,1,273.963,49.0336,47.7009,86.78,60.62
161,83,1,273.964,49.0474,47.5863,88.63,60.1
162,83,1,274.145,49.0569,47.6227,88.65,59.58
163,83,1,274.07,49.0918,47.6182,86.43,59.8
164,83,1,274.048,49.0416,47.6155,89.38,59.78
165,83,1,274.014,49.06,47.6605,89.77,60.04
166,83,1,273.981,49.0279,47.5756,88.63,59.78
167,83,1,273.95,49.0706,47.6415,92.51,58.7
168,83,0,0,0,0,0,57.56
169,83,0,0,0,0,0,56.48
170,83,0,0,0,0,0,57
171,83,1,354.183,11.9593,25.819,96.52,57.28
172,83,1,354.632,11.9111,25.4912,91.79,57.13
173,83,1,354.533,11.8664,25.4576,81.94,55.24
174,83,1,278.56,39.9895,55.4194,90.41,58.77
175,83,1,278.532,39.9808,55.3859,95.01,59.59
176,83,1,278.507,39.9671,55.4241,92.27,58.92
177,83,1,278.532,39.9651,55.4307,91.6,59.92
178,83,1,278.48,39.9606,55.4411,92.38,59.32
179,83,1,278.513,40.0065,55.4067,93.29,59.22
180,83,1,278.463,40.0056,55.4405,91.59,59.89
181,83,1,278.489,39.9779,55.4444,94.74,60.36
182,83,1,278.468,40.0069,55.4427,93.17,59.22
183,83,1,278.483,39.9848,55.4417,87.46,60.9
184,83,1,278.42,39.9552,55.4841,92.35,60.09
185,83,1,278.477,40.0111,55.4297,94.14,59.74
186,83,1,278.401,39.9885,55.4782,91.22,59.67
187,83,1,278.447,39.9982,55.4399,94.35,59.37
188,83,1,278.451,39.9852,55.457,92.69,59.27
189,83,1,278.518,39.9991,55.4688,94.38,59.77
190,83,1,278.514,39.9578,55.4083,92.88,60.52
191,83,1,278.508,40.0145,55.4045,93.58,59.26
192,83,1,278.561,40.0459,55.4292,93.11,60.49
193,83,1,278.493,40.0091,55.3917,86.39,59.94
194,83,1,278.435,39.9916,55.4271,92.6,59.81
195,83,1,278.408,40.0093,55.4903,94.55,60.12
196,83,1,278.467,40.0003,55.4553,94.53,60.57
197,83,1,278.378,40.011,55.4957,92.45,59.82
198,83,1,278.408,39.988,55.4885,92.05,59.99
199,83,1,278.413,40.0154,55.5216,92.38,60.09
200,83,1,278.504,40.0772,55.478,93.15,59.17
201,83,1,278.51,40.0779,55.4699,91.85,60.07
202,83,1,278.55,40.1356,55.4597,92.36,59.83
203,83,1,278.477,40.0547,55.4469,91.81,60.6
204,83,1,278.49,40.0754,55.49,91.84,59.49
205,83,1,278.572,40.0352,55.4174,92.07,59.73
206,83,1,278.586,40.096,55.4567,95.05,61.1
207,83,1,278.517,40.0486,55.4637,91.48,60.44
208,83,1,278.619,40.0668,55.394,92.86,60.69
209,83,1,278.544,40.0272,55.426,93.2,60.21
210,83,1,278.487,40.0091,55.3765,93.04,59.97
211,83,1,278.518,40.0021,55.3627,94.95,61.19
212,83,1,278.453,40.0711,55.4086,94.22,60.03
213,83,1,278.577,40.0497,55.4138,92.74,61.17
214,83,1,278.46,39.9641,55.3552,93.9,60.75
215,83,1,278.467,40.0404,55.4156,92.69,60.51
216,83,1,278.528,40.0466,55.3819,93.94,60.29
217,83,1,278.548,40.026,55.3628,93.44,60.65
218,83,1,278.634,40.0663,55.412,93.38,60.34
219,83,1,278.57,40.1283,55.3872,91.16,58.08
220,83,0,0,0,0,0,57.03
221,83,1,177.518,21.5383,5.50516,92.88,56.35
222,83,1,177.655,21.5155,5.4309,92.35,57.75
223,83,1,177.652,21.5151,5.42791,93.64,59
224,83,1,177.725,21.5027,5.34908,90.95,57.98
225,83,0,0,0,0,0,53.9
226,83,1,167.912,26.932,24.1713,93.28,57.09
227,83,1,167.962,26.9734,24.0217,92.36,57.65
228,83,1,168.019,26.9515,24.0696,94.85,59.25
229,83,1,168.131,26.8992,23.9987,97.5,58.49
230,83,1,168.015,26.97,24.0775,94.72,58.25
231,83,1,168.041,26.9599,24.0418,94.62,58.64
232,83,1,168.058,26.9363,24.0389,92.68,56.92
233,83,1,168.132,26.9507,24.0184,97.26,53.86
234,83,1,66.218,36.0067,80.0844,84.36,51.56
235,83,1,66.2951,35.9881,80.2115,86.62,53.77
236,83,1,66.4869,35.9333,79.9217,86.29,53.7
237,83,1,66.2543,36.0194,80.2342,88.2,53.78
238,83,1,66.2697,35.8657,80.086,84.43,53.9
239,83,1,66.0383,35.8047,80.4276,88.44,54.69
240,83,1,66.3064,35.9758,80.1683,87.71,53.96
241,83,1,66.4116,35.985,80.1199,86.83,54.42
242,83,1,66.2343,35.9545,80.2142,89.43,53.6
243,83,1,66.3853,35.8194,80.1448,89.22,54.11
244,83,1,66.141,35.9252,80.2161,90.64,54.96
245,83,1,66.2436,35.9664,80.1897,90.66,54.59
246,83,1,66.2042,35.9722,80.2153,88.98,53.99
247,83,1,66.4992,35.8664,79.8207,90.52,55.38
248,83,1,66.1156,35.9533,80.2289,86.55,53.88
249,83,1,66.2065,35.8891,80.227,83.17,54.01
250,83,1,66.2024,35.9757,80.1811,92.24,55.03
251,83,1,66.2578,36.0102,80.1544,91.41,54.9
252,83,1,65.9127,35.7219,80.4268,82.68,55.79
253,83,1,66.2531,35.8391,80.0952,91.16,50.2
254,83,0,0,0,0,0,36.28
255,83,0,0,0,0,0,36.01
0,84,0,0,0,0,0,51.33
1,84,0,0,0,0,0,34.93
2,84,0,0,0,0,0,34.77
3,84,0,0,0,0,0,35.46
4,84,1,271.32,11.6013,76.5282,88.29,42.29
5,84,1,271.283,11.5254,76.521,91.78,53.36
6,84,1,271.574,11.647,76.2754,92.71,53.44
7,84,1,271.663,11.7096,76.244,94.52,54.16
8,84,1,271.447,11.6724,76.4755,94.52,55.4
9,84,1,271.448,11.7088,76.5023,90.92,54.5
10,84,1,271.579,11.6629,76.2962,93.66,54.97
11,84,1,271.479,11.6842,76.4485,93.23,54.66
12,84,1,271.524,11.7337,76.4563,92.5,55.4
13,84,1,271.61,11.6936,76.3238,93.09,54.87
14,84,1,271.422,11.6895,76.478,96.85,54.77
15,84,1,271.508,11.7095,76.4227,93.15,53.96
16,84,1,271.749,11.7339,76.098,90.59,54.81
17,84,1,271.529,11.6659,76.382,90.25,53.62
18,84,1,271.507,11.7212,76.4432,91.65,55.17
19,84,1,271.548,11.6954,76.3172,93.86,54.28
20,84,1,271.507,11.7071,76.4303,91.49,54.12
21,84,1,271.383,11.659,76.405,93.67,55.51
22,84,1,271.478,11.7176,76.4142,93.43,54.81
23,84,1,271.422,11.7557,76.481,95.1,54.14
24,84,1,271.51,11.7302,76.3966,95.15,55.05
25,84,1,271.616,11.7273,76.2721,95.16,55.33
26,84,1,271.522,11.72,76.4307,95.58,55.21
27,84,1,271.577,11.7162,76.2824,94.84,54.56
28,84,1,271.458,11.799,76.4527,89.12,55.17
29,84,1,271.538,11.654,76.3446,93.5,54.39
30,84,1,271.513,11.665,76.385,92.11,55.02
31,84,1,270.412,11.8835,77.261,81.15,54.95
32,84,1,271.514,11.808,76.419,83.42,54.76
33,84,1,271.571,11.7237,76.2844,93.08,54.56
34,84,1,271.651,11.7609,76.2586,95.79,54.87
35,84,1,271.576,11.7497,76.2707,94.14,56.17
36,84,1,271.594,11.7392,76.2591,90,53.94
37,84,1,271.468,11.7508,76.3086,92.95,54.53
38,84,1,271.504,11.7906,76.2925,89.93,55.13
39,84,1,271.361,11.7382,76.4133,92.58,54.86
40,84,1,271.57,11.7484,76.3261,93.64,54.36
41,84,1,271.574,11.7,76.3503,93.63,54.53
42,84,1,271.554,11.767,76.2922,92.38,54.44
43,84,1,271.468,11.7205,76.4708,90.97,54.73
44,84,1,271.337,11.7592,76.4921,93.26,54.71
45,84,1,271.551,11.7707,76.3497,94.29,54.75
46,84,1,271.581,11.7689,76.2644,95.2,55.5
47,84,1,271.511,11.8089,76.3882,95.42,55.96
48,84,1,271.534,11.7265,76.4161,94.51,53.95
49,84,1,271.418,11.7874,76.3759,93.61,55.42
50,84,1,271.44,11.7725,76.3598,92.51,54.92
51,84,1,271.64,11.7921,76.2507,94.05,54.51
52,84,1,271.481,11.7711,76.351,94.28,55.4
53,84,1,271.415,11.7774,76.3228,94.04,54.94
54,84,1,271.559,11.7802,76.3203,91.79,54.71
55,84,1,271.387,11.8056,76.439,94.55,55.4
56,84,1,271.715,11.8559,76.141,90.33,55.16
57,84,1,271.515,11.8234,76.3501,91.9,55.03
58,84,1,271.494,11.7701,76.2804,93.52,55.33
59,84,1,271.465,11.6867,76.3469,94.22,53.99
60,84,0,0,0,0,0,52.91
61,84,0,0,0,0,0,54.06
62,84,1,274.14,48.9573,47.6105,88.33,59.06
63,84,1,274.059,48.8503,47.5196,95.89,59.91
64,84,1,274.118,48.7608,47.6028,88.01,60.89
65,84,1,274.132,48.8565,47.5699,91.19,61.69
66,84,1,274.105,48.866,47.5204,91.33,61.38
67,84,1,274.138,48.8673,47.5568,89.3,61.58
68,84,1,274.131,48.9013,47.5885,91.04,61.07
69,84,1,274.086,48.874,47.5357,89.59,60.87
70,84,1,274.119,48.8635,47.5859,90.61,60.6
71,84,1,274.021,48.8848,47.6427,87.72,60.65
72,84,1,274.125,48.8911,47.5994,90.19,61.16
73,84,1,274.102,48.8662,47.5892,97.37,60.89
74,84,1,274.072,48.8686,47.5704,89.7,60.3
75,84,1,274.044,48.8902,47.5883,89.33,60.42
76,84,1,274.152,48.8755,47.5659,87.98,61.01
77,84,1,274.176,48.8235,47.518,97.54,61.39
78,84,1,274.144,48.8711,47.6065,94.93,60.71
79,84,1,274.165,48.875,47.5548,90.6,61.11
80,84,1,274.175,48.9287,47.6086,88.87,61.43
81,84,1,274.072,48.8859,47.5491,86.95,60.39
82,84,1,274.118,48.8764,47.5883,96.53,61.38
83,84,1,274.164,48.916,47.5663,91.07,60.54
84,84,1,274.094,48.8238,47.6565,90.04,61.12
85,84,1,274.037,48.9061,47.5869,87.68,60.68
86,84,1,274.043,48.925,47.6579,88.99,60.81
87,84,1,274.123,48.9081,47.5907,90.07,60.65
88,84,1,274.18,48.9267,47.5698,89.69,61.2
89,84,1,274.079,48.9172,47.5896,88.68,60.57
90,84,1,274.221,48.873,47.5181,96.56,60.72
91,84,1,274.088,48.9292,47.5827,96.2,60.64
92,84,1,274.092,48.9185,47.4952,89.51,60.97
93,84,1,274.153,48.8556,47.5421,96.99,60.95
94,84,1,274.222,48.8677,47.5366,88.08,61.34
95,84,1,274.044,48.8921,47.5956,88.92,61.07
96,84,1,274,48.9108,47.5977,89.07,60.73
97,84,1,274.068,48.9737,47.5826,89.17,60.69
98,84,1,274.097,48.8965,47.5793,86.5,60.89
99,84,1,273.972,48.894,47.5998,89.12,61
100,84,1,274.043,48.9175,47.621,88.01,60.6
101,84,1,274.071,48.9163,47.4982,93.8,60.35
102,84,1,338.849,50.2387,39.7441,88.56,60.72
103,84,1,274.05,48.9502,47.6108,91.85,59.54
104,84,1,274.118,48.9673,47.579,95.16,60.68
105,84,1,273.999,48.8962,47.6385,90.06,60.44
106,84,1,274.064,48.8776,47.5298,88.59,60.66
107,84,1,274.054,48.9252,47.5278,87.89,60.13
108,84,1,273.999,48.8051,47.6164,90.08,61.31
109,84,1,273.972,48.9394,47.5956,89.48,60.21
110,84,1,274.06,48.9108,47.5591,88.35,60.78
111,84,1,274.124,48.9214,47.5099,89.78,60.65
112,84,1,274.063,48.9464,47.615,88.17,60.79
113,84,1,274.094,48.9644,47.5068,88.58,61.26
114,84,1,274.112,48.9362,47.5817,88.62,60.67
115,84,1,273.993,48.8967,47.5832,95.33,60.65
116,84,1,274.077,48.9386,47.5422,88.68,60.62
117,84,1,274.037,48.9224,47.6146,95.66,60.99
118,84,1,274.001,48.9269,47.5771,88.99,60.2
119,84,1,274.018,48.9517,47.6194,89.21,60.1
120,84,1,274.094,48.9733,47.6085,90,60.25
121,84,1,274.103,49.0162,47.5316,93.58,59.33
122,84,1,274.045,48.9961,47.5195,84.27,58.65
123,84,0,0,0,0,0,57.64
124,84,0,0,0,0,0,57.06
125,84,0,0,0,0,0,57.08
126,84,1,354.963,12.007,25.143,94.41,57.5
127,84,1,355.005,11.86,24.998,93.65,58.38
128,84,1,354.88,11.8725,25.2279,94.79,57.63
129,84,1,355.084,11.8589,25.0036,95.27,58.25
130,84,1,354.823,11.8843,25.264,93.77,57.72
131,84,0,0,0,0,0,56.28
132,84,0,0,0,0,0,56.93
133,84,0,0,0,0,0,57.41
134,84,0,0,0,0,0,58.08
135,84,1,274.033,49.0292,47.548,91.66,58.41
136,84,1,274.037,49.0124,47.5493,92.53,59.94
137,84,1,274.001,49.0102,47.5492,94.41,60.08
138,84,1,274.029,48.9747,47.5653,89.4,61.07
139,84,1,274.023,48.9819,47.5863,89.37,60.86
140,84,1,274.058,49.0131,47.6339,89.56,60.76
141,84,1,274.021,49.0514,47.6169,89.4,60.39
142,84,1,274.106,49.0036,47.5972,88.4,60.68
143,84,1,274.248,49.0222,47.6149,88.14,60.8
144,84,1,273.977,49.0316,47.6593,89.43,60.19
145,84,1,274.043,49.0082,47.5821,90,61.71
146,84,1,273.965,49.0324,47.6387,94.9,59.98
147,84,1,274.034,49.031,47.5892,88.45,61.04
148,84,1,274.006,49.0795,47.652,86.03,60.38
149,84,1,274.085,48.9752,47.6344,90.09,60.42
150,84,1,273.867,49.0056,47.6938,87.35,61.03
151,84,1,274.156,49.0135,47.5546,86.8,60.27
152,84,1,274.099,49.0126,47.5913,89.32,61.14
153,84,1,273.965,48.9995,47.6302,88.08,60.76
154,84,1,274.096,48.9804,47.5929,94.99,61.07
155,84,1,274.007,49.0579,47.6216,86.95,60.84
156,84,1,274.019,49.0639,47.5679,89,60.54
157,84,1,274.04,49.0244,47.5927,89.59,60.55
158,84,1,274.08,49.0523,47.6557,96.17,61.29
159,84,1,274.008,49.0542,47.5887,88.06,60.48
160,84,1,274.091,49.0167,47.5632,96.74,61.08
161,84,1,273.999,48.932,47.6759,89.51,60.65
162,84,1,273.946,49.0421,47.6637,88.12,60.22
163,84,1,273.92,49.0625,47.5928,86.41,61.12
164,84,1,274.007,49.0205,47.6133,89.04,60.22
165,84,1,273.998,49.031,47.578,94.02,60.14
166,84,1,274.031,49.0355,47.5821,86.76,60.08
167,84,1,274.097,49.0812,47.6815,87.84,60.51
168,84,1,273.951,49.0488,47.5881,86.79,58.15
169,84,1,273.974,49.0502,47.5722,92.85,58.38
170,84,1,273.922,49.0194,47.6132,85.42,56.99
171,84,0,0,0,0,0,58.16
172,84,0,0,0,0,0,56.41
173,84,0,0,0,0,0,55.97
174,84,1,278.53,40.0026,55.4288,90.48,58.5
175,84,1,278.484,40.0121,55.4355,90.28,58.62
176,84,1,278.462,39.9728,55.4547,92.32,59.9
177,84,1,278.382,39.9909,55.5071,92.91,59.96
178,84,1,278.459,39.987,55.4054,92.16,59.32
179,84,1,278.643,40.0415,55.4124,94.56,60.19
180,84,1,278.671,40.045,55.4937,94.53,60.57
181,84,1,278.441,39.9706,55.4355,91.58,59.56
182,84,1,278.466,39.9951,55.4644,92.57,59.65
183,84,1,278.459,39.9507,55.3708,88.54,60.09
184,84,1,278.366,39.9885,55.5139,92.87,58.98
185,84,1,278.466,39.9831,55.4873,93.85,59.73
186,84,1,278.495,40.0274,55.4426,93.9,59.62
187,84,1,278.441,39.9879,55.4286,94.07,59.21
188,84,1,278.607,40.072,55.4386,95.06,60.51
189,84,1,278.46,39.9642,55.428,92.44,59.38
190,84,1,278.587,40.0346,55.4462,93.62,59.85
191,84,1,278.533,40.0221,55.4172,92.8,59.66
192,84,1,278.507,40.0122,55.4065,93.47,59.18
193,84,1,278.443,40.0108,55.4161,90.44,59.48
194,84,1,278.485,40.024,55.4709,94.35,59.84
195,84,1,278.437,39.9828,55.4527,95.72,59.9
196,84,1,278.417,40.0091,55.4935,93.51,60.24
197,84,1,278.441,40.0149,55.5328,93.58,60
198,84,1,278.428,40.0607,55.5097,91.73,59.95
199,84,1,278.467,40.0428,55.5134,93.23,60.36
200,84,1,278.613,40.1044,55.4888,94.38,60.12
201,84,1,278.499,40.0837,55.4581,93.99,59.66
202,84,1,278.539,40.0658,55.411,93.15,60.22
203,84,1,278.467,40.0449,55.4147,93.35,60.13
204,84,1,278.477,40.0316,55.406,94.44,60.39
205,84,1,278.437,40.0642,55.48,93.9,60.99
206,84,1,278.472,39.9929,55.4027,94.43,59.92
207,84,1,278.479,39.9673,55.4025,93.33,60.41
208,84,1,278.491,39.9919,55.4016,93.41,60.03
209,84,1,278.533,40.0442,55.4566,93.33,60.93
210,84,1,278.558,40.0561,55.3768,95.38,60.72
211,84,1,278.553,40.0716,55.3798,95.7,60.71
212,84,1,278.513,40.0302,55.408,94.44,60.64
213,84,1,278.535,40.0422,55.3987,93.51,60.23
214,84,1,278.479,40.0704,55.4228,92.36,60.21
215,84,1,278.499,40.0453,55.3756,93.47,60.72
216,84,1,278.482,40.0191,55.3547,93.44,60.92
217,84,1,278.509,40.0307,55.3672,96.91,60.23
218,84,1,278.61,40.1224,55.3696,86.32,58.4
219,84,0,0,0,0,0,57.3
220,84,1,177.585,21.5141,5.42648,93.16,56.05
221,84,1,177.639,21.5226,5.41426,93.01,57.92
222,84,1,177.531,21.5058,5.49488,92.39,58.69
223,84,1,177.626,21.5019,5.40738,89.8,58.17
224,84,1,177.698,21.5217,5.36285,92.81,59.05
225,84,1,177.78,21.5249,5.26595,90.82,54.02
226,84,1,167.993,26.9383,24.1016,91.41,56.2
227,84,1,168.016,26.9472,24.0726,95.6,57.61
228,84,1,168.211,26.8988,23.9509,94.17,58.36
229,84,1,168.047,26.9518,23.9808,91.55,58.9
230,84,1,168.063,27.0071,23.9475,93.22,59.25
231,84,1,168.006,26.9522,24.086,94.83,58.46
232,84,1,168.054,26.9065,24.0143,94.8,58.86
233,84,1,168.156,26.9139,23.9546,96.78,57.55
234,84,1,168.03,26.9077,24.0464,93.74,54.49
235,84,1,66.298,35.9707,80.1535,84.9,51.97
236,84,1,66.3653,36.0195,80.1626,92.09,52.89
237,84,1,66.1999,36.059,80.1542,90.29,54.11
238,84,1,66.2768,36.0408,80.2384,89.62,54
239,84,1,66.2516,35.9448,80.2145,88.31,54.14
240,84,1,66.2448,35.9754,80.1872,87.5,54.78
241,84,1,66.2809,36.0055,80.1629,90.62,54.9
242,84,1,66.3435,35.9675,80.1865,87.03,53.64
243,84,1,66.2765,35.9615,80.1573,87.1,54.2
244,84,1,66.2739,35.8276,80.1543,89.67,53.61
245,84,1,66.0778,35.9244,80.2553,87.9,54.14
246,84,1,66.1945,35.9892,80.2174,91.44,53.81
247,84,1,66.2603,35.9755,80.1903,89.17,53.64
248,84,1,66.1602,35.9276,80.1946,91.41,54.98
249,84,1,66.139,35.894,80.21,88.58,54.18
250,84,1,66.1066,35.9388,80.2149,89.3,54.41
251,84,1,66.2462,35.961,80.1918,89.81,54.23
252,84,1,65.9624,35.7353,80.3525,85.45,53.49
253,84,1,66.1857,35.8533,80.0481,92.38,51.24
254,84,0,0,0,0,0,36.26
255,84,0,0,0,0,0,36
0,85,0,0,0,0,0,35.67
1,85,0,0,0,0,0,35.97
2,85,0,0,0,0,0,35.14
3,85,0,0,0,0,0,35.42
4,85,1,271.49,11.6429,76.4281,91.13,43.29
5,85,1,271.648,11.661,76.2263,92.45,53.74
6,85,1,271.585,11.6704,76.33,91.54,54.38
7,85,1,271.557,11.6672,76.3898,92.3,54.31
8,85,1,271.451,11.6276,76.4753,92.84,55.77
9,85,1,271.654,11.7121,76.3381,93.59,55.18
10,85,1,271.771,11.7115,76.1169,92.73,55.03
11,85,1,271.29,11.6853,76.6077,93.02,55.56
12,85,1,271.672,11.6846,76.2701,91.78,54.42
13,85,1,271.741,11.7095,76.0866,91.7,55.05
14,85,1,271.58,11.7253,76.5051,90.94,54.14
15,85,1,271.467,11.6744,76.3812,92.94,54.26
16,85,1,271.602,11.7425,76.2287,92.35,54.5
17,85,1,271.541,11.6816,76.3287,92.86,54.65
18,85,1,271.651,11.7058,76.1687,94.65,55.75
19,85,1,271.383,11.7059,76.4112,92.33,55.35
20,85,1,271.694,11.7417,76.2917,91.91,55.04
21,85,1,271.526,11.7022,76.3757,91.19,54.04
22,85,1,271.489,11.6992,76.3703,94.74,55.51
23,85,1,271.409,11.7127,76.4844,92.95,55.25
24,85,1,271.764,11.7944,76.1448,94.89,55.4
25,85,1,271.489,11.7234,76.4631,92.42,54.63
26,85,1,271.426,11.7108,76.4048,92.52,54.98
27,85,1,271.491,11.7037,76.3587,92.77,54.47
28,85,1,271.526,11.6888,76.2852,92.63,54.93
29,85,1,271.509,11.734,76.397,93.67,55.16
30,85,1,271.517,11.7046,76.3462,91.31,54.38
31,85,1,271.574,11.6972,76.2529,91.52,53.62
32,85,1,271.586,11.7288,76.3073,93.54,53.46
33,85,1,271.634,11.7461,76.2168,94.43,54.32
34,85,1,271.614,11.7511,76.2389,93.37,54.71
35,85,1,271.599,11.7286,76.2756,92.21,55.05
36,85,1,271.537,11.7578,76.3485,95.19,54.94
37,85,1,271.516,11.7968,76.4727,96.53,55.3
38,85,1,271.453,11.8259,76.4695,91.08,55.59
39,85,1,271.585,11.7617,76.326,95.49,55.52
40,85,1,271.411,11.7404,76.3675,92.01,54.81
41,85,1,271.646,11.7803,76.266,94.73,54.87
42,85,1,271.719,11.776,76.0849,92.03,54.35
43,85,1,270.836,11.8973,76.8707,85.17,55.22
44,85,1,271.788,11.7716,75.9934,92.08,54.83
45,85,1,271.462,11.7802,76.3965,93.88,54.8
46,85,1,271.559,11.7636,76.2692,93.78,55.15
47,85,1,271.47,11.7674,76.3612,94.74,55.23
48,85,1,271.487,11.8146,76.4939,93.26,54.9
49,85,1,271.591,11.8046,76.2657,92.98,55.13
50,85,1,271.556,11.7892,76.369,93.62,55.74
51,85,1,271.457,11.7865,76.4222,90.95,54.67
52,85,1,271.508,11.7864,76.3891,91.31,54.47
53,85,1,271.432,11.7925,76.3534,93.36,55.47
54,85,1,271.504,11.7583,76.4249,94.44,54.98
55,85,1,271.49,11.8437,76.4527,93.56,55.22
56,85,1,271.513,11.7715,76.3608,93.37,55.41
57,85,1,271.497,11.8034,76.3366,94.06,54.87
58,85,1,271.446,11.7752,76.3072,92.82,55.66
59,85,1,271.416,11.7868,76.3516,94.11,54.63
60,85,1,271.674,11.7693,76.2877,94.49,53.7
61,85,0,0,0,0,0,51.57
62,85,0,0,0,0,0,54.55
63,85,1,273.992,48.825,47.5637,92.17,57.8
64,85,1,274.147,48.8943,47.5975,89.87,60.78
65,85,1,274.16,48.8709,47.5852,90.62,61.44
66,85,1,274.128,48.8672,47.5721,88.04,61.4
67,85,1,274.147,48.8829,47.5973,87.67,60.55
68,85,1,274.074,48.8712,47.5665,97.47,59.91
69,85,1,274.087,48.8825,47.596,90.62,60.99
70,85,1,274.243,48.886,47.5853,87.56,60.81
71,85,1,274.032,48.8951,47.5543,87.72,61.44
72,85,1,274.1,48.788,47.6458,89.02,61.33
73,85,1,273.989,48.8875,47.5968,89.39,61.43
74,85,1,274.078,48.8659,47.4972,90.4,60.68
75,85,1,274.049,48.8701,47.5586,90.43,60.83
76,85,1,274.109,48.8808,47.6056,90.13,60.75
77,85,1,274.078,48.8802,47.5642,97.25,60.52
78,85,1,274.101,48.8756,47.5467,90.57,61.15
79,85,1,274.111,48.8582,47.5465,89.93,61.07
80,85,1,274.086,48.8547,47.5752,89.1,60.85
81,85,1,274.19,48.9123,47.5873,87.5,61.74
82,85,1,274.264,48.8779,47.5291,88.64,61.02
83,85,1,274.069,48.8627,47.5626,87.32,60.43
84,85,1,274.043,48.9192,47.6119,95.03,60.44
85,85,1,273.965,48.9001,47.5889,88.3,61.13
86,85,1,274.086,48.8668,47.5718,88.22,60.75
87,85,1,274.017,48.8971,47.5773,88.81,61.92
88,85,1,274.043,48.8786,47.5169,90.19,60.85
89,85,1,274.106,48.8955,47.5955,89.74,60.93
90,85,1,274.073,48.8457,47.5996,87.43,61.34
91,85,1,274.076,48.9145,47.5956,89.13,60.82
92,85,1,274.113,48.8982,47.5314,89.19,60.64
93,85,1,274.123,48.8879,47.6037,89.38,60.97
94,85,1,274.105,48.8995,47.5456,90.03,61.24
95,85,1,273.979,48.8959,47.5819,87.75,60.95
96,85,1,274.013,48.914,47.6047,88.79,61.9
97,85,1,274.136,48.906,47.5606,91.15,60.81
98,85,1,274.05,48.9021,47.5466,90.18,60.91
99,85,1,274.06,48.9275,47.5923,90.21,61.46
100,85,1,274.019,48.9249,47.5929,88.91,60.74
101,85,1,274.005,48.8609,47.5797,94.47,59.81
102,85,1,274.032,48.9041,47.5998,86.57,60.79
103,85,1,274.032,48.9355,47.5893,93.87,60.12
104,85,1,274.069,48.9068,47.5753,94.12,60.04
105,85,1,273.962,48.9392,47.6065,91.98,60.02
106,85,1,274.068,48.9339,47.6101,87.16,60.47
107,85,1,274.091,48.9175,47.6133,86.96,59.89
108,85,1,274.053,48.8975,47.5763,93.63,60.29
109,85,1,273.992,48.9011,47.6042,87.68,60.41
110,85,1,274.115,48.9344,47.63,96.69,60.58
111,85,1,273.99,48.936,47.5494,84.43,60.05
112,85,1,274.04,48.9103,47.5583,88.47,60.48
113,85,1,274.024,48.9827,47.6323,92.34,60.35
114,85,1,274.047,48.9363,47.6399,95.92,60.11
115,85,1,274.003,48.9272,47.6375,97.94,60.92
116,85,1,274.126,48.9903,47.6333,88.64,60.29
117,85,1,274.056,48.9488,47.6249,89.01,60.87
118,85,1,273.983,48.9176,47.6232,86.69,60.2
119,85,1,274.064,48.931,47.5974,88.57,59.78
120,85,1,274.034,48.9208,47.5326,88.79,61.35
121,85,1,274.102,48.952,47.5689,89.32,61.21
122,85,1,274.039,48.9932,47.5798,86.42,60.22
123,85,1,274.041,48.9931,47.5248,95.13,59.08
124,85,1,273.94,48.9552,47.561,86.44,58.23
125,85,0,0,0,0,0,56.65
126,85,0,0,0,0,0,56.54
127,85,0,0,0,0,0,57.46
128,85,1,355.222,11.859,24.8494,95.19,57.45
129,85,1,354.993,11.8736,25.0994,96.68,57.98
130,85,1,354.751,11.9075,25.2504,97.79,58.07
131,85,1,354.96,12.0135,25.2411,96.67,59.17
132,85,1,354.932,11.8824,25.1053,92.96,56.87
133,85,1,354.758,11.9465,25.3997,95.91,55.94
134,85,0,0,0,0,0,58.03
135,85,0,0,0,0,0,57.46
136,85,0,0,0,0,0,58.13
137,85,1,274.091,48.9895,47.4419,86.84,57.86
138,85,1,274.004,49.0022,47.6243,93.76,59.34
139,85,1,273.997,49.0099,47.5706,86.52,59.26
140,85,1,274.072,49.0447,47.5793,89.97,60.21
141,85,1,274.154,48.9947,47.6227,86.74,60.61
142,85,1,274.036,48.9782,47.5609,90.11,60.49
143,85,1,274.052,49.0012,47.61,91.36,60.07
144,85,1,274.06,48.9922,47.5717,95.1,60.89
145,85,1,274.081,49.0134,47.5786,97,61.33
146,85,1,274.19,48.9673,47.5899,96.44,61.98
147,85,1,274.049,49.0006,47.6848,89.51,61.35
148,85,1,274.143,49.0336,47.5811,88.45,61.39
149,85,1,273.981,49.0322,47.6202,87.83,61.52
150,85,1,273.974,49.0027,47.6043,95.13,60.74
151,85,1,274.137,49.0526,47.585,88.18,61.08
152,85,1,274.058,49.0352,47.6049,90.47,60.81
153,85,1,274.069,49.0353,47.6402,96.15,61.54
154,85,1,274.028,49.0088,47.5341,88.86,61.35
155,85,1,274.009,49.0235,47.653,96.16,61.75
156,85,1,274.125,49.0348,47.6421,88.53,61.36
157,85,1,273.909,49.0467,47.6587,92.81,60.01
158,85,1,274.093,49.0337,47.5952,88.76,61.53
159,85,1,274.109,49.0183,47.6064,89.68,60.97
160,85,1,273.984,49.0415,47.6192,89.08,60.44
161,85,1,273.988,49.0152,47.6444,88.95,60.8
162,85,1,274.073,49.0347,47.6112,90.59,60.26
163,85,1,274.033,49.0814,47.6129,85.95,60.02
164,85,1,274.017,49.069,47.6799,86.62,60.02
165,85,1,273.962,49.0713,47.5928,87.24,60.15
166,85,1,274.089,49.0295,47.5978,88.66,60.56
167,85,1,274.061,49.0346,47.6292,88.58,60.69
168,85,1,274,49.0217,47.6469,88.62,61.35
169,85,1,274.021,49.0263,47.579,86.53,60.06
170,85,1,274.006,49.0676,47.67,87.01,60.41
171,85,1,273.997,49.08,47.6058,92.78,59.46
172,85,0,0,0,0,0,58.29
173,85,0,0,0,0,0,54.1
174,85,1,278.437,39.9916,55.4657,92.38,57.87
175,85,1,278.442,40.0051,55.4436,92.52,59.31
176,85,1,278.551,40.0052,55.4306,94.17,59.58
177,85,1,278.498,39.9854,55.4277,93.32,59.36
178,85,1,278.51,39.9808,55.4297,95.16,60.09
179,85,1,278.513,39.9479,55.4102,85.38,59.39
180,85,1,278.518,39.9415,55.4332,93.53,59.52
181,85,1,278.587,40.0097,55.429,92.94,59.76
182,85,1,278.414,39.957,55.4436,94.4,59.96
183,85,1,278.322,39.9642,55.4986,96.75,59.92
184,85,1,278.445,39.9794,55.45,93.21,60.42
185,85,1,278.436,39.9776,55.4771,94.48,60.07
186,85,1,278.426,39.96,55.4503,94.08,60.23
187,85,1,278.517,40.0089,55.4195,94.85,60.25
188,85,1,278.517,40.0301,55.3905,93.86,60.21
189,85,1,278.541,39.9903,55.4091,95.53,60.55
190,85,1,278.408,40.0098,55.4561,92.89,60.65
191,85,1,278.494,39.9688,55.4552,95.38,59.74
192,85,1,278.415,39.967,55.414,93.99,59.61
193,85,1,278.447,39.9718,55.3941,93.78,60.18
194,85,1,278.478,40.0093,55.4618,94.93,60.46
195,85,1,278.421,40.0244,55.4583,92.76,60.47
196,85,1,278.436,40.008,55.4693,92.97,60.4
197,85,1,278.377,40.0167,55.5201,94.65,60.15
198,85,1,278.484,40.0268,55.5211,91.63,60.22
199,85,1,278.499,40.1002,55.5104,93.8,60.26
200,85,1,278.536,40.0651,55.4622,92.36,60.61
201,85,1,278.506,40.0798,55.4751,92.66,59.89
202,85,1,278.509,40.0661,55.4485,94.83,60.11
203,85,1,278.683,40.1125,55.417,93.31,60.97
204,85,1,278.443,40.0754,55.4141,92.28,59.49
205,85,1,278.455,40.0362,55.4143,92.5,59.53
206,85,1,278.568,40.0395,55.3971,93.87,60.5
207,85,1,278.511,40.0361,55.4422,91.09,60.07
208,85,1,278.586,40.0297,55.408,94.77,60.4
209,85,1,278.501,39.9979,55.3865,92.17,60.61
210,85,1,278.522,40.0478,55.4391,94.5,61.08
211,85,1,278.541,40.0503,55.3873,90.77,60.22
212,85,1,278.576,40.0555,55.4375,93.95,60.8
213,85,1,278.485,40.0158,55.4006,92.1,60.42
214,85,1,278.549,40.0903,55.379,94.08,60.88
215,85,1,278.549,40.045,55.3784,93.94,60.54
216,85,1,278.596,40.092,55.3803,95.29,59.64
217,85,1,278.551,40.1776,55.495,90.89,57.9
218,85,0,0,0,0,0,56.13
219,85,1,177.669,21.5299,5.42237,92.32,56.65
220,85,1,177.669,21.5191,5.4146,90.67,57.59
221,85,1,177.61,21.5465,5.42528,91.98,57.81
222,85,1,177.64,21.5002,5.46319,93.43,58.78
223,85,1,177.661,21.5127,5.35708,93.44,58.64
224,85,1,177.581,21.5077,5.45617,94.37,58.74
225,85,1,177.571,21.5158,5.43253,91.36,57.04
226,85,1,168.12,26.9609,23.9765,93.01,56.47
227,85,1,168.026,26.9634,24.1119,93.52,57.59
228,85,1,167.986,26.8807,24.0915,94.01,57.32
229,85,1,168.136,26.9566,24.0148,94.18,58.9
230,85,1,168.022,26.9312,24.0365,94.93,58.76
231,85,1,168.053,26.9517,24.0491,95.76,58.7
232,85,1,167.995,26.9556,24.0761,95.34,58.71
233,85,1,168.008,26.9099,24.0645,94.86,58.31
234,85,1,168.101,26.9385,23.9821,93.9,57.96
235,85,1,168.12,26.9052,23.96,88.5,55.3
236,85,1,66.365,35.9939,80.0192,88.46,52.18
237,85,1,66.2678,35.9241,80.1041,90.51,53.16
238,85,1,66.2943,36.0499,80.1227,90.51,54.56
239,85,1,66.3141,35.9462,80.0739,90.56,53.17
240,85,1,66.3956,35.8253,80.1198,87.98,53.95
241,85,1,66.1705,35.9834,80.2052,91.64,54.13
242,85,1,66.0418,35.7931,80.2696,87.25,54.62
243,85,1,66.161,35.9384,80.2177,87.7,53.97
244,85,1,66.1581,36.0658,80.2125,90.67,54.7
245,85,1,66.0569,35.779,80.3796,86.99,54.12
246,85,1,66.117,35.9671,80.2305,90.34,53.94
247,85,1,66.4139,35.9508,80.0098,87.44,54.69
248,85,1,66.1676,35.9889,80.1032,92.55,54.2
249,85,1,66.2365,35.9596,80.1817,88.82,54.65
250,85,1,66.2313,35.9584,80.1457,91.73,53.92
251,85,1,66.1752,35.9182,80.2009,87.06,52.1
252,85,1,66.1568,35.8593,80.2761,86.43,51.54
253,85,1,66.3129,35.795,79.9827,90.41,49
254,85,0,0,0,0,0,35.74
255,85,0,0,0,0,0,35.28
0,86,0,0,0,0,0,52.04
1,86,0,0,0,0,0,35.81
2,86,0,0,0,0,0,35.01
3,86,0,0,0,0,0,35.41
4,86,1,271.426,11.6147,76.4446,93.72,43.41
5,86,1,271.508,11.5724,76.3793,93.83,53.29
6,86,1,271.771,11.7097,76.1284,89.84,53.74
7,86,1,271.577,11.6551,76.2991,94.1,54.11
8,86,1,271.504,11.6333,76.2857,92.29,54.23
9,86,1,271.536,11.6371,76.3688,94.32,55.4
10,86,1,271.497,11.6794,76.5,94.61,55.07
11,86,1,271.759,11.7171,76.0657,92.6,55.1
12,86,1,271.478,11.6809,76.3677,94.91,54.3
13,86,1,271.549,11.6758,76.3614,93.29,54.49
14,86,1,271.442,11.7144,76.5193,93.18,54.83
15,86,1,271.469,11.7465,76.4102,93.94,55.77
16,86,1,271.609,11.7204,76.3366,95.28,55.1
17,86,1,271.558,11.6837,76.3293,94.28,54.67
18,86,1,271.519,11.6917,76.3408,94.52,55.07
19,86,1,271.338,11.7205,76.5856,95.07,55.5
20,86,1,271.684,11.7404,76.2579,91.07,54.13
21,86,1,271.491,11.7846,76.3662,90.91,56.12
22,86,1,271.564,11.8159,76.4092,93.56,55.33
23,86,1,271.377,11.6967,76.5608,94.3,55.5
24,86,1,271.411,11.6869,76.4085,93.88,54.71
25,86,1,271.517,11.7302,76.4208,95.22,54.73
26,86,1,271.453,11.7201,76.3882,93.74,53.73
27,86,1,271.483,11.7296,76.4165,92.72,55.11
28,86,1,271.598,11.7219,76.2838,94.34,54.55
29,86,1,271.58,11.7168,76.3358,92.37,54.98
30,86,1,271.661,11.7318,76.3033,91.85,53.95
31,86,1,271.659,11.747,76.2097,90.44,52.86
32,86,1,271.615,11.7453,76.273,91.68,51.28
33,86,1,271.542,11.7453,76.3102,93.47,54.33
34,86,1,271.43,11.7418,76.3682,91.82,54.29
35,86,1,271.582,11.7451,76.307,92.31,54.92
36,86,1,271.516,11.7316,76.377,92.82,54.91
37,86,1,271.239,11.7983,76.579,87.53,55.14
38,86,1,271.454,11.7318,76.3863,94.8,54.74
39,86,1,271.458,11.7496,76.4123,91.9,54.59
40,86,1,271.435,11.7257,76.3764,88.84,55.28
41,86,1,271.51,11.742,76.362,92.78,55.15
42,86,1,271.546,11.7433,76.3254,92.79,54.66
43,86,1,271.492,11.7489,76.3316,92.17,55.23
44,86,1,271.557,11.7476,76.2937,93.41,53.61
45,86,1,271.601,11.7866,76.1497,91.08,54.74
46,86,1,271.586,11.8034,76.376,94.81,55.22
47,86,1,271.404,11.7724,76.438,94.41,54.43
48,86,1,271.398,11.7753,76.454,95.95,54.8
49,86,1,271.421,11.811,76.5302,94.37,55.3
50,86,1,271.459,11.825,76.4257,85.58,55.34
51,86,1,271.55,11.7836,76.3102,92.03,54.2
52,86,1,271.509,11.8542,76.4872,93.15,55.74
53,86,1,271.387,11.8083,76.4488,93.55,55.54
54,86,1,271.608,11.7996,76.2654,95.42,54.03
55,86,1,271.527,11.8094,76.3234,94.47,54.89
56,86,1,271.35,11.8056,76.4751,94.35,55.57
57,86,1,271.603,11.8137,76.3009,92.75,55.12
58,86,1,271.46,11.801,76.413,91.35,55.13
59,86,1,271.794,11.8977,76.1796,91.78,55.21
60,86,1,271.419,11.8789,76.4535,93.28,55.44
61,86,1,271.596,11.8109,76.3311,90.94,54.41
62,86,1,271.555,11.802,76.3557,91.42,53.05
63,86,0,0,0,0,0,54.03
64,86,1,274.109,48.8947,47.5795,92.29,57.15
65,86,1,274.118,48.9536,47.6126,88.81,59.52
66,86,1,274.132,48.8823,47.5285,88.37,60.73
67,86,1,274.091,48.8404,47.5105,89.24,60.76
68,86,1,274.089,48.8604,47.5995,89.54,60.61
69,86,1,274.184,48.8931,47.5734,91.17,60.89
70,86,1,274.135,48.8612,47.5928,90.66,60.99
71,86,1,274.195,48.839,47.5927,96.57,61.14
72,86,1,274.072,48.8689,47.5573,90.37,60.78
73,86,1,274.086,48.8672,47.5076,89.34,61.41
74,86,1,274.062,48.9051,47.5055,85.87,60.6
75,86,1,274.025,48.8883,47.5685,89.3,61.32
76,86,1,274.191,48.8717,47.5341,95.97,60.83
77,86,1,274.19,48.8982,47.5327,97.39,61.76
78,86,1,274.052,48.8566,47.5621,88.8,61.2
79,86,1,274.124,48.8032,47.5873,88.02,61.16
80,86,1,274.089,48.8565,47.5705,88.65,60.04
81,86,1,274.172,48.877,47.5869,94.36,60.79
82,86,1,274.012,48.8867,47.5887,89.68,60.76
83,86,1,274.064,48.8616,47.5413,90.1,60.36
84,86,1,274.144,48.864,47.5418,87.63,60.75
85,86,1,274.221,48.9032,47.6157,94.41,60.65
86,86,1,274.111,48.8951,47.5894,89.54,60.95
87,86,1,274.091,48.901,47.5846,90.5,60.23
88,86,1,274.163,48.9172,47.5885,94.99,60.88
89,86,1,274.088,48.8913,47.5731,97.93,61.24
90,86,1,274.135,48.9467,47.5508,97.05,60.92
91,86,1,273.963,48.919,47.6187,87.94,61.2
92,86,1,274.095,48.8729,47.5013,89.29,60.52
93,86,1,274.084,48.9363,47.5405,88.33,61.04
94,86,1,274.036,48.9091,47.5631,89.41,60.96
95,86,1,274.13,48.932,47.6121,90.21,60.64
96,86,1,274.082,48.8857,47.5755,87.34,60.44
97,86,1,274.094,48.9045,47.5277,88.45,60.38
98,86,1,274.083,48.941,47.6178,88.6,60.41
99,86,1,274.028,48.8749,47.5215,86.68,60.31
100,86,1,274.094,48.9179,47.5239,89.95,61.1
101,86,1,274.01,48.9654,47.6163,95.05,61.62
102,86,1,274.093,48.951,47.5526,88.15,59.78
103,86,1,274.024,48.9364,47.5998,92.61,58.89
104,86,1,274.025,48.8534,47.6316,94.03,61.02
105,86,1,273.902,48.9152,47.6624,87.66,60.26
106,86,1,273.991,48.9369,47.5977,88.3,60.38
107,86,1,274.194,48.9544,47.6047,89.79,59.84
108,86,1,274.073,48.9552,47.5801,87.97,60.47
109,86,1,274.136,48.9183,47.5545,97.29,60.86
110,86,1,274.141,48.9308,47.5791,90.2,60.49
111,86,1,274.051,48.9886,47.543,88.45,60.59
112,86,1,274.055,48.9248,47.6324,88.79,60.94
113,86,1,273.947,48.9414,47.6008,88.68,61.49
114,86,1,274.105,48.8767,47.6271,86.63,60.92
115,86,1,274.117,48.9682,47.5357,90.53,60.29
116,86,1,274.197,48.9408,47.6365,87.21,60.67
117,86,1,273.979,48.9018,47.5967,88.38,61.31
118,86,1,274.079,48.9059,47.6291,95.59,60.65
119,86,1,274.084,48.9363,47.5621,88.72,60.49
120,86,1,274.033,48.9224,47.6037,90.13,60.8
121,86,1,273.986,48.9819,47.6325,93.94,60.04
122,86,1,274.132,49.0079,47.6254,94.7,61.21
123,86,1,274.032,48.9507,47.5848,89.11,61.19
124,86,1,274.148,48.9266,47.5576,96.84,61.02
125,86,1,274.111,49.0172,47.5201,93.97,59.08
126,86,1,274.069,48.9787,47.5155,93.57,58.16
127,86,0,0,0,0,0,58.4
128,86,0,0,0,0,0,58.27
129,86,0,0,0,0,0,57.39
130,86,1,354.93,11.8557,25.1769,92.54,56.69
131,86,1,354.98,11.8551,25.0884,95.73,57.33
132,86,1,355.001,11.8614,25.0303,94.78,58.89
133,86,1,355.022,11.8689,24.9092,97.06,59.03
134,86,1,355.085,11.8519,24.9637,96.68,58.35
135,86,1,354.874,11.88,25.1253,94.37,57.89
136,86,1,354.936,11.8859,25.069,88.21,57.39
137,86,0,0,0,0,0,56.91
138,86,0,0,0,0,0,57.54
139,86,0,0,0,0,0,57.38
140,86,1,274.077,49.0326,47.5165,85.24,59.17
141,86,1,274.071,49.0149,47.5515,95.35,59.84
142,86,1,273.988,48.9647,47.5962,90.14,60.58
143,86,1,274.087,48.9704,47.5785,88.52,60.42
144,86,1,273.906,49.0265,47.6269,87.91,60.46
145,86,1,274.049,48.9972,47.5511,89.75,60.7
146,86,1,274.016,49.0231,47.6017,96.01,60.71
147,86,1,274.087,49.0076,47.5775,90.48,61.66
148,86,1,274.239,49.0369,47.5919,88.54,60.84
149,86,1,274.046,48.9954,47.6215,89.16,61.49
150,86,1,274.049,49.0607,47.6223,93.6,60.88
151,86,1,274.063,49.0115,47.5746,88.24,60.66
152,86,1,274.039,49.0226,47.6605,87.96,61.26
153,86,1,274.022,49.0576,47.6179,96.56,61.45
154,86,1,274.014,49.0204,47.6358,88.16,60.65
155,86,1,274.006,49.0465,47.6313,88.53,61.25
156,86,1,274.091,49.0214,47.5881,88.69,60.2
157,86,1,274.19,49.036,47.6466,87.47,60.92
158,86,1,274.127,49.042,47.5711,87.95,60.75
159,86,1,273.97,49.034,47.641,87.06,61.06
160,86,1,273.988,49.0077,47.6423,89.25,60.99
161,86,1,274.155,49.0563,47.6211,89.78,60.49
162,86,1,274.058,49.0397,47.5435,87.74,60.5
163,86,1,274.045,49.0148,47.6092,88.62,60.29
164,86,1,274.003,49.0266,47.6613,95.65,60.96
165,86,1,273.991,49.0451,47.6624,89.46,60.93
166,86,1,273.997,49.0343,47.652,94.65,60.25
167,86,1,274.002,49.0297,47.6579,86.71,60.22
168,86,1,274.061,49.0326,47.6284,89.22,60.57
169,86,1,274.018,49.0258,47.6898,89.56,60.79
170,86,1,273.951,49.0142,47.6475,95.09,61.11
171,86,1,273.975,49.0209,47.6702,88.89,60.65
172,86,1,273.935,49.0285,47.6346,89.12,60.62
173,86,0,0,0,0,0,57.3
174,86,1,278.487,39.9847,55.4651,91.98,59
175,86,1,278.462,39.9877,55.4486,91.01,58.69
176,86,1,278.494,40.0024,55.4507,95.12,60.17
177,86,1,278.467,39.9759,55.4707,92.27,59.31
178,86,1,278.423,39.9278,55.4422,94.48,59.37
179,86,1,278.454,39.9931,55.4567,93.06,59.63
180,86,1,278.534,40.0241,55.4463,95.3,59.61
181,86,1,278.527,39.998,55.4641,94.03,59.63
182,86,1,278.516,39.9797,55.4599,93.45,60.41
183,86,1,278.534,40.0197,55.4474,93.64,59.15
184,86,1,278.52,40.0263,55.4571,93.73,60.35
185,86,1,278.566,40.0064,55.4581,92.51,60.89
186,86,1,278.544,40.0145,55.4857,93.37,60.5
187,86,1,278.402,39.9989,55.4436,92.78,60.21
188,86,1,278.509,40.0333,55.4701,94.42,60.11
189,86,1,278.502,40.004,55.4397,92.98,59.53
190,86,1,278.469,39.9844,55.4341,93.29,59.88
191,86,1,278.521,40.0269,55.4294,93.46,59.51
192,86,1,278.455,40.0097,55.4023,91.11,59.01
193,86,1,278.447,40.004,55.4316,93.68,59.84
194,86,1,278.523,40.0651,55.4432,93.91,60.22
195,86,1,278.441,40.0067,55.4438,92.19,59.87
196,86,1,278.403,40.0294,55.4826,91.76,59.79
197,86,1,278.464,40.1033,55.5366,91.93,60.28
198,86,1,278.439,40.0715,55.5396,92.82,60.07
199,86,1,278.481,40.0931,55.501,92.6,60.07
200,86,1,278.499,40.1096,55.4607,94.72,60.58
201,86,1,278.583,40.1202,55.4217,93.86,60.29
202,86,1,278.528,40.0488,55.4631,93.24,60.35
203,86,1,278.585,40.1337,55.4368,94.81,60.11
204,86,1,278.603,40.1202,55.4408,92.68,60.71
205,86,1,278.507,40.0427,55.4359,92.48,60.89
206,86,1,278.476,40.033,55.4132,91.5,60.16
207,86,1,278.524,40.0298,55.4175,95.05,60.01
208,86,1,278.521,40.0184,55.4352,92.61,60.7
209,86,1,278.431,40.0115,55.3772,94.08,60.6
210,86,1,278.551,40.0172,55.4668,92.58,60.65
211,86,1,278.603,40.0561,55.3898,93.43,60.71
212,86,1,278.513,40.0497,55.4245,93.53,61.29
213,86,1,278.555,40.0316,55.3754,91.74,60.24
214,86,1,278.524,40.0396,55.3902,92.07,60.6
215,86,1,278.527,40.0616,55.3695,92.47,60.05
216,86,1,278.613,40.143,55.413,90.14,58.42
217,86,0,0,0,0,0,55.99
218,86,1,177.518,21.5026,5.5285,91.2,57.36
219,86,1,177.563,21.4947,5.46221,93.26,58.6
220,86,1,177.468,21.512,5.53302,94.03,57.94
221,86,1,177.538,21.5424,5.50557,92.26,58.97
222,86,1,177.58,21.509,5.46487,94.2,58.78
223,86,1,177.643,21.5012,5.40239,94.23,58.18
224,86,1,177.791,21.5012,5.3375,92.14,58.23
225,86,1,177.127,21.7957,5.79582,81.45,57.09
226,86,0,0,0,0,0,54.08
227,86,1,168.127,26.9076,24.0047,97.81,57.66
228,86,1,167.999,26.9418,24.0682,94.11,58.81
229,86,1,168.112,26.9484,24.0199,92.55,58.44
230,86,1,168.136,26.9604,24.0026,95.99,58.84
231,86,1,168.059,26.929,24.0366,93.45,58.79
232,86,1,167.942,26.9665,24.0992,95.29,58.91
233,86,1,168.067,26.9408,24.0289,95.3,57.73
234,86,1,168.01,26.8929,24.0341,92.86,58.27
235,86,1,168.138,26.8957,23.9627,96.59,58.42
236,86,1,168.104,26.9306,24.0026,93.5,54.95
237,86,1,168.082,26.9186,24.0118,89.73,52.65
238,86,1,66.171,36.0158,80.1234,91.12,53.1
239,86,1,66.2835,35.9757,80.1801,87.01,53.02
240,86,1,66.1407,36.0245,80.2456,90.85,53.83
241,86,1,65.9688,35.7324,80.4907,87.28,54.27
242,86,1,66.2859,35.9065,80.1673,92.38,53.81
243,86,1,66.2134,35.9894,80.2088,90.01,54.19
244,86,1,66.3074,35.9773,80.1468,88.59,54.8
245,86,1,66.3243,35.9028,80.0333,88.01,54.4
246,86,1,66.6336,35.8413,79.7702,89.64,54.17
247,86,1,66.0512,35.7823,80.3661,90.21,54.12
248,86,1,66.1564,35.7869,80.1516,89.58,53.78
249,86,1,66.2037,35.9922,80.122,89.99,53.17
250,86,1,66.1188,35.8437,80.2502,85.79,52.2
251,86,0,0,0,0,0,48.3
252,86,0,0,0,0,0,48.85
253,86,0,0,0,0,0,43.52
254,86,0,0,0,0,0,35.78
255,86,0,0,0,0,0,35.43
0,87,0,0,0,0,0,36.34
1,87,0,0,0,0,0,34.55
2,87,0,0,0,0,0,34.08
3,87,0,0,0,0,0,36.47
4,87,1,271.363,11.5932,76.402,94.72,44.16
5,87,1,271.557,11.6551,76.3566,92.55,52.96
6,87,1,271.523,11.6173,76.3704,93.25,53.37
7,87,1,271.561,11.7059,76.2463,93.02,54.88
8,87,1,271.586,11.6481,76.3524,93.27,54.98
9,87,1,271.611,11.7343,76.2817,92.01,55.06
10,87,1,271.489,11.6863,76.3736,93.48,54.08
11,87,1,271.623,11.7432,76.3705,92.45,55.01
12,87,1,271.428,11.6704,76.3285,92.78,55.28
13,87,1,271.572,11.6947,76.3516,93.59,54.96
14,87,1,271.549,11.6757,76.289,94.1,54.81
15,87,1,271.546,11.6831,76.3042,93.66,53.87
16,87,1,271.571,11.6873,76.383,94.66,54.67
17,87,1,271.524,11.6987,76.3777,91.45,54.41
18,87,1,271.5,11.6793,76.3144,95.9,53.92
19,87,1,271.479,11.7169,76.4066,85.37,55.57
20,87,1,271.349,11.7271,76.4801,93.49,55.41
21,87,1,271.525,11.6827,76.2884,94.11,54.76
22,87,1,271.495,11.7314,76.4303,92.65,55.03
23,87,1,271.691,11.7541,76.1367,92.1,55.56
24,87,1,271.552,11.7058,76.3888,94.3,54.67
25,87,1,271.504,11.6915,76.3568,94.32,54.94
26,87,1,271.559,11.6784,76.3882,94.47,54.54
27,87,1,271.514,11.7323,76.4355,91.77,54.11
28,87,1,271.474,11.7152,76.3818,94.15,55.05
29,87,1,271.579,11.7026,76.3211,92.44,54.52
30,87,1,271.542,11.6938,76.3077,92.11,54.67
31,87,1,271.463,11.6138,76.4135,92.76,52.16
32,87,1,271.493,11.7417,76.3832,82.43,50.15
33,87,1,271.382,11.7555,76.4875,91.18,53.39
34,87,1,271.597,11.7458,76.2918,94.22,53.96
35,87,1,271.549,11.718,76.2643,90.99,54.48
36,87,1,271.502,11.7348,76.3724,93.47,55.44
37,87,1,271.6,11.7676,76.2973,95.31,55.15
38,87,1,271.373,11.7729,76.5177,94.57,55.24
39,87,1,271.555,11.7452,76.3338,92.28,54.96
40,87,1,271.509,11.7286,76.2772,97.29,54.7
41,87,1,271.653,11.7547,76.2135,95.36,54.84
42,87,1,271.553,11.734,76.2641,96.52,54.7
43,87,1,271.418,11.8315,76.5212,93.83,55.74
44,87,1,271.705,11.7795,76.0986,91.07,54.72
45,87,1,271.517,11.7532,76.3512,92.61,54.1
46,87,1,271.585,11.7748,76.2958,93.74,54.4
47,87,1,271.845,11.8336,76.1067,93,55.35
48,87,1,271.485,11.7844,76.3593,93.11,54.59
49,87,1,271.431,11.7979,76.4291,86.61,55.35
50,87,1,271.618,11.8361,76.2471,92.83,54.5
51,87,1,271.491,11.7825,76.3996,95.61,55.62
52,87,1,271.389,11.8567,76.4686,93.66,55.16
53,87,1,271.589,11.863,76.3648,93.93,54.59
54,87,1,271.457,11.77,76.3336,93.66,54.31
55,87,1,271.474,11.7711,76.3988,94.35,55.08
56,87,1,271.532,11.8347,76.312,93.85,55.68
57,87,1,270.753,11.9098,76.8784,86.1,55.88
58,87,1,271.373,11.7884,76.384,95.02,55.05
59,87,1,271.525,11.7919,76.2952,92.54,55.09
60,87,1,271.402,11.8462,76.5263,94.82,55.33
61,87,1,271.379,11.7957,76.4314,95.14,55.66
62,87,1,271.46,11.8039,76.4476,95.65,54.96
63,87,1,271.595,11.8418,76.3188,84.71,51.49
64,87,0,0,0,0,0,54.35
65,87,1,274.038,48.8386,47.5075,92.48,57.43
66,87,1,274.028,48.8417,47.5725,89.33,60.59
67,87,1,274.135,48.8783,47.5887,90.69,61.08
68,87,1,274.102,48.8544,47.5828,89.6,60.69
69,87,1,274.076,48.9201,47.5262,87.6,60.68
70,87,1,274.159,48.9143,47.5631,89.33,61.41
71,87,1,274.178,48.8539,47.5654,89.36,60.86
72,87,1,274.149,48.9055,47.592,87.97,61.66
73,87,1,274.099,48.8644,47.5213,88.56,60.55
74,87,1,274.211,48.87,47.5523,87.92,61.23
75,87,1,274.147,48.9088,47.5878,87.03,60.84
76,87,1,274.143,48.8981,47.5717,89.99,60.62
77,87,1,274.22,48.8729,47.5592,87.55,60.9
78,87,1,274.063,48.8804,47.6021,88.74,61.12
79,87,1,274.112,48.8059,47.6261,88.58,60.67
80,87,1,274.086,48.9324,47.5725,87.84,61.41
81,87,1,274.148,48.9164,47.5895,90.4,61.12
82,87,1,274.085,48.8951,47.5648,89.43,61.29
83,87,1,274.062,48.8655,47.5718,88.87,60.64
84,87,1,274.138,48.9181,47.5972,87.88,60.5
85,87,1,274.087,48.9047,47.5931,97.55,60.72
86,87,1,274.166,48.8764,47.4897,90.94,60.51
87,87,1,274.085,48.8789,47.5348,88.06,60.98
88,87,1,274.175,48.8994,47.5867,87.93,60.68
89,87,1,274.141,48.8911,47.49,91.66,61.38
90,87,1,274.036,48.8908,47.5402,90.3,61.09
91,87,1,274.044,48.8935,47.5954,89.53,61.11
92,87,1,274.035,48.8751,47.586,88.11,60.57
93,87,1,274.008,48.8954,47.5785,89.48,60.68
94,87,1,274.078,48.908,47.5945,90.24,60.59
95,87,1,274.11,48.93,47.6112,89.08,60.87
96,87,1,274.095,48.9095,47.6124,96.34,60.76
97,87,1,274.068,48.9129,47.6161,89.03,61.74
98,87,1,274.118,48.9224,47.6008,89.95,61.47
99,87,1,274.108,48.9201,47.6253,89.3,60.94
100,87,1,274.101,48.934,47.6232,90.76,60.38
101,87,1,274.086,48.9091,47.5535,89.05,60.93
102,87,1,274.069,48.9147,47.6149,88.72,61.5
103,87,1,274.123,48.9374,47.621,90.24,61.24
104,87,1,274.205,48.934,47.5741,88.67,60.35
105,87,1,274.133,48.9417,47.5767,95.14,60.3
106,87,1,274.026,48.9207,47.5091,88.28,59.8
107,87,1,274.107,48.9504,47.5993,89.33,59.73
108,87,1,274.05,48.9242,47.5338,88.33,59.85
109,87,1,274.077,48.9622,47.6197,89.56,60.82
110,87,1,274.173,48.9447,47.5894,89.4,60.17
111,87,1,274.07,48.9621,47.5875,88.55,61.34
112,87,1,274.02,48.8937,47.6,90.06,61.12
113,87,1,274.048,48.9436,47.606,89.64,61.72
114,87,1,274.041,48.9416,47.5869,89.81,61.05
115,87,1,274.105,48.9562,47.5582,87.8,60.6
116,87,1,274.003,48.95,47.5987,88.82,60.77
117,87,1,274.189,48.9717,47.5899,90.26,61.11
118,87,1,273.992,48.9551,47.6237,88.88,61.15
119,87,1,274.035,48.9798,47.5987,87.65,61.88
120,87,1,274.079,48.9583,47.5759,88.22,60.76
121,87,1,274.036,48.9539,47.6214,89.24,60.9
122,87,1,274.155,48.9592,47.6298,86.56,61.44
123,87,1,273.948,48.9074,47.6017,88.21,60.37
124,87,1,274.068,48.9476,47.5656,89.95,60.33
125,87,1,274.121,48.975,47.5877,89.75,60.6
126,87,1,274.004,48.9851,47.5855,87.7,60.54
127,87,1,274.058,49.0185,47.5732,84.79,60.16
128,87,1,274.066,49.0169,47.5328,93.7,59.11
129,87,1,273.952,48.9874,47.5598,85.8,58.11
130,87,0,0,0,0,0,56.26
131,87,0,0,0,0,0,56.78
132,87,1,355.007,11.9278,25.012,90.86,57.09
133,87,1,354.999,11.9597,25.1082,93.91,57.27
134,87,1,354.804,11.8741,25.2455,94.65,57.6
135,87,1,354.765,11.8749,25.3188,93.67,58.74
136,87,1,355.068,11.9203,24.8965,94.68,59.15
137,87,1,355.069,11.9858,24.9867,95.2,58.59
138,87,1,354.938,11.8819,25.1108,94.32,57.27
139,87,0,0,0,0,0,57.38
140,87,0,0,0,0,0,57.38
141,87,0,0,0,0,0,57.62
142,87,1,273.969,48.9972,47.6294,93.41,59.04
143,87,1,274.043,49.0308,47.5855,93.91,58.67
144,87,1,274.108,48.998,47.6239,88.43,60.02
145,87,1,274.012,49.0503,47.6009,89.11,59.96
146,87,1,274.047,48.987,47.5574,88.39,60.53
147,87,1,274.075,48.9995,47.5597,90,61.05
148,87,1,273.977,49.0723,47.6652,88.45,59.74
149,87,1,273.922,49.0339,47.6332,87.5,61.05
150,87,1,273.991,48.9928,47.6152,88.45,61.7
151,87,1,274.016,48.9978,47.6212,90.23,60.94
152,87,1,274.128,49.0359,47.5562,94.95,61.08
153,87,1,274.139,49.0449,47.406,92.05,61.36
154,87,1,273.941,49.0101,47.5738,96,60.86
155,87,1,274.012,48.9828,47.5118,88.05,61.12
156,87,1,273.954,49.0538,47.5966,88.28,60.4
157,87,1,274.141,49.0409,47.5895,96.33,61.06
158,87,1,273.995,49.0092,47.6226,96.88,61.23
159,87,1,274.044,49.0374,47.5913,88.4,60.17
160,87,1,274.107,49.0351,47.5337,88.56,60.78
161,87,1,274.024,49.0239,47.6861,96.45,61.5
162,87,1,274.061,49.0446,47.6493,94.7,61.2
163,87,1,274.022,49.0542,47.6514,88.47,60.15
164,87,1,274.035,49.0819,47.6035,88.63,60.83
165,87,1,273.981,49.0509,47.6454,89.8,60.43
166,87,1,273.938,49.0113,47.6519,89.01,60.95
167,87,1,273.982,49.0303,47.6799,89.82,61.09
168,87,1,274.019,49.0324,47.6458,87.25,60.43
169,87,1,274.111,49.0329,47.5506,88.79,61.11
170,87,1,273.992,49.0305,47.665,87.69,61.32
171,87,1,273.928,49.0104,47.68,93.63,60.6
172,87,1,274.031,49.0398,47.6588,90.41,60.48
173,87,0,0,0,0,0,57.66
174,87,1,278.413,39.9597,55.4514,90.8,57.84
175,87,1,278.493,39.9642,55.4422,90.89,59.01
176,87,1,278.46,39.9738,55.4979,94.32,59.72
177,87,1,278.455,39.985,55.4583,93.77,59.43
178,87,1,278.469,39.9661,55.4405,93.47,59.52
179,87,1,278.427,39.9785,55.4732,91.38,59.68
180,87,1,278.534,39.9839,55.4279,94.87,60.91
181,87,1,278.427,39.9374,55.4826,92.45,59.91
182,87,1,278.451,40.0256,55.4352,93.92,59.6
183,87,1,278.483,40.0052,55.4621,92.23,59.3
184,87,1,278.476,39.9772,55.4826,93.51,59.74
185,87,1,278.584,40.0252,55.5017,92.46,59.88
186,87,1,278.486,40.0087,55.4763,91.58,60.15
187,87,1,278.492,39.979,55.4535,94.67,60.36
188,87,1,278.554,39.9559,55.4536,94.33,60.22
189,87,1,278.466,39.9533,55.4249,94,60.14
190,87,1,278.473,39.9752,55.4322,93.89,59.95
191,87,1,278.464,40.0099,55.4142,94.27,59.95
192,87,1,278.599,40.0533,55.4047,93.37,60.82
193,87,1,278.448,39.9882,55.4119,93.54,59.78
194,87,1,278.583,40.0631,55.436,94.04,60.76
195,87,1,278.551,40.0804,55.4353,88.24,60.88
196,87,1,278.402,39.9785,55.4515,92.65,59.56
197,87,1,278.369,39.9851,55.4681,95.29,60.53
198,87,1,278.497,40.0502,55.5365,92.41,60.93
199,87,1,278.474,40.0535,55.5247,93.73,60.6
200,87,1,278.508,40.111,55.4834,92.49,59.89
201,87,1,278.607,40.1452,55.4295,94.43,60.25
202,87,1,278.48,40.0589,55.4413,94.25,60.33
203,87,1,278.467,40.0654,55.4117,93.35,59.83
204,87,1,278.469,40.0061,55.3769,93.22,60.81
205,87,1,278.474,40.026,55.4125,95.33,60.58
206,87,1,278.531,40.0396,55.3882,91.83,60.03
207,87,1,278.527,40.0143,55.3948,93.07,59.59
208,87,1,278.506,39.988,55.3594,95.1,59.86
209,87,1,278.591,40.0644,55.4152,93.92,61.2
210,87,1,278.523,40.0311,55.3937,94.3,60.59
211,87,1,278.564,40.0307,55.4136,94.16,59.87
212,87,1,278.473,39.9967,55.3511,92.55,59.74
213,87,1,278.516,40.0391,55.3755,93.53,60.06
214,87,1,278.476,40.0244,55.3851,90.65,59.93
215,87,1,278.6,40.1116,55.3284,90.3,57.61
216,87,0,0,0,0,0,57.12
217,87,1,177.662,21.5134,5.43263,91.94,56.61
218,87,1,177.81,21.5317,5.39349,94.98,58.51
219,87,1,177.544,21.5036,5.47646,91.62,57.68
220,87,1,177.472,21.5013,5.50521,92.5,58.17
221,87,1,177.521,21.5153,5.5267,91.87,58.68
222,87,1,177.525,21.5054,5.46229,90.62,58.51
223,87,1,177.633,21.5146,5.41573,93.56,58.84
224,87,1,177.631,21.505,5.4412,91.73,58.8
225,87,1,177.77,21.5549,5.34428,92.17,57.27
226,87,0,0,0,0,0,54.3
227,87,1,167.909,26.9444,24.1645,93.51,56.17
228,87,1,168.171,26.9271,23.9306,94.86,58.8
229,87,1,167.948,26.9377,24.1103,95.91,59.13
230,87,1,167.991,26.9893,23.984,90.57,58.38
231,87,1,168.002,26.8977,24.0965,92.25,58.19
232,87,1,168.133,26.9226,23.9738,93.88,59.42
233,87,1,168.031,26.9617,24.0554,94.61,58.75
234,87,1,168.062,26.9126,24.0166,96.04,58.02
235,87,1,168.137,26.9402,23.9856,93.88,58.98
236,87,1,168.042,26.9147,24.0064,94.28,57.25
237,87,1,168.113,26.929,24.0154,95.74,56.11
238,87,0,0,0,0,0,52.2
239,87,1,66.2848,36.0058,80.0957,94.88,53.1
240,87,1,66.345,36.0102,80.1387,89.57,53.67
241,87,1,66.1815,35.9892,80.1791,88.93,54.24
242,87,1,66.3016,35.9515,80.2001,86.82,53.58
243,87,1,66.1962,35.9296,80.2022,84.43,54.48
244,87,1,66.2659,35.969,80.2078,90.77,54.15
245,87,1,66.2878,36.0147,80.2161,91.23,52.47
246,87,1,66.1066,35.8974,80.2228,92.39,53.17
247,87,1,66.169,35.9296,80.2297,91.39,51.53
248,87,1,66.3111,35.9496,79.8966,89.26,51.66
249,87,0,0,0,0,0,49.57
250,87,0,0,0,0,0,48.62
251,87,0,0,0,0,0,49.59
252,87,1,66.2974,15.3599,70.3152,84.83,48.85
253,87,1,66.3653,15.3284,70.4667,89.12,44.03
254,87,0,0,0,0,0,35.57
255,87,0,0,0,0,0,51.79
0,88,0,0,0,0,0,35.89
1,88,0,0,0,0,0,33.83
2,88,0,0,0,0,0,34.6
3,88,0,0,0,0,0,35.83
4,88,1,271.334,11.5773,76.5105,93.16,44.13
5,88,1,271.417,11.6346,76.4107,92.04,53.11
6,88,1,271.563,11.6458,76.2996,93.45,53.52
7,88,1,271.466,11.6472,76.3576,91.7,54.46
8,88,1,271.779,11.7017,75.9993,89.64,54.75
9,88,1,271.355,11.6498,76.5031,94.59,55.08
10,88,1,271.546,11.6912,76.3893,91.47,54.11
11,88,1,271.643,11.6909,76.2447,93.1,54.29
12,88,1,271.669,11.7251,76.3024,92.58,54.39
13,88,1,271.439,11.6784,76.4327,91.62,54.26
14,88,1,271.519,11.7634,76.411,94.7,54.9
15,88,1,271.518,11.7232,76.4277,95.15,54.57
16,88,1,271.67,11.7597,76.3095,92.61,54.39
17,88,1,271.583,11.6899,76.3401,92.55,54.59
18,88,1,271.411,11.712,76.483,92.49,55.29
19,88,1,271.418,11.715,76.4693,94.1,55.2
20,88,1,271.461,11.7021,76.4086,93.44,54.36
21,88,1,271.518,11.7163,76.3477,93.21,54.17
22,88,1,271.595,11.7305,76.3666,95.73,55.27
23,88,1,271.48,11.6976,76.3855,92.29,54.52
24,88,1,271.438,11.7373,76.4714,94.93,55.85
25,88,1,271.383,11.706,76.4515,92.6,54.45
26,88,1,271.53,11.7243,76.3468,93.12,54.34
27,88,1,271.471,11.7341,76.4292,92.73,55.84
28,88,1,271.508,11.7016,76.3755,91.53,54.21
29,88,1,271.562,11.7043,76.2766,95.35,54.53
30,88,1,271.476,11.6966,76.3595,92.56,54.73
31,88,1,271.378,11.6966,76.508,91.06,52.65
32,88,1,271.188,11.7199,76.6976,83.53,51.65
33,88,1,271.56,11.7835,76.3933,95.05,54.05
34,88,1,271.435,11.7494,76.4124,94.69,54.74
35,88,1,271.526,11.7197,76.3198,93.43,54.61
36,88,1,271.551,11.782,76.3587,91.79,56.23
37,88,1,271.527,11.7974,76.4373,94.05,54.45
38,88,1,271.495,11.7039,76.4479,92.03,54.52
39,88,1,271.187,11.7781,76.6153,87.3,54.47
40,88,1,271.599,11.7638,76.2842,95.96,54.4
41,88,1,271.496,11.7875,76.4523,93.53,55.45
42,88,1,271.532,11.7721,76.3536,93.9,54.12
43,88,1,271.487,11.788,76.4428,94.19,55.28
44,88,1,271.564,11.7634,76.3573,91.21,54.29
45,88,1,271.476,11.771,76.3727,93.4,54.51
46,88,1,271.597,11.8091,76.3822,95.83,54.97
47,88,1,271.431,11.7538,76.4388,93.6,54.42
48,88,1,271.319,11.7994,76.565,95.44,55.92
49,88,1,271.434,11.7893,76.424,92.08,54.43
50,88,1,271.65,11.8554,76.3277,94.96,55.03
51,88,1,271.444,11.7888,76.3938,95.23,54.96
52,88,1,271.552,11.7928,76.3078,92.35,54.55
53,88,1,271.391,11.7667,76.3873,90.77,54.23
54,88,1,271.559,11.7955,76.3643,95.8,54.75
55,88,1,271.415,11.7885,76.4155,95.87,55.36
56,88,1,271.353,11.7827,76.4328,93.84,54.91
57,88,1,271.456,11.8026,76.3825,94.02,54.45
58,88,1,271.711,11.8948,76.3937,89.49,54.81
59,88,1,271.5,11.8292,76.4393,95.17,55.52
60,88,1,271.415,11.8015,76.3936,92.03,55.22
61,88,1,271.549,11.8127,76.3559,94.02,55.43
62,88,1,271.397,11.8173,76.4627,95,55.24
63,88,1,271.405,11.78,76.4189,92.5,55.19
64,88,1,271.426,11.8109,76.4127,91.97,52.92
65,88,0,0,0,0,0,53.19
66,88,1,274.068,48.8783,47.5917,93.97,56.12
67,88,1,274.201,48.8806,47.5867,89.39,60.2
68,88,1,274.102,48.9495,47.6051,89.41,59.8
69,88,1,274.128,48.8694,47.5709,90.36,60.6
70,88,1,274.031,48.8143,47.5138,91.11,61.53
71,88,1,274.078,48.9388,47.6131,88.58,60.17
72,88,1,274.017,48.8752,47.584,94.88,61.41
73,88,1,274.153,48.9149,47.5825,90.99,60.94
74,88,1,274.164,48.899,47.5154,89.38,60.31
75,88,1,274.178,48.8657,47.5939,87.02,61.13
76,88,1,274.084,48.8669,47.618,89.03,61.44
77,88,1,274.166,48.8761,47.5864,90.26,60.73
78,88,1,274.155,48.8671,47.5395,88.94,61.77
79,88,1,274.061,48.8669,47.5774,89.01,60.72
80,88,1,274.108,48.8963,47.592,88.3,61.07
81,88,1,274.101,48.8262,47.6741,87.92,60.8
82,88,1,274.034,48.8908,47.5475,90.19,60.14
83,88,1,274.075,48.8829,47.5829,89.25,60.74
84,88,1,274.129,48.8485,47.5685,95.9,60.52
85,88,1,274.115,48.928,47.6044,90.64,61.23
86,88,1,274.054,48.9138,47.5954,94.59,60.05
87,88,1,274.095,48.8822,47.5859,91.29,61.6
88,88,1,274.058,48.8918,47.5752,90.12,60.32
89,88,1,273.986,48.8939,47.6155,95.5,60.54
90,88,1,274.056,48.8874,47.5691,95.21,61.01
91,88,1,274.03,48.9321,47.5877,94.83,60.54
92,88,1,274.175,48.9228,47.5961,96.93,61.57
93,88,1,274.052,48.9361,47.5736,89.31,60.98
94,88,1,274.147,48.9384,47.6075,96.72,60.96
95,88,1,274.175,48.8988,47.5661,87.78,61.67
96,88,1,274.042,48.899,47.5133,88.3,60.99
97,88,1,274.109,48.9069,47.5886,90.46,60.72
98,88,1,274.051,48.9193,47.6088,89,60.4
99,88,1,274.08,48.8386,47.6381,94.98,61.29
100,88,1,274.069,48.8794,47.5933,89.83,61.46
101,88,1,273.986,48.9158,47.5731,94.95,60.96
102,88,1,274.085,48.9041,47.594,90.14,60.53
103,88,1,274.092,48.9594,47.5113,89.09,60.66
104,88,1,274.115,48.8475,47.5997,95.33,61.24
105,88,1,274.054,48.9381,47.5995,88.92,61.54
106,88,1,274.001,48.9259,47.6066,90.14,61.02
107,88,1,274.021,48.9004,47.5681,94.12,60.13
108,88,1,274.039,48.9116,47.5944,87.38,60.06
109,88,1,273.988,48.9114,47.6053,87.76,60.75
110,88,1,274.039,48.9601,47.6219,92.54,60.21
111,88,1,274.094,48.9381,47.5857,89.13,60.66
112,88,1,274.103,48.9165,47.4807,89.37,60.58
113,88,1,274.012,48.9346,47.5594,89.41,61.32
114,88,1,273.967,48.9627,47.6142,86.54,60.05
115,88,1,274.045,48.9237,47.6122,87.5,60.37
116,88,1,274.123,48.9861,47.6332,89.57,60.99
117,88,1,274.105,48.9576,47.6106,89.48,61.16
118,88,1,274.026,48.9425,47.5667,88.7,60.98
119,88,1,274.111,48.9697,47.6245,97.04,60.53
120,88,1,274.079,48.9549,47.5943,89.17,60.34
121,88,1,274.118,48.9605,47.6216,89.43,61.15
122,88,1,274.033,48.9633,47.6232,89.83,61.06
123,88,1,274.05,48.9457,47.6148,97.98,61.39
124,88,1,273.997,48.9757,47.6327,96.11,60.97
125,88,1,273.975,49.0347,47.6545,86.7,60.49
126,88,1,274.076,48.9835,47.5714,88.55,60.84
127,88,1,273.911,48.9819,47.6056,87.36,60.97
128,88,1,274.145,48.978,47.5181,90.01,60.92
129,88,1,274.06,49.0147,47.5529,87.88,60.13
130,88,1,274.077,49.0343,47.5369,94.67,59.29
131,88,1,274.157,49.0572,47.5451,92.02,58.14
132,88,0,0,0,0,0,58.26
133,88,0,0,0,0,0,57.06
134,88,0,0,0,0,0,56.67
135,88,1,354.815,11.9313,25.2482,94.77,57.29
136,88,1,354.816,11.9652,25.1947,94.71,58.45
137,88,1,355.003,11.889,25.0653,94.5,59.09
138,88,1,355.044,11.8696,25.0206,94.72,58.38
139,88,1,355.027,11.8617,25.0907,97.35,58.35
140,88,1,354.847,11.8857,25.2229,94.82,57.81
141,88,1,354.605,11.957,25.4647,87.79,57
142,88,0,0,0,0,0,57.55
143,88,0,0,0,0,0,56.7
144,88,0,0,0,0,0,57.12
145,88,1,274.015,49.0389,47.5955,94.15,58.56
146,88,1,273.97,49.0202,47.5838,84.99,58.87
147,88,1,273.976,49.0223,47.6279,87.85,59.53
148,88,1,274.016,48.99,47.5699,89.19,60.23
149,88,1,274.003,49.0056,47.6051,87.93,60.45
150,88,1,274.058,49.045,47.5665,95.63,61.42
151,88,1,274.039,49.0171,47.631,89.21,60.61
152,88,1,274.088,49.026,47.534,89.15,60.54
153,88,1,274.026,49.0139,47.6298,96.39,60.76
154,88,1,274.021,49.0143,47.6377,96.81,61.22
155,88,1,274.087,49.0837,47.5876,88.63,60.74
156,88,1,274.012,49.0602,47.6165,88.91,60.94
157,88,1,274,49.0247,47.6329,89.4,60.18
158,88,1,274.022,49.0714,47.6189,86.84,60.45
159,88,1,273.939,49.0591,47.6356,92.81,60.22
160,88,1,274.002,49.0198,47.622,90.05,60.56
161,88,1,274.072,49.0294,47.668,88.83,61.06
162,88,1,274.053,49.0473,47.6324,90.25,60.72
163,88,1,274.047,49.0468,47.6407,89.09,60.99
164,88,1,273.914,49.0679,47.6309,87.53,61.23
165,88,1,274.101,49.0333,47.5826,90.86,61.17
166,88,1,274.012,49.0241,47.6272,87.08,60.93
167,88,1,273.993,49.0828,47.6769,88.26,59.73
168,88,1,274.006,49.037,47.588,88.31,61.21
169,88,1,274.064,49.0685,47.678,87.46,60.44
170,88,1,274.066,49.0582,47.6715,88.37,61.42
171,88,1,274.08,49.0684,47.6722,89.23,61.3
172,88,1,273.973,49.0636,47.6527,89.93,61.49
173,88,0,0,0,0,0,56.99
174,88,1,278.458,39.9922,55.4127,92.57,57.87
175,88,1,278.431,39.965,55.45,91.76,58.69
176,88,1,278.432,39.9724,55.4458,91.23,59.76
177,88,1,278.461,39.9706,55.4733,93.79,59.39
178,88,1,278.389,39.9576,55.4579,90.25,59.51
179,88,1,278.487,39.9765,55.4686,91.96,59.43
180,88,1,278.525,40.0303,55.4734,94.79,60.88
181,88,1,278.438,39.9564,55.4606,94.13,59.4
182,88,1,278.423,39.9777,55.4559,93.64,60.28
183,88,1,278.457,40.0169,55.559,89.87,60.28
184,88,1,278.484,39.9579,55.5488,93.51,59.75
185,88,1,278.505,39.9942,55.4799,93.43,61.1
186,88,1,278.604,40.0187,55.4712,87.14,60.78
187,88,1,278.463,39.972,55.4463,94.5,60.6
188,88,1,278.495,39.9924,55.4702,93.5,60.05
189,88,1,278.589,40.0648,55.4811,95.29,60.98
190,88,1,278.464,39.9809,55.4657,95.2,60.21
191,88,1,278.555,39.9728,55.3965,94.44,60.16
192,88,1,278.522,40.0056,55.4541,92.77,60.15
193,88,1,278.514,39.9944,55.3944,92.32,60.87
194,88,1,278.483,40.0134,55.4751,93.88,60.06
195,88,1,278.418,39.9958,55.4726,94.6,60.37
196,88,1,278.381,40.0107,55.4926,93.93,60.4
197,88,1,278.532,40.0806,55.5084,90.91,61.17
198,88,1,278.495,40.0568,55.5196,92.74,60.26
199,88,1,278.453,40.0955,55.562,91.04,60.71
200,88,1,278.448,40.0998,55.492,93.84,60.12
201,88,1,278.579,40.1477,55.4987,92.48,60.5
202,88,1,278.61,40.1211,55.4648,95.02,60.25
203,88,1,278.452,40.0448,55.435,95.11,60.48
204,88,1,278.559,40.0963,55.4117,95.15,60.55
205,88,1,278.414,39.9877,55.4081,92.96,60.58
206,88,1,278.574,40.0781,55.3841,96.55,60.92
207,88,1,278.566,40.0739,55.4082,92.56,60.65
208,88,1,278.505,40.0346,55.4168,93.84,59.77
209,88,1,278.676,40.1211,55.4498,93.68,60.67
210,88,1,278.536,40.0201,55.3568,91.85,60.31
211,88,1,278.532,40.017,55.3632,92,61.41
212,88,1,278.535,40.0467,55.3571,93.2,59.95
213,88,1,278.576,40.0334,55.372,92.96,60.62
214,88,1,278.535,40.0277,55.3361,90.69,58.48
215,88,0,0,0,0,0,57.66
216,88,1,177.689,21.5134,5.4018,91.21,56.57
217,88,1,177.715,21.5041,5.40272,91.2,58.24
218,88,1,177.599,21.4978,5.4464,92.91,58.4
219,88,1,177.308,21.716,5.60568,82.63,58.37
220,88,1,177.915,21.5132,5.32079,95.19,59.25
221,88,1,177.641,21.4941,5.41223,93.94,57.38
222,88,1,177.659,21.5192,5.38754,93.03,58.57
223,88,1,177.481,21.5434,5.53842,94,58.33
224,88,1,177.798,21.5346,5.35755,92.58,59.03
225,88,1,177.592,21.5022,5.40676,92.8,58.43
226,88,1,177.759,21.5674,5.3433,89.29,55.01
227,88,1,167.955,26.9206,24.1885,94.51,53.11
228,88,1,168.113,26.9721,23.9258,92.92,55.56
229,88,1,167.916,26.9875,24.0899,90.96,56.24
230,88,1,168.111,26.9335,23.9869,93.9,57.46
231,88,1,168.113,26.8995,24.0488,93.08,57.72
232,88,1,168.144,26.9651,24.0057,94.39,57.66
233,88,1,168.128,26.9563,24.0004,94.44,57.74
234,88,1,168.025,26.9641,24.0629,91.91,57.14
235,88,1,168.041,26.9147,24.0199,94.45,58.57
236,88,1,168.139,26.8788,24.0103,95.41,57.02
237,88,1,168.059,26.9171,24.0099,92.9,57.2
238,88,1,168.072,26.9492,23.998,94.75,53.55
239,88,0,0,0,0,0,50.05
240,88,1,66.2373,36.002,80.0448,91.95,51.61
241,88,1,66.1435,36.022,80.1854,89.43,52.38
242,88,1,66.2043,35.9817,80.0895,90.2,51.01
243,88,1,66.0455,35.9591,80.2328,89.44,51.63
244,88,1,66.2973,35.9876,79.9872,90.08,48.8
245,88,1,66.2106,36.0493,80.0668,81.66,48.24
246,88,0,0,0,0,0,49.51
247,88,0,0,0,0,0,50.04
248,88,0,0,0,0,0,48.91
249,88,1,65.9947,15.3785,70.5024,87.08,49
250,88,1,66.2739,15.3853,70.4902,86.57,50.16
251,88,1,66.4243,15.3701,70.3564,86.68,52.5
252,88,1,66.4109,15.3686,70.3415,94.1,51.41
253,88,1,66.3838,15.2378,70.4092,77.07,43.57
254,88,0,0,0,0,0,35.16
255,88,0,0,0,0,0,51.32
0,89,0,0,0,0,0,36.2
1,89,0,0,0,0,0,34.01
2,89,0,0,0,0,0,35.15
3,89,0,0,0,0,0,36.7
4,89,1,271.357,11.5902,76.4804,83.86,44.23
5,89,1,271.596,11.6313,76.2497,95.04,53.97
6,89,1,271.41,11.6465,76.3838,93.25,54.11
7,89,1,271.526,11.6498,76.29,94.37,54.21
8,89,1,271.622,11.6837,76.2931,94.84,54.41
9,89,1,271.501,11.6885,76.4162,93.3,54.54
10,89,1,271.541,11.7573,76.4062,86.89,54.94
11,89,1,271.558,11.6917,76.3207,92.98,54.44
12,89,1,271.584,11.7047,76.3142,91.34,54.11
13,89,1,271.468,11.6687,76.35,93.56,54.32
14,89,1,271.553,11.6962,76.3307,93.2,55.17
15,89,1,271.752,11.7302,76.0581,92.45,54.16
16,89,1,271.603,11.6887,76.2641,94.24,54.69
17,89,1,271.505,11.6978,76.3541,95.26,54.57
18,89,1,271.518,11.704,76.3772,92.9,55.21
19,89,1,271.462,11.7197,76.4483,93.18,55.51
20,89,1,271.417,11.7248,76.5291,93.8,55.21
21,89,1,271.767,11.7441,76.0772,92.31,55.41
22,89,1,271.529,11.713,76.4065,91.43,54.59
23,89,1,271.451,11.7178,76.4154,92.38,55.24
24,89,1,271.555,11.7151,76.3239,93.86,54.18
25,89,1,271.572,11.7504,76.4464,90.29,53.89
26,89,1,271.555,11.7225,76.3028,92.42,53.96
27,89,1,271.536,11.7176,76.3797,94.36,54.03
28,89,1,271.47,11.7145,76.3974,93.37,54.74
29,89,1,271.461,11.7011,76.4604,92.18,54.36
30,89,1,271.417,11.6486,76.5059,93.95,54.66
31,89,1,271.717,11.7563,76.1262,91.33,54.66
32,89,1,271.455,11.7587,76.4828,94.66,54.35
33,89,1,271.403,11.7465,76.4129,94.01,54.49
34,89,1,271.428,11.7637,76.4527,92.82,54.73
35,89,1,271.456,11.7318,76.4004,93.51,54.18
36,89,1,271.634,11.7666,76.2859,93.68,54.82
37,89,1,271.35,11.7402,76.506,90.34,55.06
38,89,1,271.519,11.7374,76.3349,93.53,54.51
39,89,1,271.41,11.7177,76.3769,93.9,55.4
40,89,1,271.465,11.7815,76.4302,93.14,54.53
41,89,1,271.391,11.7754,76.4889,93.26,54.39
42,89,1,271.464,11.7475,76.3697,94.72,53.78
43,89,1,271.444,11.7629,76.3872,93.47,55.9
44,89,1,271.572,11.7768,76.3042,95.32,55.28
45,89,1,271.498,11.77,76.385,91.92,54.14
46,89,1,271.418,11.7777,76.4473,93.44,54.87
47,89,1,271.344,11.7889,76.496,93.51,54.73
48,89,1,271.421,11.7987,76.3226,92.18,55.86
49,89,1,271.515,11.7971,76.3247,94.87,53.91
50,89,1,271.485,11.7803,76.4249,95.71,55.08
51,89,1,271.56,11.841,76.2869,93.77,55.36
52,89,1,271.473,11.7834,76.3656,94.33,55.32
53,89,1,271.463,11.7728,76.3816,92.12,55.36
54,89,1,271.553,11.8088,76.298,95.19,54.72
55,89,1,271.56,11.8141,76.2298,91.69,56.06
56,89,1,271.408,11.7976,76.428,92.96,55.23
57,89,1,271.567,11.8654,76.2822,92.69,55.58
58,89,1,271.571,11.8313,76.3024,91.9,55.47
59,89,1,271.269,11.7698,76.4462,92.76,55.22
60,89,1,271.535,11.7907,76.2871,92.89,54.85
61,89,1,271.632,11.7934,76.2615,94.14,54.85
62,89,1,271.412,11.8036,76.3517,94.2,55.07
63,89,1,271.344,11.8016,76.5016,94.37,55.57
64,89,1,271.513,11.8134,76.3209,91.15,54.82
65,89,1,271.442,11.8115,76.4117,88.68,52.74
66,89,0,0,0,0,0,53.47
67,89,1,274.093,48.9007,47.5717,93.84,57.03
68,89,1,274.063,48.8548,47.5745,89.87,60.11
69,89,1,273.998,48.8681,47.5855,88.97,60.55
70,89,1,274.032,48.8776,47.5626,89.28,61.02
71,89,1,274.022,48.8869,47.584,94.07,60.74
72,89,1,274.117,48.8692,47.5234,91.36,60.78
73,89,1,274.144,48.8471,47.5556,87.73,60.99
74,89,1,274.123,48.8935,47.6022,90.67,61.55
75,89,1,274.219,48.911,47.5792,89.57,61.01
76,89,1,274.18,48.792,47.5866,86.77,61.22
77,89,1,274.082,48.8909,47.5827,97.32,60.62
78,89,1,274.184,48.9333,47.5944,88.92,60.68
79,89,1,274.05,48.8489,47.5679,89.37,61.57
80,89,1,274.107,48.8717,47.5224,95.09,61.01
81,89,1,274.253,48.8892,47.5426,88.06,61.53
82,89,1,274.13,48.9054,47.5576,90.49,60.6
83,89,1,274.025,48.793,47.6028,95.75,60.98
84,89,1,274.222,48.9021,47.612,87.37,61.15
85,89,1,274.058,48.872,47.5522,94.18,60.54
86,89,1,274.048,48.8706,47.5952,88.4,60.88
87,89,1,274.096,48.8922,47.5695,94.26,60.36
88,89,1,274.209,48.8453,47.542,96.52,61.28
89,89,1,274.124,48.9072,47.5434,90.85,60.8
90,89,1,274.13,48.9331,47.5998,97.42,61.25
91,89,1,274.116,48.8961,47.5809,89.1,61.3
92,89,1,274.06,48.8678,47.5789,90.42,61.59
93,89,1,274.051,48.8798,47.5529,88.9,61.14
94,89,1,274.071,48.9153,47.611,89.54,60.76
95,89,1,274.036,48.8978,47.6052,89.63,60.98
96,89,1,274.032,48.8941,47.5146,88.31,60.54
97,89,1,274.074,48.9316,47.5759,96.54,61.62
98,89,1,274.079,48.9347,47.5494,90.37,61.21
99,89,1,274.024,48.9483,47.5563,89.31,61.38
100,89,1,274.045,48.9337,47.5301,87.81,61.08
101,89,1,274.076,48.9296,47.5742,97.87,61.38
102,89,1,273.955,48.9307,47.5914,87.48,61.18
103,89,1,274.08,48.9877,47.5745,87.35,60.44
104,89,1,274.026,48.9064,47.5869,89.26,60.87
105,89,1,274.102,48.9484,47.547,86.82,61.09
106,89,1,274.134,48.8667,47.7831,79.74,61.01
107,89,1,274.082,48.9333,47.5367,90.29,60.53
108,89,1,274.11,48.9274,47.562,89.72,61.62
109,89,1,274.194,48.9306,47.6118,87.35,61.15
110,89,1,274.176,48.9594,47.5443,87.88,61.41
111,89,1,274.048,48.9104,47.5021,88.1,61.1
112,89,1,274.064,48.9326,47.5461,90.15,61.07
113,89,1,274.071,48.9253,47.5392,88.06,60.64
114,89,1,274.151,48.937,47.6438,86.68,60.76
115,89,1,274.014,48.9356,47.6177,95.65,60.96
116,89,1,274.027,48.9302,47.6292,89.06,60.6
117,89,1,274.043,48.9584,47.5951,89.08,61.28
118,89,1,274.123,48.9333,47.574,91.29,61.02
119,89,1,274.195,48.9504,47.516,87.77,61.16
120,89,1,274.146,48.9524,47.5973,90.47,61.43
121,89,1,274.054,48.9436,47.5442,89.83,61.19
122,89,1,274.106,48.9807,47.6348,88.71,61.04
123,89,1,273.978,48.914,47.6249,88.22,60
124,89,1,274.062,48.9472,47.5465,97.21,60.55
125,89,1,274.052,48.9814,47.6524,89.7,61.16
126,89,1,274.073,48.9646,47.511,89.18,61.15
127,89,1,273.991,48.9738,47.5977,88.96,60.74
128,89,1,274.149,48.9972,47.5815,89.81,60.9
129,89,1,274.043,49.0157,47.5792,89.06,61.06
130,89,1,274.029,48.9836,47.6088,95.82,60.37
131,89,1,274.102,48.9943,47.5789,96.59,60.26
132,89,1,274.118,49.0012,47.5643,89.82,60.32
133,89,1,274.095,49.0366,47.4981,92.36,58.23
134,89,0,0,0,0,0,58.36
135,89,0,0,0,0,0,57.05
136,89,0,0,0,0,0,56.29
137,89,0,0,0,0,0,57.22
138,89,1,354.861,11.9855,25.1337,94.37,57.68
139,89,1,354.854,11.8674,25.2147,95.86,58.84
140,89,1,354.857,11.8701,25.2478,93.31,58.25
141,89,1,355.051,11.8543,25.01,95.21,58.51
142,89,1,354.791,11.878,25.2593,96.43,57.65
143,89,1,354.942,11.871,25.1722,95.84,56.9
144,89,0,0,0,0,0,56.74
145,89,0,0,0,0,0,57.63
146,89,0,0,0,0,0,57.92
147,89,0,0,0,0,0,58.05
148,89,0,0,0,0,0,58.54
149,89,1,273.983,49.0113,47.5738,94.72,58.68
150,89,1,274.034,49.0326,47.5723,91.94,60.05
151,89,1,274.01,49.0491,47.5875,87.41,60.35
152,89,1,273.942,49.0155,47.6426,87.87,60.44
153,89,1,274.013,48.9716,47.6023,90.13,61.31
154,89,1,274.057,49.0213,47.5892,88.62,60.71
155,89,1,273.98,49.0142,47.6529,90.48,61.03
156,89,1,273.957,49.0486,47.6044,88.83,60.7
157,89,1,273.988,49.042,47.5801,89.14,61.44
158,89,1,274.085,49.0145,47.511,89.38,61.53
159,89,1,273.981,49.0482,47.6284,94.58,61.52
160,89,1,273.979,49.0491,47.6027,88,60.62
161,89,1,274.041,49.0409,47.6211,89.37,60.44
162,89,1,274.041,49.0166,47.5793,88.2,60.87
163,89,1,274.032,49.0114,47.5636,89.29,61.64
164,89,1,274.077,49.0403,47.5663,90.35,61.21
165,89,1,273.985,49.0106,47.6509,90.49,61.16
166,89,1,274.116,49.0776,47.6552,89.93,61.17
167,89,1,274.059,49.0247,47.546,88.81,61.22
168,89,1,274.015,49.0351,47.661,90.14,60.4
169,89,1,274.098,48.9932,47.5872,96.03,61.64
170,89,1,274.053,49.0433,47.5798,88.9,60.87
171,89,1,273.945,49.0171,47.6768,87.51,60.27
172,89,1,273.999,49.0433,47.6584,86.97,60.22
173,89,0,0,0,0,0,57.79
174,89,1,278.48,39.9765,55.4301,90.63,58.6
175,89,1,278.388,39.9935,55.5224,92.77,59.7
176,89,1,278.463,39.9497,55.4048,94.21,59.94
177,89,1,278.526,40.0217,55.4598,94.05,60.5
178,89,1,278.547,39.9977,55.4624,94.1,60.07
179,89,1,278.48,39.9594,55.5066,93.46,59.54
180,89,1,278.574,40.0393,55.4546,92.71,60.64
181,89,1,278.398,39.9509,55.4494,94.52,59.54
182,89,1,278.471,39.9758,55.4836,92.83,59.75
183,89,1,278.447,39.9531,55.48,92.4,59.63
184,89,1,278.406,39.938,55.436,94.87,60.53
185,89,1,278.561,40.0449,55.4701,94.33,60.73
186,89,1,278.506,40.0472,55.5377,93.21,60.51
187,89,1,278.444,40.022,55.4941,93.69,59.61
188,89,1,278.499,39.9665,55.449,93.39,59.81
189,89,1,278.512,39.9598,55.4346,94.74,60.78
190,89,1,278.56,40.025,55.4063,95.54,60.59
191,89,1,278.468,40.0111,55.4085,91.61,59.98
192,89,1,278.477,39.9883,55.4222,94.25,59.98
193,89,1,278.404,39.9891,55.4448,92.09,60.84
194,89,1,278.414,40.0093,55.4736,93.25,60.16
195,89,1,278.421,40.002,55.4425,95.07,60.15
196,89,1,278.455,40.0326,55.4666,86.73,60.17
197,89,1,278.443,40.0083,55.5135,94.22,60.78
198,89,1,278.476,40.0891,55.5084,93.39,60.44
199,89,1,278.458,40.0659,55.5169,94.77,61.45
200,89,1,278.459,40.0662,55.4659,97.09,61.05
201,89,1,278.522,40.0829,55.4496,94.58,60.34
202,89,1,278.443,40.0454,55.422,93.47,61.48
203,89,1,278.431,40.0512,55.4685,96.12,60.47
204,89,1,278.522,40.0247,55.3738,94.38,60.75
205,89,1,278.482,40.0189,55.4044,92.58,60.61
206,89,1,278.502,40.0401,55.4194,93.95,60.72
207,89,1,278.565,40.0903,55.3817,94.6,59.97
208,89,1,278.666,40.0686,55.4164,92.79,60.86
209,89,1,278.507,40.052,55.4083,92.73,59.88
210,89,1,278.572,40.029,55.4036,93.2,60.04
211,89,1,278.469,39.9925,55.3578,94.46,61.34
212,89,1,278.518,40.0657,55.3713,91.11,59.51
213,89,1,278.614,40.1208,55.412,94.14,58.58
214,89,0,0,0,0,0,58.07
215,89,1,177.578,21.5282,5.4904,89.65,57.03
216,89,1,177.444,21.4777,5.58776,94.55,58.22
217,89,1,177.843,21.4617,5.32234,96.18,58.73
218,89,1,177.488,21.4945,5.50948,90.73,56.92
219,89,1,177.519,21.4841,5.44725,92.65,58.09
220,89,1,177.555,21.4817,5.44261,94.15,59.29
221,89,1,177.602,21.488,5.42978,93.25,59.46
222,89,1,177.549,21.4889,5.43273,89.17,59.07
223,89,1,177.435,21.5072,5.52809,91.42,58.21
224,89,1,177.877,21.5158,5.25312,87.86,57.92
225,89,1,177.692,21.4975,5.37741,91.24,57.54
226,89,1,177.647,21.51,5.41033,92.74,54.93
227,89,0,0,0,0,0,50.72
228,89,0,0,0,0,0,53.65
229,89,0,0,0,0,0,53.84
230,89,0,0,0,0,0,54.53
231,89,0,0,0,0,0,54.65
232,89,1,168.043,26.8851,24.0754,86.03,54.29
233,89,1,167.843,26.9906,23.9736,87.54,53.7
234,89,0,0,0,0,0,54.48
235,89,1,168.11,26.9619,23.9977,86.37,54.38
236,89,1,168.254,26.9402,23.8754,85.43,53.58
237,89,0,0,0,0,0,53.23
238,89,2,167.763,27.2645,24.6644,63.85,53.86
239,89,0,0,0,0,0,49.83
240,89,0,0,0,0,0,49.04
241,89,0,0,0,0,0,48.89
242,89,0,0,0,0,0,48.01
243,89,0,0,0,0,0,48.16
244,89,0,0,0,0,0,47.74
245,89,1,66.1635,15.4872,70.4756,83.84,46.24
246,89,1,66.1526,15.4894,70.4871,84.25,48.79
247,89,1,66.2149,15.4306,70.4619,92.6,49.74
248,89,1,66.2303,15.4468,70.3762,83.05,51.15
249,89,1,66.1802,15.4108,70.4363,92.74,53.24
250,89,1,66.37,15.3914,70.3123,91.97,53.33
251,89,1,66.5911,15.3337,70.0577,91.94,52.43
252,89,1,66.2887,15.3869,70.3558,86.06,50.85
253,89,0,0,0,0,0,43.64
254,89,0,0,0,0,0,35.35
255,89,0,0,0,0,0,54.4
0,90,0,0,0,0,0,36.65
1,90,0,0,0,0,0,36.72
2,90,0,0,0,0,0,36.87
3,90,0,0,0,0,0,36.95
4,90,1,271.676,11.633,76.0259,89.8,43.53
5,90,1,271.42,11.6378,76.3596,91.58,52.71
6,90,1,271.469,11.6496,76.335,92.02,54.17
7,90,1,271.558,11.6643,76.2969,93.61,53.23
8,90,1,271.78,11.7288,76.1519,90.37,54.12
9,90,1,271.63,11.7451,76.2591,93.65,54.99
10,90,1,271.589,11.7183,76.4397,89.96,55.09
11,90,1,271.347,11.6866,76.5302,91.39,54.17
12,90,1,271.671,11.7307,76.2344,93.32,55.46
13,90,1,271.645,11.6869,76.2217,94.72,54.24
14,90,1,271.511,11.7533,76.3551,93.12,55.6
15,90,1,271.604,11.7437,76.3727,95.22,54.27
16,90,1,271.41,11.6847,76.4641,94.21,55.02
17,90,1,271.544,11.6967,76.3587,92.53,54.45
18,90,1,271.41,11.6974,76.4586,92.3,53.83
19,90,1,271.438,11.6777,76.3966,93.69,54.5
20,90,1,271.72,11.715,76.0828,94.04,54.61
21,90,1,271.413,11.7194,76.4975,93.44,55.54
22,90,1,271.506,11.7189,76.4285,94.76,55
23,90,1,271.373,11.7106,76.5867,90.97,54.76
24,90,1,271.538,11.7151,76.3967,92.86,55.06
25,90,1,271.303,11.7749,76.5652,87.16,55.49
26,90,1,271.437,11.7069,76.4316,92.45,55.06
27,90,1,271.527,11.7047,76.3341,91.27,54.99
28,90,1,271.576,11.7122,76.3409,91.96,54.52
29,90,1,271.429,11.7176,76.4389,92.19,55.84
30,90,1,271.335,11.7164,76.5524,91.92,55.49
31,90,1,271.386,11.7064,76.479,91.5,55.2
32,90,1,271.321,11.7142,76.5606,91.81,54.73
33,90,1,271.464,11.8013,76.5387,91.72,54.85
34,90,1,271.191,11.7761,76.6629,94.18,55.17
35,90,1,271.587,11.8145,76.3038,90.39,54.54
36,90,1,271.397,11.7431,76.476,91.57,54.37
37,90,1,271.371,11.7548,76.5428,95.92,55.98
38,90,1,271.455,11.7552,76.4191,94.25,54.29
39,90,1,271.55,11.7877,76.3795,94.75,55.22
40,90,1,271.556,11.7501,76.276,94.09,54.55
41,90,1,271.39,11.7457,76.4455,94.44,55.26
42,90,1,271.518,11.7778,76.3659,92.78,54.88
43,90,1,271.695,11.7914,76.147,92.86,54.97
44,90,1,271.41,11.7693,76.4335,94.42,55.28
45,90,1,271.438,11.8106,76.3739,92.05,55.1
46,90,1,271.516,11.7711,76.3666,91.75,54.67
47,90,1,271.511,11.7634,76.2804,94.87,54.6
48,90,1,271.296,11.7938,76.5739,92.52,54.95
49,90,1,271.464,11.7898,76.3736,94.38,55.25
50,90,1,271.495,11.8074,76.3569,94.54,54.91
51,90,1,271.494,11.7878,76.3655,94.33,54.96
52,90,1,271.517,11.8269,76.4475,92.86,55.88
53,90,1,271.575,11.7982,76.3332,93.94,55.66
54,90,1,271.431,11.8406,76.3586,91.32,55.65
55,90,1,271.298,11.8631,76.5269,92.36,55.01
56,90,1,271.559,11.8227,76.3596,93.3,55.37
57,90,1,271.432,11.8819,76.5077,95.06,54.94
58,90,1,271.381,11.8996,76.5071,90.37,54.36
59,90,1,271.436,11.7933,76.364,94.41,55.04
60,90,1,271.522,11.7946,76.298,93.8,54.92
61,90,1,271.327,11.7927,76.436,93.24,55.51
62,90,1,271.483,11.8246,76.427,95.4,55.8
63,90,1,271.691,11.8599,76.1264,91.36,55.35
64,90,1,271.456,11.8003,76.4895,92.35,54.56
65,90,1,271.617,11.8247,76.2719,91.7,54.45
66,90,1,271.533,11.8631,76.456,87.8,53.38
67,90,0,0,0,0,0,53.02
68,90,0,0,0,0,0,56.51
69,90,1,274.041,48.8695,47.5815,93.94,59.15
70,90,1,274.167,48.8693,47.5763,91.16,60.67
71,90,1,274.092,48.8582,47.599,90.7,60.79
72,90,1,274.101,48.9096,47.5989,90.76,60.68
73,90,1,274.167,48.8572,47.581,88.19,60.76
74,90,1,274.053,48.8734,47.5433,97.21,60.44
75,90,1,274.056,48.8632,47.5872,89.19,61.08
76,90,1,274.099,48.8954,47.5757,90.14,60.42
77,90,1,274.086,48.8923,47.5705,94.42,60.73
78,90,1,274.07,48.8549,47.505,87.88,60.98
79,90,1,274.147,48.8902,47.5949,98.23,61.17
80,90,1,274.118,48.8675,47.5557,90.13,60.88
81,90,1,274.104,48.8784,47.4794,88.95,60.52
82,90,1,274.148,48.8867,47.4838,90.43,60.98
83,90,1,274.191,48.9019,47.5395,88.84,60.83
84,90,1,274.124,48.92,47.6019,90.68,61.33
85,90,1,273.999,48.8566,47.5792,89.6,60.7
86,90,1,274.136,48.926,47.6276,95.61,61.51
87,90,1,274.125,48.9101,47.5939,88.66,61.39
88,90,1,274.098,48.9507,47.6001,95.16,60.93
89,90,1,274.07,48.8852,47.5713,96.7,60.94
90,90,1,274.15,48.9108,47.5883,89.21,60.69
91,90,1,274.116,48.8412,47.5452,89.24,61.49
92,90,1,274.016,48.8902,47.6508,88.68,61.21
93,90,1,274.202,48.8543,47.595,95.63,60.96
94,90,1,274.032,48.8971,47.6117,90.84,61.42
95,90,1,274.083,48.8998,47.5144,88.99,61.4
96,90,1,274.11,48.9206,47.6148,89.84,61.07
97,90,1,274.11,48.9238,47.6131,89.23,61.3
98,90,1,274.089,48.9465,47.6071,89.37,61.12
99,90,1,274.023,48.9169,47.6013,96.36,60.35
100,90,1,274.107,48.9231,47.6017,89.07,61.63
101,90,1,274.074,48.9182,47.6053,89.71,61.18
102,90,1,274.117,48.9427,47.5797,89.36,61.24
103,90,1,274.079,48.9064,47.5879,93.96,60.23
104,90,1,274.068,48.9379,47.6024,90.02,61.35
105,90,1,274.127,48.9511,47.5479,89.61,60.91
106,90,1,274,48.917,47.5864,87.41,60.83
107,90,1,273.962,48.8979,47.6214,88.81,60.98
108,90,1,274.073,48.9599,47.553,86.97,60.3
109,90,1,274.008,48.9367,47.5745,89.16,61.19
110,90,1,273.996,48.9449,47.5435,87.04,60.89
111,90,1,274.123,48.9618,47.5429,89.25,60.42
112,90,1,274.019,48.9543,47.5978,92.88,59.99
113,90,1,274.034,48.9585,47.6254,88.46,61.22
114,90,1,274.063,48.9551,47.6114,91.19,61.53
115,90,1,274.062,48.8981,47.5887,94.49,60.84
116,90,1,274.151,48.9829,47.629,88.65,60.88
117,90,1,274.051,48.9762,47.6102,88.88,61.4
118,90,1,274.079,48.9375,47.6238,90.16,60.99
119,90,1,273.915,48.9581,47.6095,89.47,61.2
120,90,1,274.145,48.9497,47.6001,89.7,60.87
121,90,1,274.169,48.9634,47.5582,88.92,61.15
122,90,1,274.108,48.9612,47.6423,88.98,60.73
123,90,1,274.036,48.9468,47.6076,96.79,62.11
124,90,1,274.161,48.97,47.6563,85.6,61.14
125,90,1,274.064,48.9563,47.61,87.63,60.7
126,90,1,274.057,48.9996,47.5964,88.72,60.58
127,90,1,273.99,49.0368,47.6632,88.79,60.67
128,90,1,274.001,48.9498,47.6126,89.85,60.99
129,90,1,274.177,48.9317,47.6375,94.13,60.73
130,90,1,274.206,48.9991,47.5886,88.95,61.09
131,90,1,274.015,48.9406,47.6226,89.59,60.78
132,90,1,274.02,48.9797,47.6375,88.78,60.38
133,90,1,273.967,49.0051,47.6029,88.34,60.71
134,90,1,273.98,48.9658,47.6222,88.31,60.23
135,90,1,274.093,49.05,47.5341,92.4,58.92
136,90,1,274.099,49.0454,47.5445,87.48,58.43
137,90,0,0,0,0,0,57.83
138,90,0,0,0,0,0,57
139,90,0,0,0,0,0,57.38
140,90,1,354.812,11.898,25.1805,89.02,56.78
141,90,1,354.828,11.9111,25.197,97.66,58.49
142,90,1,354.918,11.8533,25.0618,95.81,58
143,90,1,355.141,11.8178,24.8928,95.73,58.4
144,90,1,354.856,11.8769,25.1945,96.48,57.97
145,90,1,354.81,11.9265,25.3392,96.09,56.67
146,90,1,354.783,11.9425,25.3404,97.13,57.42
147,90,1,354.719,11.9586,25.23,88.8,57.13
148,90,0,0,0,0,0,56.18
149,90,0,0,0,0,0,57.61
150,90,0,0,0,0,0,56.91
151,90,1,273.974,49.041,47.5757,91.2,58.43
152,90,1,274.082,49.0243,47.5462,87.73,60.02
153,90,1,273.994,49.0155,47.6351,88.25,60.26
154,90,1,274.09,49.0576,47.5523,88.82,60.72
155,90,1,274.014,49.0278,47.6332,89.63,61.11
156,90,1,274.014,49.0312,47.6319,88.93,60.81
157,90,1,274.043,49.032,47.6209,89.01,60.5
158,90,1,274.055,49.0139,47.6339,89.3,60.49
159,90,1,273.977,49.0117,47.6579,88.94,61.09
160,90,1,274.008,48.9981,47.5269,89.39,60.19
161,90,1,274.088,49.069,47.6369,89.53,61.25
162,90,1,274.047,49.0214,47.5663,86.82,60.17
163,90,1,274.04,49.0979,47.6339,88.58,60.42
164,90,1,274.064,49.0133,47.5788,88.33,60.73
165,90,1,273.991,49.0364,47.6269,88.97,60.88
166,90,1,274.093,49.0407,47.6255,88.97,60.43
167,90,1,273.931,49.0624,47.6729,92.46,59.43
168,90,1,274.027,49.03,47.6015,90.05,61.59
169,90,1,274.105,49.0489,47.6131,96.72,61.24
170,90,1,274.032,49.0626,47.6364,89.15,60.75
171,90,1,274.062,49.0738,47.658,85.88,60.92
172,90,1,274.058,49.0654,47.5961,89.43,60.36
173,90,0,0,0,0,0,57.42
174,90,1,278.416,39.993,55.4449,91.79,57.92
175,90,1,278.394,39.9534,55.4223,92.14,59.92
176,90,1,278.432,39.9544,55.4289,91.37,59.77
177,90,1,278.46,39.9802,55.4544,92.62,59.5
178,90,1,278.401,39.9739,55.4372,94.04,59.4
179,90,1,278.42,39.9924,55.4762,91.48,59.56
180,90,1,278.468,40.0107,55.4677,93.05,59.83
181,90,1,278.543,40.0244,55.4604,92.87,60.32
182,90,1,278.531,39.9664,55.4306,92.35,59.08
183,90,1,278.407,39.9679,55.4312,91.3,59.21
184,90,1,278.568,40.021,55.4437,94.7,60.14
185,90,1,278.59,40.0174,55.4716,93.4,59.98
186,90,1,278.38,39.9814,55.4652,93.86,60.47
187,90,1,278.541,40.0012,55.5079,93.58,60.03
188,90,1,278.562,40.0884,55.4794,92.44,59.95
189,90,1,278.501,40.0224,55.4733,93.17,59.93
190,90,1,278.544,40.0193,55.4647,95.97,60.95
191,90,1,278.492,40.0125,55.448,93.56,59.33
192,90,1,278.503,39.9931,55.4095,92.62,61.12
193,90,1,278.488,40.0029,55.4259,92.59,60.72
194,90,1,278.442,40.0349,55.4758,91.47,60.4
195,90,1,278.404,39.9882,55.4703,93.48,60.35
196,90,1,278.488,40.0261,55.4911,93.33,60.56
197,90,1,278.416,40.0932,55.5854,90.99,60.28
198,90,1,278.414,40.0491,55.5322,93.64,60.5
199,90,1,278.479,40.1081,55.5202,93.19,59.99
200,90,1,278.611,40.1403,55.5313,94.31,60.44
201,90,1,278.581,40.0917,55.4419,94.83,59.97
202,90,1,278.507,40.0264,55.4399,96.21,61.02
203,90,1,278.45,40.0444,55.4379,92.99,59.84
204,90,1,278.568,40.0965,55.3529,94.39,60.35
205,90,1,278.61,40.1028,55.4232,93.83,60.54
206,90,1,278.635,40.0989,55.3598,94.15,61.03
207,90,1,278.47,40.0218,55.3948,93.51,60.76
208,90,1,278.589,40.1033,55.3945,94.52,60.25
209,90,1,278.532,40.0027,55.3676,94.89,60.24
210,90,1,278.487,40.0015,55.3547,94.28,60.28
211,90,1,278.536,40.0928,55.4144,90.87,59.59
212,90,1,278.614,40.0963,55.3521,90.93,57.52
213,90,0,0,0,0,0,57.2
214,90,1,177.579,21.5036,5.50855,93.27,57.66
215,90,1,177.494,21.4506,5.5255,91.74,57.53
216,90,1,177.84,21.4761,5.33062,88.39,58.64
217,90,1,177.461,21.4803,5.54318,92.77,58.37
218,90,1,177.572,21.4747,5.40487,90.98,58.98
219,90,1,177.549,21.5085,5.49314,92.88,59.03
220,90,1,177.575,21.4752,5.46501,91.85,57.46
221,90,1,177.613,21.4839,5.43922,93.61,58.37
222,90,1,177.561,21.4913,5.46499,92.57,59.1
223,90,1,177.614,21.5235,5.42157,92.75,58.45
224,90,1,177.684,21.549,5.42816,92.49,59.65
225,90,1,177.902,21.4991,5.27974,88.7,56.32
226,90,0,0,0,0,0,53.92
227,90,1,186.73,38.6057,81.4099,92.78,53.97
228,90,1,187.001,38.6945,81.32,92.73,55.28
229,90,1,187.059,38.7588,81.2757,91.22,55.72
230,90,1,186.843,38.6134,81.379,92,55.25
231,90,1,186.965,38.5727,81.3246,91.29,54.41
232,90,1,186.81,38.7666,81.375,86.71,53.29
233,90,0,0,0,0,0,50.62
234,90,0,0,0,0,0,50.46
235,90,0,0,0,0,0,50.15
236,90,0,0,0,0,0,50.21
237,90,0,0,0,0,0,51.33
238,90,1,66.537,15.4056,70.1297,83.69,50.67
239,90,1,66.098,15.5093,70.5472,83.78,50.29
240,90,1,66.2024,15.4861,70.4311,93.28,49.88
241,90,1,66.2644,15.4575,70.4378,91.13,50.26
242,90,1,66.1772,15.5046,70.3576,82.47,50.71
243,90,1,66.289,15.4401,70.4455,85.47,50.65
244,90,1,66.2312,15.4307,70.458,84.37,52.08
245,90,1,66.4341,15.4407,70.3411,91.68,51.33
246,90,1,66.361,15.3819,70.286,91.31,52.75
247,90,1,66.1409,15.4433,70.5089,85.18,53.34
248,90,1,66.3148,15.3787,70.3161,94.68,53.69
249,90,1,66.3915,15.3604,70.3031,84.41,53.1
250,90,1,66.3138,15.3973,70.4171,86.23,52.73
251,90,1,66.4998,15.3443,70.2163,93.81,53.08
252,90,1,66.4061,15.3893,70.2586,93.09,51.77
253,90,0,0,0,0,0,43.07
254,90,0,0,0,0,0,34.81
255,90,0,0,0,0,0,52.68
0,91,1,63.717,47.122,33.1209,38.96,36.83
1,91,0,0,0,0,0,37.19
2,91,0,0,0,0,0,36.67
3,91,0,0,0,0,0,36.48
4,91,1,271.558,11.624,76.3269,92.42,43.03
5,91,1,271.483,11.6499,76.3959,92.57,53.08
6,91,1,271.455,11.6403,76.4085,91.57,53.29
7,91,1,271.436,11.6211,76.4755,91.67,54.13
8,91,1,271.481,11.6777,76.3987,93,54.1
9,91,1,271.416,11.6598,76.4759,92.78,54.71
10,91,1,271.471,11.6844,76.3798,91.57,53.62
11,91,1,271.521,11.654,76.3559,92.2,54.93
12,91,1,271.47,11.6292,76.4185,93.25,53.76
13,91,1,271.467,11.6725,76.4063,88.32,55.1
14,91,1,271.55,11.6961,76.3531,92.48,55.09
15,91,1,271.358,11.7695,76.5416,93.99,55.22
16,91,1,271.473,11.6416,76.2764,94.72,53.89
17,91,1,271.331,11.7692,76.5992,93.27,55.49
18,91,1,271.519,11.6978,76.3452,92.37,55.55
19,91,1,271.42,11.6823,76.4508,92.53,54.86
20,91,1,271.33,11.7653,76.5573,93.79,55.66
21,91,1,271.38,11.6893,76.4496,93.16,54.76
22,91,1,271.527,11.7277,76.4232,90.18,55.15
23,91,1,271.405,11.7113,76.4951,92.05,54.54
24,91,1,271.42,11.6978,76.4464,93.47,55.01
25,91,1,271.492,11.7079,76.3708,92.35,55.53
26,91,1,271.444,11.7288,76.4089,96.68,55.12
27,91,1,271.418,11.6888,76.3949,92.19,54.6
28,91,1,271.382,11.712,76.5253,95.33,55.37
29,91,1,271.266,11.7618,76.5955,95.28,55.56
30,91,1,270.479,11.9216,77.3481,85.76,55.45
31,91,1,271.536,11.7207,76.3662,93.96,54.64
32,91,1,271.256,11.7068,76.6293,90.91,54.68
33,91,1,271.328,11.7104,76.48,93.74,54.94
34,91,1,271.283,11.7233,76.5287,94.38,55.43
35,91,1,271.49,11.7568,76.4154,92.95,54.79
36,91,1,271.422,11.7385,76.4135,93.15,54.85
37,91,1,271.393,11.7909,76.4445,91.42,55.34
38,91,1,271.466,11.7487,76.3529,91.58,54.41
39,91,1,271.294,11.739,76.4487,94.7,54.89
40,91,1,271.342,11.741,76.4765,92.19,54.55
41,91,1,271.302,11.7665,76.4977,94.22,54.7
42,91,1,271.353,11.7411,76.4652,95.18,54.71
43,91,1,271.262,11.7296,76.4686,93.11,54.74
44,91,1,271.401,11.7709,76.4475,92.56,54.51
45,91,1,271.634,11.7897,76.1847,90.18,54.99
46,91,1,271.432,11.7948,76.4673,92.12,54.36
47,91,1,271.672,11.7947,76.1472,92.48,54.44
48,91,1,271.574,11.7929,76.2599,91.64,54.01
49,91,1,271.404,11.7895,76.3824,92.03,54.79
50,91,1,271.392,11.799,76.5133,96.55,54.95
51,91,1,271.421,11.7799,76.3461,95.15,55.51
52,91,1,271.485,11.7938,76.4034,93.49,55.09
53,91,1,271.494,11.7798,76.2967,94.79,55.18
54,91,1,271.552,11.7998,76.4255,93.87,54.34
55,91,1,271.442,11.8382,76.4696,92.55,54.99
56,91,1,271.385,11.7975,76.4548,94.71,54.34
57,91,1,271.343,11.7765,76.4634,94.43,54.59
58,91,1,271.428,11.8499,76.3734,90.73,55.68
59,91,1,271.441,11.8054,76.4482,93.07,55.59
60,91,1,271.48,11.816,76.4841,92.02,54.84
61,91,1,271.321,11.8306,76.6111,96.6,54.82
62,91,1,271.473,11.7868,76.358,94.15,55.41
63,91,1,271.289,11.8246,76.5324,94.9,55.09
64,91,1,271.574,11.8112,76.2823,94.02,55.52
65,91,1,271.364,11.8311,76.5477,91.62,55
66,91,1,271.509,11.8676,76.447,92.83,55.3
67,91,1,271.544,11.8304,76.3591,92.5,53.33
68,91,0,0,0,0,0,52.48
69,91,1,274.019,48.8892,47.6158,85.95,56.46
70,91,1,274.004,48.9291,47.6301,88.18,59.04
71,91,1,274.133,48.8861,47.5895,96.93,60.04
72,91,1,274.054,48.866,47.5535,88.03,60.94
73,91,1,274.07,48.9116,47.5559,89.25,61.65
74,91,1,274.135,48.8874,47.5518,89.42,60.5
75,91,1,274.099,48.8759,47.5801,90.33,60.97
76,91,1,274.115,48.8842,47.5862,88.15,61.34
77,91,1,274.18,48.8841,47.5286,90.31,60.31
78,91,1,274.124,48.9036,47.5985,89.49,60.85
79,91,1,274.073,48.9063,47.5691,88.57,61.34
80,91,1,274.111,48.9281,47.5869,92.3,60.13
81,91,1,274.118,48.9049,47.5755,90.46,60.84
82,91,1,274.124,48.9001,47.5985,90.01,60.88
83,91,1,274.194,48.8833,47.5964,87.43,60.08
84,91,1,274.03,48.8671,47.5864,88.89,60.42
85,91,1,274.131,48.9021,47.6728,86.51,61.78
86,91,1,274.007,48.9202,47.6334,86.83,61.04
87,91,1,274.106,48.9107,47.6327,89.5,60.55
88,91,1,274.103,48.8903,47.4882,90.31,61.25
89,91,1,274.112,48.9133,47.5155,88.39,61.12
90,91,1,274.072,48.9006,47.6133,88.42,61.22
91,91,1,274.049,48.8937,47.6192,87.97,60.85
92,91,1,274.056,48.9047,47.5902,96.56,61.79
93,91,1,274.051,48.8997,47.5837,89.64,61.05
94,91,1,274.096,48.8797,47.5938,95.35,61.89
95,91,1,274.196,48.9488,47.6021,91.05,61.34
96,91,1,274.065,48.9329,47.573,89.46,61.05
97,91,1,273.995,48.8971,47.57,95.15,60.3
98,91,1,274.032,48.9448,47.6195,95.26,60.74
99,91,1,274.08,48.9165,47.5249,87.81,60.07
100,91,1,274.069,48.9398,47.577,96.68,60.91
101,91,1,274.053,48.9207,47.6097,95.59,60.31
102,91,1,274.034,48.9381,47.648,95.93,61.99
103,91,1,274.078,48.9365,47.5988,89.75,60.64
104,91,1,274.042,48.9439,47.644,89.14,60.29
105,91,1,274.1,48.9315,47.589,96.68,60.69
106,91,1,274.027,48.8964,47.62,86.99,60.45
107,91,1,273.995,48.9634,47.61,85.58,61
108,91,1,274.066,48.9016,47.5436,97.44,60.29
109,91,1,274.019,48.9168,47.5853,90.36,61.01
110,91,1,274.125,48.9483,47.6145,88.74,61.04
111,91,1,274.054,48.9521,47.5887,96.49,60.93
112,91,1,274.055,48.9321,47.6115,96.27,61.83
113,91,1,274.024,48.9589,47.6071,88.5,59.95
114,91,1,274.097,48.9457,47.6266,89.14,60.72
115,91,1,274.101,48.9425,47.5512,88.97,61.13
116,91,1,273.978,48.9529,47.6321,88.44,60.41
117,91,1,274.134,48.985,47.6537,87.95,61.08
118,91,1,273.98,48.9053,47.5936,88.19,61.04
119,91,1,274.11,48.9478,47.5904,90.72,61
120,91,1,274.051,48.9125,47.5613,89.86,60.72
121,91,1,274.163,49.021,47.632,88.51,61.32
122,91,1,274.05,48.9624,47.6298,90.97,61.19
123,91,1,274.065,48.9509,47.5681,90.82,61.07
124,91,1,274.027,48.9646,47.5804,94.99,60.79
125,91,1,274.071,48.9714,47.6246,90.01,61.44
126,91,1,274.076,49.0174,47.5436,92.67,60.25
127,91,1,274.007,48.9704,47.5816,95.7,61.38
128,91,1,274.022,48.9865,47.6158,88.08,60.46
129,91,1,274.098,49.0017,47.5949,89.89,60.91
130,91,1,274.048,48.9654,47.5165,89.08,60.85
131,91,1,273.999,48.9544,47.5302,89.65,60.62
132,91,1,274.178,48.9704,47.6224,87.47,61.53
133,91,1,274.091,48.9996,47.6462,95.55,60.34
134,91,1,273.936,48.9956,47.6976,88.62,61.26
135,91,1,274.119,49.0436,47.5979,94.49,60.1
136,91,1,274.078,48.9872,47.6424,94.23,60.03
137,91,1,274.084,49.0221,47.4823,86.16,59.76
138,91,1,274.082,48.9972,47.4208,85.98,58.06
139,91,0,0,0,0,0,58.01
140,91,0,0,0,0,0,57.47
141,91,0,0,0,0,0,57.72
142,91,0,0,0,0,0,56.94
143,91,1,354.921,11.9137,25.1372,87.85,57.22
144,91,1,354.587,11.8725,25.527,95.25,57.55
145,91,1,354.881,11.8611,25.1058,93.79,58.39
146,91,1,355.047,11.9467,25.006,96.06,58.07
147,91,1,354.78,11.9749,25.3514,96.52,58.32
148,91,1,354.837,11.8606,25.1406,95.43,57.47
149,91,1,354.495,11.9469,25.6178,95.99,57.26
150,91,0,0,0,0,0,56.95
151,91,0,0,0,0,0,56.79
152,91,0,0,0,0,0,57.04
153,91,1,273.977,49.0339,47.5739,92.77,57.97
154,91,1,274.006,49.0271,47.5874,91.19,59.85
155,91,1,274.044,49.0563,47.5751,94.44,59.76
156,91,1,274.08,49.0481,47.6322,88.97,60.28
157,91,1,273.94,49.0403,47.6023,87.99,61.06
158,91,1,274.056,49.0037,47.5958,89.11,60.58
159,91,1,274.042,49.0262,47.6573,97.43,61.07
160,91,1,273.99,49.0369,47.6362,89.42,60.98
161,91,1,273.981,49.0181,47.5955,96.29,61
162,91,1,274.098,48.9716,47.5429,94.9,61.72
163,91,1,274.082,49.0305,47.5975,94.71,60.15
164,91,1,274.032,49.0411,47.6672,95.78,61.34
165,91,1,273.976,49.025,47.5944,87.23,59.96
166,91,1,274.028,49.0444,47.6142,87.41,60.44
167,91,1,274.141,49.0067,47.5686,86.59,60.28
168,91,1,274.124,49.0917,47.6695,89.57,60.87
169,91,1,274.037,49.0342,47.6181,89.39,60.54
170,91,1,273.954,49.0605,47.6493,87.98,60.86
171,91,1,274.008,49.0442,47.6689,88.33,60.41
172,91,1,273.987,49.0273,47.5677,87.76,60.74
173,91,0,0,0,0,0,56.72
174,91,1,278.401,39.9667,55.4391,90.62,58.57
175,91,1,278.544,39.9863,55.4176,92.07,59.6
176,91,1,278.477,39.9826,55.4317,91.99,58.77
177,91,1,278.471,39.9782,55.4573,92.26,59.77
178,91,1,278.568,40.0468,55.5268,94.59,60.5
179,91,1,278.473,39.9734,55.4813,94.55,59.01
180,91,1,278.532,40.0244,55.4641,93.18,59.47
181,91,1,278.435,40.0305,55.4779,94.06,59.35
182,91,1,278.391,39.9795,55.4763,94.57,59.97
183,91,1,278.583,39.9917,55.4268,93.94,59.92
184,91,1,278.525,39.9884,55.4311,94.25,59.36
185,91,1,278.491,39.9853,55.4757,94.5,59.81
186,91,1,278.457,40.0263,55.5038,93.12,60.5
187,91,1,278.439,39.9975,55.4272,92.38,59.32
188,91,1,278.465,40.0104,55.46,93.15,59.8
189,91,1,278.594,40.0782,55.4182,93.86,60.06
190,91,1,278.442,39.962,55.4039,94.52,60.25
191,91,1,278.49,40.0285,55.4384,93.99,60.26
192,91,1,278.531,40.0355,55.4546,93.85,60.12
193,91,1,278.408,40.0426,55.4475,90.93,59.81
194,91,1,278.529,40.0893,55.4754,93.5,60.6
195,91,1,278.398,40.0106,55.4936,93.24,59.99
196,91,1,278.506,40.0877,55.4585,94.66,60.24
197,91,1,278.503,40.0958,55.5191,94.4,59.63
198,91,1,278.504,40.0978,55.54,91.92,59.76
199,91,1,278.51,40.093,55.5353,96.34,60.93
200,91,1,278.442,40.1109,55.4949,93.08,60.5
201,91,1,278.511,40.1151,55.4306,94.56,60.3
202,91,1,278.473,40.0715,55.4259,92.3,60.12
203,91,1,278.518,40.0865,55.4332,91.74,58.91
204,91,1,278.5,40.062,55.4186,92.73,60.3
205,91,1,278.488,40.0709,55.438,92.97,60.11
206,91,1,278.527,40.0591,55.3857,92.53,60.2
207,91,1,278.483,39.9986,55.3859,94.5,60.63
208,91,1,278.579,40.0816,55.3664,94.37,60.46
209,91,1,278.542,40.0413,55.3738,92.75,60.61
210,91,1,278.491,39.9916,55.3531,92.96,60.16
211,91,1,278.59,40.0849,55.387,92.2,58.57
212,91,0,0,0,0,0,56
213,91,1,177.636,21.4747,5.48355,89.49,57.31
214,91,1,177.56,21.4554,5.51137,93.93,57.22
215,91,1,177.595,21.4705,5.47245,94.11,58.43
216,91,1,177.466,21.4779,5.5743,94.12,57.98
217,91,1,177.55,21.4938,5.44772,91.25,58.51
218,91,1,177.705,21.4965,5.4186,88.31,58.25
219,91,1,177.764,21.4815,5.33018,91.78,58.69
220,91,1,177.708,21.4981,5.39994,91.86,58.71
221,91,1,177.572,21.5129,5.46513,90.86,58.3
222,91,1,177.833,21.4894,5.33236,89.41,58.53
223,91,1,177.771,21.5601,5.25021,92.42,58.67
224,91,1,177.626,21.5171,5.3841,92.36,56.96
225,91,0,0,0,0,0,53.95
226,91,0,0,0,0,0,52.55
227,91,1,187.001,38.765,81.279,92.85,56.61
228,91,1,186.925,38.7623,81.3124,91.49,57.23
229,91,1,186.752,38.7154,81.4027,92.91,57.17
230,91,1,187.085,38.7887,81.2452,93.59,56.58
231,91,1,186.942,38.7726,81.3638,94.64,57.23
232,91,1,186.999,38.771,81.2804,93.95,55.49
233,91,0,0,0,0,0,50.45
234,91,1,66.2225,15.5055,70.3587,95.28,51.7
235,91,1,66.362,15.4384,70.3159,93.39,51.93
236,91,1,66.3726,15.4365,70.2861,93.54,52.79
237,91,1,66.305,15.5008,70.3464,81.18,52.23
238,91,1,66.3366,15.3745,70.3229,85.42,52.67
239,91,1,66.4759,15.3704,70.2412,92,53.11
240,91,1,66.3265,15.4576,70.3008,95.05,53.37
241,91,1,66.3752,15.3843,70.3042,85.01,53.94
242,91,1,66.2887,15.3928,70.2985,86.43,54.03
243,91,1,66.3803,15.37,70.2652,92.88,53.83
244,91,1,66.2852,15.4375,70.4542,90.94,54.17
245,91,1,66.3591,15.3643,70.3809,84.38,54.15
246,91,1,66.4508,15.3408,70.2253,85.7,54.23
247,91,1,66.3954,15.3452,70.2551,86.25,53.24
248,91,1,66.3276,15.4087,70.3427,91.17,53.35
249,91,1,66.2195,15.4195,70.4601,92.98,52.7
250,91,1,66.4774,15.3073,70.213,83.66,54.01
251,91,1,66.0338,15.4272,70.6254,86.13,54.02
252,91,1,66.1549,15.4162,70.4879,86.07,51.54
253,91,0,0,0,0,0,44.78
254,91,0,0,0,0,0,36.1
255,91,0,0,0,0,0,35.34
0,92,0,0,0,0,0,36.38
1,92,0,0,0,0,0,37.75
2,92,0,0,0,0,0,37.12
3,92,0,0,0,0,0,36.86
4,92,1,271.593,11.6363,76.3258,92.13,44.12
5,92,1,271.426,11.6365,76.3883,84.04,53.05
6,92,1,271.538,11.631,76.2897,91.19,53.73
7,92,1,271.494,11.6193,76.4556,90.61,54.78
8,92,1,271.532,11.6598,76.3619,89.62,54.12
9,92,1,271.486,11.6731,76.4048,90.8,54.47
10,92,1,271.53,11.7034,76.4475,91.09,54.94
11,92,1,271.51,11.7154,76.4373,92.43,55.36
12,92,1,271.496,11.6772,76.3565,92.27,54.07
13,92,1,271.364,11.6678,76.4045,93.45,54.72
14,92,1,271.487,11.7118,76.4981,93.46,54.49
15,92,1,271.275,11.6835,76.561,93.45,54.94
16,92,1,271.513,11.7252,76.4508,95.5,54.69
17,92,1,271.447,11.6919,76.4577,91.9,55.06
18,92,1,271.29,11.6727,76.4643,94.11,54.73
19,92,1,271.32,11.7349,76.4704,90.05,55.52
20,92,1,271.491,11.6894,76.3579,93.06,54.47
21,92,1,271.643,11.7917,76.3413,89.46,54.75
22,92,1,271.509,11.699,76.3935,93.95,54.8
23,92,1,271.491,11.6529,76.4669,92.45,54.27
24,92,1,271.521,11.7118,76.3592,92.06,54.71
25,92,1,271.457,11.8066,76.4281,95.14,55.03
26,92,1,271.456,11.7319,76.5177,93.75,54.8
27,92,1,271.432,11.6907,76.4361,93.01,54.75
28,92,1,271.457,11.7138,76.4421,92.61,54.66
29,92,1,271.435,11.7181,76.4511,94.68,54.86
30,92,1,271.455,11.7264,76.453,95.67,54.41
31,92,1,271.33,11.7234,76.5066,94.81,55.04
32,92,1,271.398,11.7232,76.4377,92.6,53.54
33,92,1,271.334,11.7373,76.5683,91.5,54.93
34,92,1,271.404,11.7399,76.3758,93.51,54.55
35,92,1,271.14,11.7142,76.6322,92.71,55.19
36,92,1,271.377,11.7451,76.5095,93.75,55.65
37,92,1,271.427,11.7557,76.4564,92.96,55.32
38,92,1,271.379,11.7316,76.3554,91.99,54.95
39,92,1,271.529,11.776,76.4084,93.01,54.08
40,92,1,271.29,11.7351,76.509,93.78,55.23
41,92,1,271.425,11.793,76.4857,94.64,54.29
42,92,1,271.522,11.7672,76.3577,94.63,54.93
43,92,1,271.535,11.8132,76.4403,93.2,55.22
44,92,1,271.311,11.7688,76.5443,93.12,56.01
45,92,1,271.454,11.7453,76.3175,94.13,54.26
46,92,1,271.288,11.7283,76.4656,90.1,54.01
47,92,1,271.405,11.7946,76.4869,94.43,55.63
48,92,1,271.488,11.8107,76.4001,93.71,54.97
49,92,1,271.512,11.8532,76.3705,95.12,54.93
50,92,1,271.508,11.7847,76.4079,93.53,54.39
51,92,1,271.37,11.8077,76.5045,94.64,54.54
52,92,1,271.439,11.8131,76.4486,92.13,54.8
53,92,1,271.217,11.7884,76.5408,94.77,55.05
54,92,1,271.504,11.7989,76.3761,92.93,55.18
55,92,1,271.343,11.7805,76.4729,94.49,55.66
56,92,1,271.535,11.834,76.4554,94.39,55.35
57,92,1,271.435,11.7867,76.3936,93.15,54.89
58,92,1,271.402,11.773,76.5102,94.24,54.66
59,92,1,271.327,11.7876,76.4192,91.07,55.25
60,92,1,271.383,11.8027,76.4437,93.36,55.31
61,92,1,271.345,11.8295,76.5491,95.14,55.57
62,92,1,271.491,11.8681,76.5205,95.18,55.54
63,92,1,271.407,11.8074,76.411,94,55.43
64,92,1,271.369,11.822,76.4068,93.34,54.92
65,92,1,271.401,11.7698,76.5254,93.73,55.44
66,92,1,271.342,11.8961,76.525,93.33,55.43
67,92,1,271.629,11.8331,76.2149,95.12,54.49
68,92,1,271.437,11.8171,76.4528,92.62,53.54
69,92,0,0,0,0,0,53.02
70,92,1,274.067,48.8749,47.567,93.58,56.74
71,92,1,274.127,48.8731,47.5383,89.19,60.02
72,92,1,274.116,48.8837,47.5838,89.1,60.94
73,92,1,274.146,48.9176,47.5827,95.84,61.11
74,92,1,274.095,48.8719,47.4935,88.1,61.41
75,92,1,274.088,48.776,47.6371,88.38,60.48
76,92,1,274.148,48.8866,47.5978,88.12,60.1
77,92,1,274.055,48.8861,47.5399,94.84,60.94
78,92,1,274.015,48.9186,47.6051,87.89,60.48
79,92,1,274.132,48.9054,47.5792,88.7,60.52
80,92,1,274.215,48.8551,47.5728,89.56,60.74
81,92,1,274.112,48.8931,47.5524,89.9,60.29
82,92,1,274.14,48.8984,47.6085,90.12,60.69
83,92,1,274.167,48.8934,47.6012,86.5,60.45
84,92,1,274.102,48.8739,47.5779,87.99,61.25
85,92,1,274.106,48.9133,47.5888,96.53,61.49
86,92,1,274.126,48.9063,47.5947,88.6,60.69
87,92,1,274.128,48.9043,47.56,91.09,61.48
88,92,1,274.119,48.8934,47.5767,88.24,60.86
89,92,1,274.148,48.9347,47.6059,97.22,60.77
90,92,1,274.085,48.9222,47.5448,88.6,60.93
91,92,1,274.166,48.9193,47.5397,90.87,60.84
92,92,1,274.174,48.9334,47.5588,90.76,62.04
93,92,1,274.09,48.9258,47.6118,87.43,60.81
94,92,1,274.152,48.8767,47.6009,95.1,60.84
95,92,1,274.123,48.9333,47.6222,90.24,60.91
96,92,1,274.117,48.953,47.5502,88.56,61.44
97,92,1,274.042,48.8697,47.5088,88.91,60.81
98,92,1,273.997,48.9203,47.6184,86.99,60.29
99,92,1,274.079,48.9088,47.6017,90.13,60.93
100,92,1,274.076,48.9301,47.5483,96.67,60.65
101,92,1,274.013,48.9625,47.6521,88.56,60.48
102,92,1,274.235,48.8993,47.5036,88.91,61
103,92,1,274.056,48.9503,47.6416,98.13,61.29
104,92,1,274.057,48.9381,47.6257,89.92,61.38
105,92,1,274.039,48.9336,47.6231,88.07,61.45
106,92,1,274.075,48.9377,47.6296,89.2,61.09
107,92,1,274.049,48.9151,47.6133,88.92,61.78
108,92,1,274.084,48.9382,47.5329,89.29,60.75
109,92,1,274.071,48.922,47.5403,90.1,61.1
110,92,1,274.058,48.8728,47.6133,87.4,60.68
111,92,1,274.042,48.9398,47.6171,88.61,61.68
112,92,1,274.15,48.9372,47.5286,89.8,61.46
113,92,1,274.105,48.953,47.6436,89.26,60.55
114,92,1,274.135,48.95,47.5453,94.68,61.11
115,92,1,274.108,48.9094,47.5721,87.94,60.5
116,92,1,274.122,48.9552,47.618,89.54,60.66
117,92,1,274.1,48.9354,47.6245,89.49,61.62
118,92,1,273.987,48.9502,47.5907,96.43,60.73
119,92,1,273.958,48.9693,47.6237,96.41,60.93
120,92,1,274.058,48.9921,47.6322,95.69,60.75
121,92,1,274.02,48.9444,47.616,87.96,61.47
122,92,1,274.026,48.9924,47.6233,93.42,60.21
123,92,1,274.003,48.9167,47.5181,88.76,60.55
124,92,1,274.087,48.9785,47.6318,88.99,60.82
125,92,1,274.048,48.9954,47.5989,87.92,60.58
126,92,1,273.993,48.9807,47.5905,88.28,60.82
127,92,1,274.06,48.978,47.6098,88.42,61.11
128,92,1,273.982,48.9848,47.6502,96.45,60.86
129,92,1,273.953,49.0304,47.6338,93.84,60.36
130,92,1,274.066,48.9982,47.6268,87.99,60.67
131,92,1,274.005,48.9961,47.6406,95.34,61.53
132,92,1,274.12,48.9979,47.6121,90.33,60.67
133,92,1,274.065,48.9682,47.5897,90.75,60.66
134,92,1,273.93,48.989,47.6056,88.58,61.19
135,92,1,273.982,48.9743,47.5739,87.71,61.27
136,92,1,274.211,48.9914,47.5832,87.98,60.94
137,92,1,274.031,48.9848,47.6492,91.24,61.74
138,92,1,274.022,48.9576,47.6258,88.18,59.98
139,92,1,274.059,49.0151,47.5434,92.24,59.65
140,92,1,274.043,49.0394,47.5566,94.1,58.44
141,92,0,0,0,0,0,58.24
142,92,0,0,0,0,0,57.03
143,92,0,0,0,0,0,58.06
144,92,0,0,0,0,0,57.01
145,92,0,0,0,0,0,57.87
146,92,1,354.888,11.8525,25.1767,88.28,57.7
147,92,1,354.772,11.8652,25.2938,96.01,57.73
148,92,1,354.716,11.8602,25.3467,95.07,58.28
149,92,1,354.816,11.8589,25.1282,93.61,58.83
150,92,1,354.633,11.9289,25.4548,97.12,57.45
151,92,1,354.767,11.8815,25.2638,95,57.44
152,92,1,354.882,11.8759,25.121,88.15,56.37
153,92,0,0,0,0,0,56.8
154,92,0,0,0,0,0,56.58
155,92,1,273.954,49.0561,47.5897,86.48,57.96
156,92,1,273.971,49.0509,47.6227,85.2,59.85
157,92,1,273.953,49.0389,47.6217,86.04,59.82
158,92,1,274.013,49.0191,47.6057,88.52,60.96
159,92,1,274.011,49.0395,47.634,88.51,61.58
160,92,1,273.997,49.0549,47.625,89.41,60.61
161,92,1,274.033,49.0381,47.6339,88.75,61.46
162,92,1,274.095,49.0335,47.5916,90.16,60.42
163,92,1,274.026,49.069,47.5972,94.63,61.48
164,92,1,274.143,49.0503,47.6223,88.23,60.24
165,92,1,274.108,49.0343,47.5321,89.92,60.9
166,92,1,273.989,49.0599,47.6412,90.24,59.85
167,92,1,273.936,49.034,47.6107,89.51,60.69
168,92,1,273.989,49.0249,47.5985,88.07,60.49
169,92,1,273.907,49.0574,47.6483,87.33,60.24
170,92,1,273.943,49.061,47.6587,87.45,60.37
171,92,1,273.938,48.9888,47.5808,86.67,59.4
172,92,1,274.031,49.0703,47.687,87.68,61.24
173,92,0,0,0,0,0,56.7
174,92,1,278.435,39.9763,55.4173,93.2,59.15
175,92,1,278.387,39.9748,55.4305,90.59,59
176,92,1,278.422,39.956,55.4086,92.32,60.05
177,92,1,278.492,39.9784,55.4319,95.22,60.59
178,92,1,278.472,39.9931,55.4783,94.75,60.58
179,92,1,278.536,40.0342,55.4379,87.54,60.77
180,92,1,278.42,39.9565,55.436,92.93,59.84
181,92,1,278.454,39.9765,55.4627,93.03,59.84
182,92,1,278.42,39.9687,55.4617,91.73,60.31
183,92,1,278.704,40.0662,55.4321,93.61,60.28
184,92,1,278.539,40.0065,55.4159,93.41,60.36
185,92,1,278.505,39.9993,55.4455,94.49,60.37
186,92,1,278.537,40.0295,55.3885,95.69,60.01
187,92,1,278.436,40.0198,55.4447,91.71,59.25
188,92,1,278.444,40.0136,55.4614,92.43,59.89
189,92,1,278.546,40.058,55.4158,94.1,60.18
190,92,1,278.591,40.0557,55.4347,93.69,60.46
191,92,1,278.491,40.0213,55.4395,94.3,59.6
192,92,1,278.492,40.013,55.4417,94.01,60.57
193,92,1,278.577,40.0964,55.4127,93.81,59.26
194,92,1,278.383,39.9938,55.4708,93.51,60.1
195,92,1,278.509,40.0742,55.517,92.78,60.43
196,92,1,278.443,40.0311,55.5005,92.8,60.4
197,92,1,278.636,40.1182,55.4787,94.38,60.77
198,92,1,278.459,40.0831,55.5091,93.04,60.12
199,92,1,278.454,40.0975,55.5094,94.71,59.73
200,92,1,278.526,40.1532,55.4618,94.69,60.34
201,92,1,278.541,40.1192,55.4048,94.83,60.91
202,92,1,278.523,40.0748,55.3939,96.1,61.06
203,92,1,278.46,40.0644,55.4215,93.51,59.45
204,92,1,278.515,40.0337,55.4044,93.91,60.57
205,92,1,278.507,40.0236,55.3699,93.59,60.19
206,92,1,278.578,40.0575,55.4412,93.26,60.91
207,92,1,278.569,40.0217,55.4146,94.63,61.07
208,92,1,278.521,40.0147,55.4124,94.82,60.54
209,92,1,278.54,40.0325,55.3801,91.63,59.85
210,92,1,278.646,40.1069,55.3966,94.11,58.16
211,92,0,0,0,0,0,55.5
212,92,1,177.704,21.479,5.42421,91.9,56.73
213,92,1,177.592,21.4526,5.48206,93.16,58.19
214,92,1,177.626,21.4328,5.47255,94.23,58.44
215,92,1,177.707,21.4493,5.34745,90.07,58.72
216,92,1,177.724,21.4396,5.40241,91.15,58.83
217,92,1,177.545,21.4627,5.43862,92.47,58.01
218,92,1,177.883,21.4771,5.27292,91.62,57.92
219,92,1,177.545,21.4939,5.47642,94.4,59.34
220,92,1,177.777,21.4702,5.33354,91.25,58.82
221,92,1,177.69,21.5006,5.39781,89.96,57.86
222,92,1,177.61,21.5094,5.42742,93.51,58.24
223,92,1,177.692,21.5339,5.38788,92.2,57.06
224,92,0,0,0,0,0,52.46
225,92,1,187.102,38.8088,81.2677,86.16,52.48
226,92,1,187.034,38.7984,81.2983,91.68,55.12
227,92,1,186.946,38.7878,81.3882,93.46,58.18
228,92,1,186.912,38.7621,81.3463,92.22,57.17
229,92,1,186.872,38.7048,81.3899,93.26,57.29
230,92,1,186.975,38.7736,81.3404,94.13,57.78
231,92,1,186.976,38.7752,81.3329,94.6,57.81
232,92,1,186.899,38.6478,81.3268,94.24,56.31
233,92,0,0,0,0,0,52.32
234,92,1,66.4251,15.4028,70.2802,84.04,52.27
235,92,1,66.4759,15.4068,70.1458,85.28,52.72
236,92,1,66.4509,15.4334,70.225,91.62,53
237,92,1,66.2834,15.4566,70.3602,95.59,53.97
238,92,1,66.2676,15.3941,70.3651,93.01,54.32
239,92,1,66.2427,15.4073,70.3833,86.34,53.15
240,92,1,66.4254,15.4126,70.1607,92.7,54.02
241,92,1,66.0978,15.4671,70.5584,87.45,52.88
242,92,1,66.194,15.4778,70.4073,85.03,52.77
243,92,1,66.4241,15.3726,70.1958,87.44,53.65
244,92,1,66.3845,15.3688,70.2397,90.88,54.49
245,92,1,66.3233,15.3693,70.2912,91.64,54.06
246,92,1,66.2868,15.4223,70.3874,92.94,53.47
247,92,1,66.1993,15.384,70.4227,86.52,54.04
248,92,1,66.1603,15.4369,70.4998,92.83,53.65
249,92,1,66.3417,15.3765,70.3235,83.77,53.78
250,92,1,66.3324,15.3547,70.2781,86.34,52.83
251,92,1,66.2446,15.4237,70.4428,83.7,53.49
252,92,1,66.3166,15.4177,70.3544,93.71,54.12
253,92,1,66.3468,15.3816,70.4806,89.53,46.01
254,92,0,0,0,0,0,35.96
255,92,0,0,0,0,0,35.08
0,93,0,0,0,0,0,36.62
1,93,0,0,0,0,0,37.51
2,93,0,0,0,0,0,37.36
3,93,0,0,0,0,0,36.83
4,93,1,271.453,11.6087,76.419,89.94,44.39
5,93,1,271.579,11.5838,76.3234,91.2,53.55
6,93,1,271.551,11.6634,76.3514,94.12,54.04
7,93,1,271.541,11.6784,76.3241,92.65,54.98
8,93,1,271.517,11.643,76.4254,91.46,54.03
9,93,1,271.451,11.5921,76.4128,95.47,53.58
10,93,1,271.474,11.6808,76.3967,94.47,53.74
11,93,1,271.368,11.6736,76.523,94.37,55.27
12,93,1,271.531,11.7108,76.3945,95.06,54.49
13,93,1,271.334,11.6464,76.473,91.43,54.35
14,93,1,271.362,11.6692,76.5127,92.36,54.86
15,93,1,271.257,11.7113,76.5952,95.7,55.51
16,93,1,271.433,11.6667,76.3867,92.73,53.87
17,93,1,271.521,11.7805,76.424,95.2,55.37
18,93,1,271.495,11.6854,76.3433,95.01,54.42
19,93,1,271.539,11.7118,76.3637,93.58,53.9
20,93,1,271.506,11.7149,76.4484,92.24,54.64
21,93,1,271.466,11.758,76.368,91.46,54.88
22,93,1,271.39,11.677,76.4451,92.19,54.68
23,93,1,271.56,11.721,76.3728,93.67,54.84
24,93,1,271.441,11.7134,76.4472,91.8,54.31
25,93,1,270.77,11.868,76.9633,85.64,55.71
26,93,1,271.721,11.7426,76.0932,91.48,54.45
27,93,1,271.54,11.796,76.4149,93.66,55.15
28,93,1,271.301,11.7007,76.5353,94.4,54.91
29,93,1,271.33,11.7066,76.5052,92.13,53.84
30,93,1,271.466,11.7875,76.4981,95,55.35
31,93,1,271.488,11.7507,76.4326,94.59,54.75
32,93,1,271.229,11.6918,76.6288,91.76,55.06
33,93,1,271.352,11.7284,76.5201,94.14,54.91
34,93,1,271.671,11.8015,76.3301,92.24,55.03
35,93,1,271.65,11.7561,76.1763,92.36,54.34
36,93,1,271.446,11.7725,76.4526,93.86,54.98
37,93,1,271.728,11.7834,76.1265,91.97,54.9
38,93,1,271.274,11.7493,76.5097,93.38,54.29
39,93,1,271.481,11.7558,76.3877,93.03,54.4
40,93,1,271.332,11.7486,76.5055,90.89,55.54
41,93,1,271.253,11.7652,76.6151,94,55.06
42,93,1,271.198,11.7175,76.5797,93.76,54.16
43,93,1,271.407,11.7667,76.4551,94.92,54.26
44,93,1,271.339,11.7278,76.4708,95.27,55.15
45,93,1,271.341,11.7606,76.4602,94.4,54.92
46,93,1,271.304,11.7717,76.5684,94.75,55
47,93,1,271.458,11.8241,76.5267,94.76,55.4
48,93,1,271.682,11.8899,76.3996,93.24,55.22
49,93,1,271.462,11.8128,76.4074,94.52,55.31
50,93,1,271.644,11.8263,76.2014,90.38,54.48
51,93,1,271.414,11.7982,76.4072,93.11,55.3
52,93,1,271.373,11.7864,76.4864,93.16,54.26
53,93,1,271.648,11.814,76.1093,93.67,54.89
54,93,1,271.426,11.7783,76.437,91.83,54.17
55,93,1,271.458,11.8548,76.4533,92.72,55.31
56,93,1,271.381,11.7978,76.5115,92.36,54.65
57,93,1,271.4,11.7858,76.331,93.32,54.78
58,93,1,271.306,11.795,76.479,92.19,55.19
59,93,1,271.676,11.8213,76.2092,92.76,55.25
60,93,1,271.359,11.8509,76.3868,90.28,55.67
61,93,1,271.534,11.802,76.3585,94.89,55.19
62,93,1,271.361,11.7815,76.4453,93.33,55.31
63,93,1,271.341,11.8955,76.5885,95.45,55.37
64,93,1,271.457,11.8513,76.4576,92.79,55.21
65,93,1,271.503,11.8221,76.3983,93.11,55.55
66,93,1,271.47,11.8304,76.3941,93.35,54.64
67,93,1,271.463,11.826,76.4248,92.15,54.83
68,93,1,271.474,11.7874,76.4109,93.36,54.93
69,93,1,271.489,11.8414,76.3749,93.61,53.38
70,93,0,0,0,0,0,53.07
71,93,0,0,0,0,0,55.73
72,93,1,274.08,48.8736,47.6038,89.65,60.1
73,93,1,274.101,48.8992,47.5741,95.45,60.23
74,93,1,274.041,48.8292,47.556,89.69,60.61
75,93,1,274.141,48.8644,47.5542,89.33,61.17
76,93,1,274.098,48.8867,47.5738,89.08,61.01
77,93,1,274.127,48.8683,47.4868,89.98,61.27
78,93,1,274.107,48.874,47.6007,90.79,61.37
79,93,1,274.112,48.8943,47.582,89.03,59.93
80,93,1,274.181,48.8185,47.5839,95.4,60.71
81,93,1,274.048,48.9137,47.5768,92.75,59.49
82,93,1,274.044,48.9186,47.5803,92.65,59.8
83,93,1,274,48.9036,47.5801,89.06,61.03
84,93,1,274.102,48.8966,47.5657,89.32,61.13
85,93,1,274.042,48.9277,47.5736,87.07,61.2
86,93,1,274.113,48.8616,47.5983,86.63,61
87,93,1,274.092,48.8905,47.536,90.37,62.01
88,93,1,274.122,48.9017,47.4988,87.97,59.96
89,93,1,338.868,50.2181,39.6774,89.43,61.08
90,93,1,274.039,48.8369,47.625,85.81,61.94
91,93,1,274.077,48.9327,47.6118,95.68,60.89
92,93,1,274.103,48.8673,47.5792,89.06,61.05
93,93,1,274.049,48.8836,47.5906,88.33,60.79
94,93,1,274.175,48.9442,47.618,94.06,61.99
95,93,1,274.075,48.9262,47.6017,90.15,60.59
96,93,1,274.054,48.9084,47.6078,89.09,61.45
97,93,1,274.08,48.9487,47.5772,88.36,61.2
98,93,1,274.075,48.8982,47.6106,90.71,61.71
99,93,1,274.151,48.8907,47.4749,87.72,61.74
100,93,1,274.077,48.9033,47.555,90.57,61.56
101,93,1,274.148,48.9327,47.6156,89.56,61.22
102,93,1,274.024,48.8833,47.5967,88.93,60.86
103,93,1,274.11,48.9189,47.5653,88.85,60.88
104,93,1,274.094,48.9602,47.6207,90.1,61.04
105,93,1,274.116,48.9437,47.5455,89.38,60.77
106,93,1,274.178,48.9302,47.5165,87.46,61.03
107,93,1,274.07,48.9434,47.5784,97.07,61.33
108,93,1,274.017,48.9082,47.6311,89.78,61.19
109,93,1,274.085,48.9355,47.6164,88.63,61.48
110,93,1,274.074,48.94,47.5731,97.27,61.29
111,93,1,274.135,48.8698,47.5645,95.65,60.88
112,93,1,274.168,48.9523,47.5771,95.39,61.19
113,93,1,274.091,48.9374,47.5232,89.09,61.16
114,93,1,274.121,48.9573,47.6179,88.05,60.83
115,93,1,273.977,48.9544,47.6483,87.97,61.21
116,93,1,274.041,48.9707,47.6524,94.57,61.05
117,93,1,273.992,48.9647,47.6069,89.5,61.45
118,93,1,274.09,48.9655,47.631,88.57,61.15
119,93,1,274.119,49.0006,47.6521,88.67,60.26
120,93,1,273.98,48.9557,47.6205,88.27,61.17
121,93,1,274.09,48.9494,47.6354,88.19,61.66
122,93,1,273.983,48.9296,47.5719,89.48,61.05
123,93,1,274.001,48.9567,47.5972,90.32,60.89
124,93,1,273.981,48.9953,47.6215,94.35,60.54
125,93,1,274.014,48.9501,47.54,89,60.53
126,93,1,274.126,48.9589,47.562,88.16,61.03
127,93,1,274.091,48.9751,47.5807,90.02,61.56
128,93,1,274.06,48.9941,47.6285,96.01,60.83
129,93,1,274.02,49.0202,47.6198,92.13,60.26
130,93,1,274.076,49.0296,47.6117,97.3,60.26
131,93,1,274.065,48.9853,47.631,89.42,61.41
132,93,1,274.054,48.9542,47.5119,88.53,60.92
133,93,1,274.137,48.9949,47.6012,90.75,60.53
134,93,1,274.001,48.9914,47.6075,87.39,61.11
135,93,1,274.056,48.9989,47.6419,89.13,60.99
136,93,1,274.047,48.9988,47.5304,86.36,61.57
137,93,1,274,48.9812,47.6447,96.48,61.27
138,93,1,274.286,49.0462,47.6131,87.38,60.38
139,93,1,274.136,49.0071,47.5991,88.98,61.08
140,93,1,274.048,48.9755,47.5722,90.14,60.59
141,93,1,274.079,48.9917,47.6096,89.26,60.74
142,93,1,274.021,48.9752,47.6216,95.85,60.24
143,93,1,274.011,49.0376,47.601,86.5,58.7
144,93,1,274.047,49.0273,47.632,91.13,58.69
145,93,1,274.091,49.0616,47.5589,94.84,57.79
146,93,0,0,0,0,0,57.95
147,93,0,0,0,0,0,56.79
148,93,0,0,0,0,0,57.04
149,93,1,354.851,11.8548,25.2786,95.32,57.38
150,93,1,354.557,11.934,25.6192,95.73,58.48
151,93,1,354.588,11.8991,25.4056,95.35,58.2
152,93,1,354.776,11.8802,25.3035,95.98,58.44
153,93,1,354.831,11.8825,25.3156,97.1,58.03
154,93,1,354.87,11.8738,25.1531,89.02,57.12
155,93,0,0,0,0,0,57.02
156,93,0,0,0,0,0,57.5
157,93,0,0,0,0,0,57.48
158,93,1,274.002,49.0454,47.586,92.86,58.41
159,93,1,274.08,49.0167,47.668,95.26,60.01
160,93,1,274.092,49.0387,47.5946,89.95,60.55
161,93,1,274.047,49.0398,47.6381,89.11,60.14
162,93,1,274.076,49.0526,47.6276,89.58,60.84
163,93,1,274,49.0131,47.5654,89.35,61.13
164,93,1,274.1,49.0563,47.6529,89.31,61.7
165,93,1,274.012,49.0728,47.5768,87.44,61.15
166,93,1,274.028,49.0398,47.6461,96.19,61
167,93,1,274.061,49.0496,47.6503,86.93,60.59
168,93,1,274.064,49.0436,47.5442,87.86,60.48
169,93,1,274.063,49.06,47.6065,97.63,59.86
170,93,1,273.983,49.0348,47.5948,89.45,61.3
171,93,1,273.924,49.0546,47.6746,94.42,60.74
172,93,1,274.013,49.0208,47.6101,87.66,60.06
173,93,0,0,0,0,0,57.15
174,93,1,278.482,39.9633,55.4104,90.25,58.99
175,93,1,278.542,40.0168,55.4315,94.53,58.51
176,93,1,278.47,39.9273,55.4046,93.19,59.52
177,93,1,278.536,40.0118,55.494,93.03,60.22
178,93,1,278.544,40.0279,55.3825,93.82,59.32
179,93,1,278.469,39.9718,55.4384,92,60
180,93,1,278.412,40.0039,55.4873,93.7,60.1
181,93,1,278.558,40.0146,55.4668,92.2,60.49
182,93,1,278.527,40.0144,55.46,92.67,60.48
183,93,1,278.51,39.9741,55.4559,93.68,60.3
184,93,1,278.414,39.9969,55.4397,94.27,60.07
185,93,1,278.598,40.0478,55.4765,92.96,60.38
186,93,1,278.466,39.964,55.3969,94.99,60.48
187,93,1,278.606,40.032,55.4434,94.74,60.97
188,93,1,278.443,40.0083,55.4411,93.86,59.69
189,93,1,278.534,40.0011,55.4386,92.72,60.41
190,93,1,278.541,40.0298,55.4367,93.04,60.11
191,93,1,278.491,40.022,55.4405,93.24,60.42
192,93,1,278.483,39.9817,55.4162,92.76,59.91
193,93,1,278.482,40.051,55.4455,93.61,59.75
194,93,1,278.436,40.053,55.4888,93.9,59.81
195,93,1,278.424,40.0396,55.5469,93.52,60.3
196,93,1,278.407,40.0377,55.4973,94.33,60.53
197,93,1,278.428,40.0917,55.4735,93.79,59.61
198,93,1,278.45,40.0949,55.5158,92.6,60.23
199,93,1,278.532,40.0888,55.4585,93.68,60.69
200,93,1,278.513,40.0947,55.4831,93.06,59.89
201,93,1,278.5,40.0559,55.4399,94.54,60.02
202,93,1,278.505,40.0399,55.3905,93.02,60.6
203,93,1,278.47,40.0172,55.4204,93.62,60.13
204,93,1,278.589,40.074,55.3795,95.99,60.79
205,93,1,278.479,40.0448,55.4044,91.12,59.69
206,93,1,278.538,39.9955,55.3627,94.65,61.37
207,93,1,278.533,40.0626,55.4289,92.18,59.68
208,93,1,278.494,40.0618,55.3791,91.91,59.61
209,93,1,278.523,40.0704,55.3472,92.53,58.31
210,93,0,0,0,0,0,56.58
211,93,1,177.591,21.4516,5.4858,91.91,56.6
212,93,1,177.645,21.4873,5.4277,91.87,57.95
213,93,1,177.679,21.47,5.46028,91.59,58.35
214,93,1,177.636,21.4523,5.4199,90.92,58.81
215,93,1,177.54,21.4661,5.51488,91.92,58.67
216,93,1,177.669,21.4699,5.40245,91.94,58.04
217,93,1,177.77,21.5439,5.43777,83.59,58.93
218,93,1,177.616,21.4898,5.39647,92.77,58.07
219,93,1,177.637,21.4619,5.44252,93.11,57.56
220,93,1,177.762,21.6098,5.37749,86.78,59.11
221,93,1,177.783,21.5467,5.3785,93.44,59.37
222,93,1,177.572,21.4948,5.42388,91.31,57.1
223,93,0,0,0,0,0,53.96
224,93,0,0,0,0,0,52.39
225,93,1,186.962,38.6661,81.3872,94.48,56.03
226,93,1,186.868,38.7711,81.3962,93.06,56.94
227,93,1,186.898,38.7678,81.3252,93.33,57.05
228,93,1,186.995,38.7945,81.3677,93.84,58.07
229,93,1,187.106,38.793,81.2542,91.07,56.56
230,93,1,186.859,38.7816,81.4095,92.94,58.34
231,93,1,187.054,38.6724,81.2626,96.47,57.83
232,93,1,186.938,38.7829,81.2946,93.43,57.09
233,93,1,187.103,38.7399,81.2241,87.47,52.7
234,93,1,66.3004,15.4735,70.4396,93.87,51.98
235,93,1,66.2373,15.4907,70.4333,84.37,53.66
236,93,1,66.3061,15.4655,70.401,85.05,53.42
237,93,1,66.4285,15.3794,70.3581,82.85,53.95
238,93,1,66.1904,15.4899,70.4582,86.19,52.86
239,93,1,66.2344,15.4617,70.4059,86.36,54.84
240,93,1,66.2998,15.4377,70.403,88.2,54.68
241,93,1,66.4418,15.3753,70.202,91.48,54.06
242,93,1,66.3438,15.4247,70.3679,92.34,53.9
243,93,1,66.3786,15.4204,70.3503,94.96,53.03
244,93,1,66.3525,15.415,70.3752,94.4,53.85
245,93,1,66.3731,15.4248,70.2894,91.17,52.89
246,93,1,66.2533,15.4545,70.4201,83.64,53.5
247,93,1,66.4082,15.3624,70.2907,93.25,53.97
248,93,1,66.2631,15.4175,70.3684,86.01,53.6
249,93,1,66.2471,15.4306,70.4654,95.15,52.91
250,93,1,66.3514,15.3573,70.2903,84.57,53.01
251,93,1,66.0685,15.4618,70.5116,86.99,53.68
252,93,1,66.2583,15.4132,70.395,92.21,53.42
253,93,1,66.5683,15.2906,70.2193,89.22,48.21
254,93,0,0,0,0,0,36.42
255,93,0,0,0,0,0,34.53
0,94,0,0,0,0,0,36.92
1,94,0,0,0,0,0,37.17
2,94,0,0,0,0,0,37.33
3,94,0,0,0,0,0,36.51
4,94,1,271.363,11.6281,76.5245,90.68,43.21
5,94,1,271.449,11.6388,76.4152,91.99,53.86
6,94,1,271.543,11.6473,76.2796,93.26,54.62
7,94,1,271.688,11.712,76.257,87.69,53.62
8,94,1,271.39,11.625,76.5208,92.04,54.34
9,94,1,271.587,11.6828,76.3389,92.9,53.88
10,94,1,271.44,11.6622,76.4173,93.13,54.02
11,94,1,271.701,11.7241,76.1983,92.89,55.03
12,94,1,271.389,11.6627,76.4208,92.48,54.81
13,94,1,271.516,11.737,76.4014,93.99,54.91
14,94,1,271.504,11.7671,76.3453,89.28,54.69
15,94,1,271.337,11.6837,76.4751,93.18,54.58
16,94,1,271.469,11.6929,76.4353,94.63,54.35
17,94,1,271.387,11.7756,76.4921,94.14,55.12
18,94,1,271.341,11.7865,76.577,93.15,55.35
19,94,1,271.498,11.7109,76.3641,94.43,54.23
20,94,1,271.335,11.7593,76.4716,94.66,55.86
21,94,1,271.29,11.6868,76.5397,93.9,55.5
22,94,1,271.311,11.7492,76.5045,93.79,55.62
23,94,1,271.388,11.7861,76.4914,90.46,55.26
24,94,1,271.421,11.7412,76.4839,93.96,55.33
25,94,1,271.791,11.7479,76.014,93.57,55.3
26,94,1,271.454,11.7367,76.4644,93.93,54.95
27,94,1,271.355,11.684,76.4413,92.59,54.79
28,94,1,271.455,11.7402,76.4806,89.32,54.78
29,94,1,271.367,11.7914,76.6038,92.83,55.23
30,94,1,271.396,11.7053,76.4309,95.57,55.61
31,94,1,271.404,11.7132,76.4893,93.4,54.75
32,94,1,271.54,11.759,76.4262,91.05,55.05
33,94,1,271.381,11.7425,76.5373,92.8,54.63
34,94,1,271.351,11.7897,76.4902,92.28,55.89
35,94,1,271.534,11.7881,76.3659,93.64,55.32
36,94,1,271.426,11.7548,76.462,91.24,54.55
37,94,1,271.372,11.7592,76.5071,92.79,55.07
38,94,1,271.571,11.7777,76.2765,90.52,54.62
39,94,1,271.431,11.7733,76.5215,92.94,55.33
40,94,1,271.372,11.7611,76.471,91.1,55.08
41,94,1,271.315,11.7926,76.5706,93.54,55.56
42,94,1,271.296,11.7561,76.4721,92.94,54.65
43,94,1,271.619,11.8181,76.2871,91.69,55.32
44,94,1,271.716,11.7875,76.1036,93.96,54.06
45,94,1,271.273,11.7761,76.58,95.05,55.45
46,94,1,271.389,11.8261,76.4006,91.64,55.7
47,94,1,271.499,11.813,76.4104,91.07,54.55
48,94,1,271.262,11.7742,76.5502,91.62,55.59
49,94,1,271.278,11.7662,76.515,91.28,54.5
50,94,1,271.434,11.8005,76.4844,91.37,54.77
51,94,1,271.472,11.853,76.4959,92.57,55.14
52,94,1,271.416,11.8425,76.4456,91.44,54.77
53,94,1,271.343,11.7899,76.4783,95.82,55.6
54,94,1,271.321,11.798,76.5004,92.11,54.77
55,94,1,271.62,11.8091,76.2464,92.28,53.97
56,94,1,271.292,11.8238,76.6609,92.76,56
57,94,1,271.496,11.8069,76.392,95.15,54.78
58,94,1,271.47,11.7846,76.3717,95.53,54.35
59,94,1,271.34,11.7745,76.4008,92.58,54.74
60,94,1,271.478,11.8717,76.4288,95.7,55.64
61,94,1,271.784,11.8387,76.0761,94.89,55.5
62,94,1,271.281,11.7918,76.549,95.12,55.05
63,94,1,271.426,11.7685,76.4636,93.44,54.7
64,94,1,271.142,11.846,76.7178,94.13,55.88
65,94,1,271.411,11.8179,76.4375,95.34,55.6
66,94,1,271.481,11.8449,76.3585,91.95,56.1
67,94,1,271.373,11.8089,76.4699,92.94,55.02
68,94,1,271.4,11.8844,76.4129,92.41,55.46
69,94,1,271.345,11.7815,76.5277,94.99,55.29
70,94,1,271.387,11.7852,76.3903,92.08,53.65
71,94,0,0,0,0,0,52.56
72,94,1,274.114,48.9044,47.5949,93.31,56.69
73,94,1,274.061,48.9128,47.5819,87.26,60.18
74,94,1,274.1,48.8552,47.5666,97,60.31
75,94,1,274.221,48.896,47.6143,87.54,60.12
76,94,1,274.083,48.8508,47.615,89.38,60.99
77,94,1,274.075,48.8984,47.5868,89.1,60.79
78,94,1,274.17,48.932,47.6038,89.53,60.18
79,94,1,274.101,48.8897,47.574,90.17,60.88
80,94,1,274.085,48.9421,47.6299,90.16,60.34
81,94,1,274.111,48.8879,47.6236,90.07,60.31
82,94,1,274.088,48.8991,47.5838,90.17,60.94
83,94,1,274.059,48.8869,47.5915,95.53,60.47
84,94,1,274.139,48.9367,47.5448,89.32,60.31
85,94,1,274.123,48.9006,47.5997,90.12,61.51
86,94,1,274.096,48.8881,47.6154,88.66,61.36
87,94,1,274.008,48.9214,47.5809,88.07,60.3
88,94,1,274.094,48.9089,47.5785,90.7,60.57
89,94,1,274.247,48.5483,47.3288,85.91,61.54
90,94,1,274.285,48.8727,47.6092,94.7,61.77
91,94,1,274.086,48.9212,47.6179,88.38,60.54
92,94,1,274.038,48.931,47.637,88.83,61.37
93,94,1,274.145,48.9339,47.5895,88.28,60.93
94,94,1,274.246,48.8745,47.5835,95.35,61.34
95,94,1,274.087,48.9347,47.6082,90.05,60.92
96,94,1,274.03,48.8962,47.5836,90.07,60.5
97,94,1,274.054,48.8934,47.58,88.81,61.46
98,94,1,274.018,48.881,47.5384,89.03,60.77
99,94,1,274.088,48.9576,47.5946,88.09,60.99
100,94,1,274.057,48.9217,47.6369,89.31,61.16
101,94,1,274.047,48.9041,47.5433,95.43,61.07
102,94,1,274.086,48.9254,47.6214,96.75,61.32
103,94,1,273.998,48.9453,47.6444,94.8,60.73
104,94,1,274.074,48.9059,47.5119,88.87,60.61
105,94,1,274.135,48.9359,47.6033,88.99,61.04
106,94,1,274.125,48.9138,47.6257,87.13,61.08
107,94,1,274.14,48.9576,47.5325,90.19,61.66
108,94,1,274.036,48.921,47.5599,91.32,60.89
109,94,1,274.157,48.8904,47.5328,89.49,62.01
110,94,1,274.038,48.9522,47.6075,96.53,60.63
111,94,1,274.081,48.9444,47.5721,88.8,61.31
112,94,1,274.024,48.9552,47.6079,88.12,60.45
113,94,1,274.108,48.9238,47.5807,94.06,61.37
114,94,1,274.045,48.9292,47.5659,95.89,61.27
115,94,1,274.085,48.9478,47.6104,89.81,61.52
116,94,1,274.178,48.9712,47.5747,87.65,61.3
117,94,1,274.056,48.9699,47.6177,90.53,61.63
118,94,1,274.091,48.9692,47.598,88.56,61.09
119,94,1,274.045,48.9554,47.6384,89.68,61.47
120,94,1,273.969,48.9392,47.6208,86.87,60.44
121,94,1,274.072,48.9654,47.5837,91.3,60.91
122,94,1,274.032,48.9649,47.6237,88.59,60.62
123,94,1,274.28,49.0392,47.5226,87.26,60.62
124,94,1,274.087,49.0029,47.6247,89.79,61.03
125,94,1,273.963,48.9863,47.6653,87.83,60.54
126,94,1,274.005,48.9604,47.6319,89.06,61.12
127,94,1,273.992,48.9618,47.6223,87.83,61.25
128,94,1,274.087,48.9773,47.6632,89.95,61.28
129,94,1,273.99,48.963,47.5792,88.29,60.65
130,94,1,273.972,49.0319,47.6333,94.53,60.57
131,94,1,274.163,49.012,47.55,87.23,61.26
132,94,1,274.081,48.9906,47.5382,89.14,60.61
133,94,1,273.941,48.9939,47.6149,87.69,61.03
134,94,1,274.112,49.0013,47.566,89.91,60.55
135,94,1,274.14,48.9982,47.5958,90.12,61.23
136,94,1,274.039,48.9953,47.618,87.65,60.44
137,94,1,273.956,49.0576,47.6714,88.71,60.92
138,94,1,274.051,48.9948,47.6539,97.63,61.43
139,94,1,274.19,48.9741,47.5472,88.33,60.87
140,94,1,273.895,48.9762,47.6495,93.77,60.33
141,94,1,274.073,49.0046,47.5609,89.15,60.43
142,94,1,274.004,48.9842,47.6599,89.23,60.57
143,94,1,273.991,48.9952,47.6458,90.74,60.37
144,94,1,274.104,48.9367,47.5672,96.43,61.16
145,94,1,274.157,49.0279,47.6081,90.49,59.74
146,94,1,273.955,49.0199,47.5641,87.06,60.28
147,94,1,274.031,49.0688,47.5681,85.81,58.93
148,94,0,0,0,0,0,58.35
149,94,0,0,0,0,0,57.4
150,94,0,0,0,0,0,56.48
151,94,1,354.718,12.0174,25.4152,95.11,57.16
152,94,1,354.679,11.872,25.3301,95.94,57.68
153,94,1,354.835,11.8579,25.1778,94.18,58.52
154,94,1,354.559,11.8659,25.5162,95.44,57.66
155,94,1,354.567,11.8784,25.4918,94.71,56.88
156,94,1,354.457,11.9354,25.6891,96.06,57.17
157,94,0,0,0,0,0,57.3
158,94,0,0,0,0,0,57.4
159,94,0,0,0,0,0,58.95
160,94,1,274.015,49.1002,47.5741,91.82,59.56
161,94,1,274.034,49.0768,47.5813,94.38,59.41
162,94,1,274.016,49.0331,47.5979,95.07,60.73
163,94,1,274.055,49.0479,47.6292,88.46,60.66
164,94,1,274.017,49.0544,47.6526,89.35,60.88
165,94,1,274.062,49.0902,47.5919,87.36,60.88
166,94,1,274.1,49.0829,47.6457,88.98,61.82
167,94,1,274.04,49.0796,47.6734,88.06,60.65
168,94,1,273.953,49.015,47.6119,95.46,60.25
169,94,1,274.046,49.078,47.609,90.05,60.57
170,94,1,274.094,49.0494,47.6216,89.72,60.92
171,94,1,274.114,49.0517,47.6223,88.01,60.76
172,94,1,274.008,49.0629,47.695,89.42,60.91
173,94,0,0,0,0,0,56.61
174,94,1,278.432,39.9641,55.4022,91.09,59.29
175,94,1,278.523,39.9773,55.4141,93.22,60.22
176,94,1,278.486,39.9782,55.3985,93.46,59.31
177,94,1,278.45,39.9762,55.4217,92.14,60
178,94,1,278.487,39.9656,55.466,95.44,59.89
179,94,1,278.469,39.9813,55.4185,92.4,59.67
180,94,1,278.443,39.9765,55.4296,93.18,59.81
181,94,1,278.49,40.0079,55.4126,92.46,60.09
182,94,1,278.423,39.9673,55.4764,92.13,60.04
183,94,1,278.513,40.0057,55.4484,93.86,59.86
184,94,1,278.486,39.9752,55.4621,93.68,59.78
185,94,1,278.505,40.0115,55.4493,94.05,59.96
186,94,1,278.454,39.9583,55.4148,93.01,59.7
187,94,1,278.652,40.0015,55.4537,95.47,61.04
188,94,1,278.415,39.9999,55.4089,91.61,59.52
189,94,1,278.445,39.9745,55.4207,93.07,60.65
190,94,1,278.526,39.9871,55.4542,94.17,60.1
191,94,1,278.646,40.0569,55.4786,94.28,60.52
192,94,1,278.469,40.0314,55.4636,93.59,60.4
193,94,1,278.489,40.0747,55.4605,93.25,60.51
194,94,1,278.417,40.0353,55.5082,92.21,60.47
195,94,1,278.359,40.0311,55.533,87.35,60.61
196,94,1,278.44,40.0383,55.4771,93.1,60.65
197,94,1,278.514,40.0896,55.4823,93.81,60.62
198,94,1,278.442,40.0772,55.4845,95.4,60.94
199,94,1,278.551,40.1822,55.5358,93.89,59.92
200,94,1,278.533,40.083,55.4332,93.62,60.49
201,94,1,278.496,40.0702,55.4763,93.6,61.42
202,94,1,278.531,40.0813,55.3825,94.33,60.44
203,94,1,278.577,40.1005,55.4335,93.78,60.35
204,94,1,278.471,40.0315,55.4146,91.22,60.04
205,94,1,278.525,40.0277,55.4168,94.61,60.12
206,94,1,278.526,40.0488,55.3509,95.12,59.56
207,94,1,278.652,40.0649,55.4369,94.23,61.42
208,94,1,278.526,40.0948,55.3958,91.91,58.54
209,94,0,0,0,0,0,56.62
210,94,1,177.88,21.5061,5.28282,90.31,56.73
211,94,1,177.456,21.4645,5.56376,93.01,57.78
212,94,1,177.642,21.4929,5.44579,92.06,58.1
213,94,1,177.575,21.4733,5.44822,91.9,58.25
214,94,1,177.538,21.4514,5.44795,94.26,57.49
215,94,1,177.686,21.4967,5.42777,91.69,57.99
216,94,1,177.666,21.5037,5.42767,93.38,58.75
217,94,1,177.754,21.4846,5.38285,91.11,57.78
218,94,1,177.647,21.476,5.35884,91.51,58.37
219,94,1,177.661,21.4738,5.38354,93.19,58.37
220,94,1,177.578,21.4772,5.4439,91.37,58.25
221,94,1,177.609,21.4685,5.43098,92.14,57.32
222,94,1,177.696,21.4719,5.30013,82.29,54.72
223,94,0,0,0,0,0,52.34
224,94,1,186.957,38.63,81.3365,92.48,54.43
225,94,1,186.89,38.7991,81.3622,92.68,56.14
226,94,1,186.917,38.7703,81.3557,94.96,56.93
227,94,1,186.911,38.7599,81.305,92.71,56.99
228,94,1,186.892,38.8274,81.389,92.78,57.48
229,94,1,187.07,38.7842,80.9763,84.73,57.75
230,94,1,186.835,38.8041,81.3905,93.61,57.27
231,94,1,186.819,38.6941,81.3532,94.39,56.93
232,94,1,186.843,38.8142,81.3746,91.34,57.02
233,94,1,187.117,38.8041,81.2522,93.07,55.41
234,94,1,66.4322,15.4486,70.4122,90.98,51.08
235,94,1,66.4016,15.4201,70.1801,94.07,52.69
236,94,1,66.2442,15.4771,70.4881,83.18,52.3
237,94,1,66.3353,15.459,70.3263,92.47,52.14
238,94,1,66.403,15.4221,70.2511,84.46,52.67
239,94,1,66.3376,15.4536,70.3132,84.91,53.81
240,94,1,66.3192,15.4222,70.4106,86.24,53.59
241,94,1,66.373,15.3917,70.3084,84.81,53.97
242,94,1,66.2638,15.443,70.4498,92.71,52.38
243,94,1,66.4086,15.4027,70.1476,86.37,52.35
244,94,1,66.3407,15.4011,70.3477,91.68,53.74
245,94,1,66.4203,15.3715,70.2417,92.64,53.01
246,94,1,66.2756,15.4321,70.4198,93.94,53.5
247,94,1,66.4082,15.3685,70.2483,87.1,53.7
248,94,1,66.3743,15.4044,70.3386,94.42,53.13
249,94,1,66.3087,15.3716,70.3685,83.73,53.66
250,94,1,66.3851,15.3506,70.2671,86.43,52.64
251,94,1,66.041,15.444,70.5569,85.89,53.99
252,94,1,66.205,15.4351,70.4537,93.27,53.54
253,94,1,66.2275,15.4054,70.4053,91.87,48.95
254,94,0,0,0,0,0,35.1
255,94,0,0,0,0,0,35.24
0,95,0,0,0,0,0,35.95
1,95,2,190.72,45.6473,66.5618,39.28,55.52
2,95,0,0,0,0,0,36.84
3,95,0,0,0,0,0,56.26
4,95,1,271.28,11.587,76.4492,92.88,43.08
5,95,1,271.513,11.6446,76.3127,91.73,53.29
6,95,1,271.523,11.6412,76.3575,92.78,53.56
7,95,1,271.51,11.6492,76.3692,93.36,53.86
8,95,1,271.5,11.6627,76.3462,95.44,54.3
9,95,1,271.475,11.6803,76.4634,94.61,54.24
10,95,1,271.607,11.6603,76.3045,93.93,54.39
11,95,1,271.43,11.7472,76.526,92.41,54.83
12,95,1,271.302,11.7051,76.5287,86.74,55.19
13,95,1,271.619,11.6952,76.2768,90.84,54.55
14,95,1,271.523,11.6965,76.3617,93.89,54.45
15,95,1,271.484,11.7184,76.4513,93.9,53.77
16,95,1,271.44,11.6774,76.4696,93.15,55.07
17,95,1,271.468,11.739,76.5483,93.68,55.16
18,95,1,271.23,11.6947,76.5305,93.3,55.33
19,95,1,271.48,11.7,76.4034,94.25,54.17
20,95,1,271.266,11.7142,76.5633,93.6,55.16
21,95,1,271.457,11.6914,76.4109,92.48,54.19
22,95,1,271.474,11.7207,76.4495,94.14,55.5
23,95,1,271.337,11.6725,76.5004,93.52,54.42
24,95,1,271.386,11.7921,76.5677,91.47,55.7
25,95,1,271.526,11.7767,76.4012,93.12,55.97
26,95,1,271.479,11.7131,76.4618,96.68,54.68
27,95,1,271.388,11.6994,76.4225,95.18,55.17
28,95,1,271.483,11.7291,76.4361,92.16,55.06
29,95,1,271.367,11.7115,76.4594,92.59,54.27
30,95,1,271.409,11.7195,76.52,90.2,55.36
31,95,1,271.503,11.7851,76.4651,92.5,55.4
32,95,1,271.401,11.7589,76.579,95.4,55.89
33,95,1,271.415,11.7863,76.4574,92.9,54.76
34,95,1,271.258,11.7348,76.4718,91.58,55.85
35,95,1,271.229,11.7318,76.58,91.68,55.42
36,95,1,271.243,11.7385,76.6301,91.7,55.02
37,95,1,271.342,11.7417,76.4537,94.4,55.87
38,95,1,271.367,11.7321,76.4907,93.83,54.38
39,95,1,271.217,11.746,76.615,91.6,54.25
40,95,1,271.488,11.8217,76.3469,94.28,55.64
41,95,1,271.415,11.7487,76.423,94.85,54.31
42,95,1,271.312,11.8002,76.5861,94.22,56.01
43,95,1,271.297,11.7924,76.5886,94.59,54.89
44,95,1,271.477,11.7927,76.3502,91.76,54.8
45,95,1,271.376,11.7967,76.5376,91.92,55.24
46,95,1,271.399,11.7745,76.4842,92.63,54.37
47,95,1,271.408,11.7731,76.4893,93.95,54.64
48,95,1,271.388,11.7829,76.5134,92.47,55.18
49,95,1,271.45,11.7747,76.3725,96.89,54.46
50,95,1,271.298,11.7922,76.5962,91.57,54.89
51,95,1,271.561,11.8164,76.3028,91.02,55.14
52,95,1,271.468,11.7853,76.4446,93.82,55.47
53,95,1,271.535,11.8025,76.4239,92.89,55.44
54,95,1,271.521,11.8122,76.2584,94.19,54.8
55,95,1,271.758,11.8478,76.1192,91.9,55.03
56,95,1,271.431,11.8224,76.4358,94.81,55.12
57,95,1,271.317,11.8224,76.5741,92.74,55.44
58,95,1,271.47,11.8286,76.4315,95.49,54.73
59,95,1,271.441,11.8177,76.4824,94.11,55.13
60,95,1,271.197,11.8079,76.5922,93.11,55.56
61,95,1,271.18,11.7937,76.6575,93.21,55.38
62,95,1,271.411,11.805,76.4842,93,54.96
63,95,1,271.317,11.7509,76.5784,94.35,54.88
64,95,1,271.44,11.8105,76.3927,93.65,54.41
65,95,1,271.375,11.8213,76.5797,92.91,55.36
66,95,1,271.334,11.7735,76.5923,94.98,54.61
67,95,1,271.343,11.8102,76.5282,92.66,55.65
68,95,1,271.518,11.8233,76.3466,93.43,55.22
69,95,1,271.388,11.8069,76.4463,93.54,55.24
70,95,1,271.526,11.8341,76.344,93.11,55.14
71,95,1,271.605,11.831,76.2787,91.08,52.92
72,95,0,0,0,0,0,53.11
73,95,1,274.133,48.9207,47.5869,93.91,56.12
74,95,1,274.19,48.9004,47.662,89.76,59.69
75,95,1,274.034,48.8913,47.4653,86.87,60.79
76,95,1,274.091,48.9052,47.6074,89.4,60.36
77,95,1,274.121,48.8451,47.5384,93.59,59.72
78,95,1,274.154,48.8926,47.6178,88.87,61.35
79,95,1,274.075,48.853,47.562,88.69,61.84
80,95,1,274.094,48.8712,47.5254,89.72,61.04
81,95,1,274.073,48.8735,47.5544,89.79,60.78
82,95,1,274.12,48.8932,47.6071,97.32,61.24
83,95,1,274.202,48.911,47.6153,95.47,61.7
84,95,1,273.998,48.9181,47.6261,94.59,61.15
85,95,1,274.056,48.8667,47.6182,88.75,61.07
86,95,1,274.081,48.8987,47.6026,94.74,60.46
87,95,1,274.105,48.9079,47.5421,90.27,61.12
88,95,1,274.057,48.9025,47.6045,87.78,61.28
89,95,1,274.201,48.896,47.614,87.63,61.49
90,95,1,274.063,48.8993,47.5967,89.39,60.56
91,95,1,274.209,48.8959,47.5789,87.43,61.32
92,95,1,274.102,48.9169,47.5126,88.5,60.92
93,95,1,274.048,48.8921,47.5898,88.78,61.3
94,95,1,274.061,48.9152,47.5948,90.03,61.26
95,95,1,274.026,48.901,47.5511,90.11,60.73
96,95,1,274.104,48.9659,47.6409,89.6,61.26
97,95,1,274.151,48.9409,47.4958,89.57,61.31
98,95,1,274.085,48.9017,47.625,89.06,61.29
99,95,1,274.073,48.9201,47.6155,95.56,61.01
100,95,1,274.094,48.9297,47.6082,95.74,60.92
101,95,1,274.103,48.9071,47.5288,95.84,60.61
102,95,1,274.124,48.9056,47.5981,87.93,60.86
103,95,1,274.1,48.9389,47.5953,95.99,60.92
104,95,1,274.067,48.9294,47.6026,88.88,60.71
105,95,1,274.081,48.9315,47.599,95.28,61.18
106,95,1,274.107,48.9175,47.5703,90.19,61.03
107,95,1,274.065,48.908,47.6227,88.77,61.05
108,95,1,273.982,48.9057,47.6278,88.06,61.46
109,95,1,274.058,48.9185,47.5974,90,61.59
110,95,1,274.092,48.9186,47.5414,89.43,60.88
111,95,1,274.152,48.9493,47.6232,96.01,62.27
112,95,1,274.062,48.9319,47.6196,87.93,60.94
113,95,1,274.123,48.9497,47.6404,96.34,62.42
114,95,1,274.076,48.926,47.5267,87.36,60.61
115,95,1,274.052,48.942,47.6306,89.61,60.67
116,95,1,274.147,48.9841,47.5871,91.16,60.87
117,95,1,273.984,48.9772,47.6113,94.66,60.32
118,95,1,274.146,48.9969,47.6329,89.84,60.9
119,95,1,273.956,48.962,47.6725,95.69,61.72
120,95,1,274.115,48.9714,47.5391,90.71,61.01
121,95,1,274.028,48.9663,47.6154,90.22,61.29
122,95,1,274.06,48.9665,47.6126,90.06,61.53
123,95,1,274.044,48.955,47.6065,89.42,61.57
124,95,1,274.117,48.9835,47.569,87.67,61.42
125,95,1,274.078,48.9948,47.5954,87.42,61.98
126,95,1,273.912,48.9648,47.64,92.71,59.99
127,95,1,274.022,49.0118,47.5313,87.56,61.72
128,95,1,274.002,48.9913,47.6545,97.06,60.87
129,95,1,274.017,48.9705,47.5999,90.41,60.73
130,95,1,273.929,48.925,47.8275,80.97,61.28
131,95,1,274.094,48.9747,47.52,90.48,60.95
132,95,1,274.01,48.9488,47.5308,87.99,60.2
133,95,1,274.061,48.9902,47.6361,88.96,60.65
134,95,1,274.062,49.0303,47.5591,94.72,60.43
135,95,1,273.978,49.0165,47.592,87.8,60.72
136,95,1,274.114,49.0032,47.5907,87.92,60.78
137,95,1,274.037,48.9906,47.5641,87.96,60.89
138,95,1,274.034,48.996,47.5988,90.33,61.32
139,95,1,273.929,48.9958,47.5941,88.27,60.94
140,95,1,274.071,48.9795,47.5783,97.04,61.49
141,95,1,273.949,48.998,47.6587,87.67,61.72
142,95,1,274.112,48.999,47.606,89.33,60.95
143,95,1,274.104,48.9396,47.634,96.26,61.43
144,95,1,273.952,48.9894,47.5991,88.22,60.92
145,95,1,274.06,48.9969,47.6695,89.96,61.39
146,95,1,273.923,48.9942,47.6514,95.16,61.48
147,95,1,273.984,49.0098,47.6471,87.75,60.86
148,95,1,273.997,48.961,47.5359,87.65,60.45
149,95,1,273.994,49.0249,47.6282,90.38,59.1
150,95,1,274.019,49.0695,47.5544,86.55,58.13
151,95,0,0,0,0,0,58.07
152,95,0,0,0,0,0,57.39
153,95,1,354.57,11.901,25.4935,89,57.47
154,95,1,354.739,11.8547,25.3421,95.43,57.46
155,95,1,354.988,11.8338,25.0737,94.13,58.86
156,95,1,354.789,11.847,25.275,94.6,59.06
157,95,1,354.804,11.8726,25.2876,96.21,58.18
158,95,1,354.8,11.8621,25.2613,96.7,58.09
159,95,0,0,0,0,0,56.51
160,95,0,0,0,0,0,57.05
161,95,0,0,0,0,0,58.17
162,95,1,273.963,49.0827,47.596,84.01,58.24
163,95,1,274.042,49.074,47.5968,93.89,58.91
164,95,1,274.044,49.0308,47.6454,90.56,60.13
165,95,1,273.981,49.045,47.624,89.73,60.98
166,95,1,273.963,49.0267,47.5794,94.9,60.54
167,95,1,274.115,49.0322,47.666,87.91,60.51
168,95,1,274.029,49.0401,47.6388,88.41,60.44
169,95,1,274.106,49.0682,47.6407,88.09,61.36
170,95,1,274.043,49.0629,47.5953,88.99,60.53
171,95,1,274.068,49.0952,47.6907,88.33,61.08
172,95,1,273.988,49.054,47.6117,87.76,61.11
173,95,0,0,0,0,0,57.41
174,95,1,278.437,39.9564,55.375,89.69,59.92
175,95,1,278.502,39.979,55.4256,92.58,58.91
176,95,1,278.458,40.002,55.4339,91.7,58.59
177,95,1,278.388,39.9879,55.4344,91.35,59.3
178,95,1,278.486,39.9419,55.4278,94.29,59.81
179,95,1,278.523,40.0064,55.4192,92.58,60.21
180,95,1,278.44,39.9206,55.4221,93,60.16
181,95,1,278.461,39.9607,55.4528,91.7,60.05
182,95,1,278.463,40.0374,55.5285,92.74,60.06
183,95,1,278.491,40.0073,55.4701,94.83,60.44
184,95,1,278.558,39.9928,55.4348,93.06,59.67
185,95,1,278.47,39.9924,55.4369,93.82,60.11
186,95,1,278.555,40.0215,55.3912,95.93,60.29
187,95,1,278.54,40.0142,55.3882,94.43,60.16
188,95,1,278.459,39.963,55.4313,95.29,60.28
189,95,1,278.445,39.9792,55.4184,93.36,60.65
190,95,1,278.506,40.0186,55.4457,94.98,60.01
191,95,1,278.641,40.0724,55.4601,93.57,60.26
192,95,1,278.467,39.9881,55.4346,93.03,59.93
193,95,1,278.562,40.084,55.457,95.08,60.98
194,95,1,278.455,40.0116,55.491,91.86,59.95
195,95,1,278.521,40.0638,55.4824,91.18,59.67
196,95,1,278.572,40.1303,55.4553,93.45,60.46
197,95,1,278.544,40.0959,55.4413,94.54,60.3
198,95,1,278.554,40.1413,55.5478,85.25,61.04
199,95,1,278.614,40.0987,55.4333,94.44,60.65
200,95,1,278.441,40.0357,55.4765,94.4,60.73
201,95,1,278.429,40.08,55.453,89.93,59.86
202,95,1,278.636,40.1079,55.482,91.65,60.07
203,95,1,278.452,40.0232,55.4428,93.7,59.4
204,95,1,278.472,39.9791,55.4068,95.63,61.27
205,95,1,278.588,40.0546,55.4158,96.59,61.03
206,95,1,278.405,40.068,55.4498,92.01,59.57
207,95,1,278.582,40.0952,55.3189,95.11,58.45
208,95,0,0,0,0,0,57.81
209,95,1,177.861,21.5586,5.30791,90.98,56.54
210,95,1,177.966,21.4454,5.25735,94.77,58.33
211,95,1,177.633,21.4778,5.44672,88.8,58.38
212,95,1,177.53,21.456,5.4336,92.46,58.09
213,95,1,177.969,21.5124,5.26996,90.13,58.54
214,95,1,177.432,21.4893,5.60289,93.95,58.66
215,95,1,177.75,21.4978,5.40689,93.06,58.95
216,95,1,177.762,21.493,5.34496,90.63,59.05
217,95,1,177.624,21.4752,5.38754,91.29,58.65
218,95,1,177.626,21.4874,5.43181,92.27,58.26
219,95,1,177.571,21.4666,5.42623,89.7,57.84
220,95,1,177.866,21.4738,5.2999,90.84,56.79
221,95,1,177.488,21.5266,5.45413,91.54,53.23
222,95,0,0,0,0,0,51.13
223,95,1,186.946,38.7732,81.364,83.79,54.65
224,95,1,187.093,38.7853,81.2957,92.25,57.26
225,95,1,186.918,38.6483,81.3148,94.31,56.5
226,95,1,186.874,38.7576,81.385,91.79,57.87
227,95,1,187.006,38.7652,81.2705,92.95,57.13
228,95,1,187.029,38.8202,81.2795,91.03,56.38
229,95,1,186.845,38.7034,81.3404,93.62,57.59
230,95,1,186.955,38.8255,81.3445,92.19,58.19
231,95,1,186.923,38.8262,81.3322,95.15,56.47
232,95,1,186.916,38.7836,81.3453,93.32,57.43
233,95,1,186.952,38.7171,81.3373,92.81,55.8
234,95,1,66.4075,15.4223,70.3033,85.65,51.64
235,95,1,66.3156,15.4161,70.3078,87.89,53.61
236,95,1,66.44,15.3696,70.1943,86.28,53.06
237,95,1,66.5455,15.3934,70.1017,92.41,54.14
238,95,1,66.2125,15.3802,70.4518,84.77,53.5
239,95,1,66.4256,15.3863,70.1915,86.08,54.52
240,95,1,66.433,15.3963,70.1867,87.63,53.72
241,95,1,66.3995,15.4068,70.3257,93.43,53.66
242,95,1,66.3724,15.3859,70.2676,85.47,54.11
243,95,1,66.3387,15.4462,70.3567,91.65,53.75
244,95,1,66.5856,15.3299,70.1294,83.05,54.02
245,95,1,66.5303,15.3515,70.17,83.03,53.69
246,95,1,66.4022,15.3893,70.278,84.87,54.08
247,95,1,66.4681,15.3355,70.2061,84.92,53.78
248,95,1,66.2668,15.4352,70.4092,92.34,53.95
249,95,1,66.3985,15.331,70.2753,85.26,53.33
250,95,1,66.2538,15.4185,70.4721,91.09,54.22
251,95,1,66.3514,15.3509,70.3852,85.48,53.37
252,95,1,66.2951,15.3804,70.3847,85.27,54.24
253,95,1,66.4981,15.3521,70.1145,85.63,48.8
254,95,0,0,0,0,0,35.65
255,95,0,0,0,0,0,35.32
0,96,0,0,0,0,0,35.8
1,96,0,0,0,0,0,34.95
2,96,0,0,0,0,0,36.91
3,96,0,0,0,0,0,56.12
4,96,1,271.378,11.5969,76.5156,85.03,41.36
5,96,1,271.446,11.6221,76.3917,91.8,54.18
6,96,1,271.461,11.6478,76.4184,91.4,53.73
7,96,1,271.407,11.6909,76.486,91.78,54.25
8,96,1,271.472,11.6598,76.4233,92.88,53.49
9,96,1,271.685,11.7187,76.2729,91.78,54.3
10,96,1,271.486,11.6936,76.3936,94.52,54.17
11,96,1,271.496,11.6794,76.4119,93.24,53.95
12,96,1,271.481,11.6963,76.4531,94.35,54.52
13,96,1,271.441,11.6921,76.4761,92.99,55
14,96,1,271.48,11.6957,76.4241,91.2,54.59
15,96,1,271.532,11.7227,76.4324,92.66,54.97
16,96,1,271.48,11.7283,76.4065,92.61,54.88
17,96,1,271.421,11.6921,76.4043,92.63,54.79
18,96,1,271.353,11.6838,76.4503,94.04,54.18
19,96,1,271.381,11.7176,76.5369,93.58,54.26
20,96,1,271.39,11.6935,76.4533,94.39,55.6
21,96,1,271.166,11.7224,76.646,96.12,55.48
22,96,1,271.351,11.6952,76.5199,92.5,54.42
23,96,1,271.3,11.7184,76.5497,93.55,55.51
24,96,1,271.401,11.6973,76.4849,90.81,53.22
25,96,1,271.435,11.7191,76.4439,90.48,55.35
26,96,1,271.27,11.6986,76.5553,93.04,55.33
27,96,1,271.493,11.7595,76.493,92.38,55.47
28,96,1,271.399,11.7873,76.4501,91.89,55.48
29,96,1,271.41,11.7267,76.3629,91.16,55.13
30,96,1,271.348,11.7336,76.5233,93.89,55.18
31,96,1,271.549,11.7787,76.4691,93.02,55.2
32,96,1,271.307,11.7679,76.4847,93.2,55.73
33,96,1,271.368,11.7163,76.4379,94.48,54.75
34,96,1,271.322,11.7116,76.4282,92.91,54.89
35,96,1,271.227,11.7001,76.5738,93.37,54.56
36,96,1,271.376,11.7591,76.5578,93.34,54.57
37,96,1,271.402,11.7563,76.532,93.35,54.93
38,96,1,271.458,11.7388,76.3967,92.9,53.56
39,96,1,271.634,11.7779,76.1873,93.21,56.03
40,96,1,271.358,11.7501,76.4734,92.04,54.83
41,96,1,271.277,11.7381,76.5993,92.53,54.63
42,96,1,271.421,11.7701,76.4443,94,53.99
43,96,1,271.564,11.8177,76.3995,92.28,54.33
44,96,1,271.331,11.7325,76.5684,92.85,55.39
45,96,1,271.2,11.7617,76.5563,91.26,55.61
46,96,1,271.357,11.8066,76.5694,93.69,55.09
47,96,1,271.234,11.7514,76.6118,94.54,55.22
48,96,1,271.458,11.769,76.3845,94.66,55.05
49,96,1,271.296,11.8106,76.5016,90.59,55.92
50,96,1,271.379,11.7876,76.478,93,54.21
51,96,1,271.239,11.7866,76.6168,91.34,54.94
52,96,1,271.173,11.8271,76.6434,93.76,55.57
53,96,1,271.197,11.771,76.5406,92.04,55.76
54,96,1,271.445,11.7731,76.419,94.25,54.5
55,96,1,271.441,11.8214,76.4624,95.5,55.31
56,96,1,271.38,11.7811,76.4515,93.15,54.98
57,96,1,271.432,11.814,76.4595,93.22,55.26
58,96,1,271.596,11.8396,76.2875,93.24,55.42
59,96,1,271.42,11.7983,76.4343,94.62,54.45
60,96,1,271.383,11.7862,76.4598,95.8,54.65
61,96,1,271.373,11.7446,76.5033,92.35,54.83
62,96,1,271.292,11.8486,76.4951,91.77,55.91
63,96,1,271.241,11.7977,76.5323,93.62,54.77
64,96,1,271.333,11.7939,76.5241,92.16,55.06
65,96,1,271.228,11.849,76.6285,93.07,56.41
66,96,1,271.378,11.7976,76.4505,93.43,55.95
67,96,1,271.303,11.8101,76.5219,94.3,56.34
68,96,1,271.508,11.8418,76.4624,93.39,55.93
69,96,1,271.58,11.8092,76.2729,94.65,54.53
70,96,1,271.412,11.8224,76.3823,92.05,54.93
71,96,1,271.59,11.846,76.3436,95.02,55.21
72,96,1,271.581,11.8195,76.2872,91.63,52.12
73,96,0,0,0,0,0,52.78
74,96,1,274.038,48.8959,47.5995,91.13,55.54
75,96,1,274.068,48.9003,47.6093,94.56,57.38
76,96,1,274.053,48.9069,47.6004,93.09,58.1
77,96,1,274.081,48.8519,47.5208,89.61,59.98
78,96,1,274.021,48.8995,47.5501,89.3,60.8
79,96,1,274.089,48.8472,47.4808,89.02,60.78
80,96,1,274.057,48.8349,47.5296,90.87,60.44
81,96,1,273.941,48.907,47.6756,88.36,60.3
82,96,1,274.056,48.8623,47.5934,86.92,60.1
83,96,1,274.066,48.8641,47.5715,90.04,61.41
84,96,1,274.102,48.8876,47.6103,96.13,60.88
85,96,1,274.007,48.9169,47.6502,88.28,60.65
86,96,1,274.233,48.9171,47.5681,88.71,60.74
87,96,1,274.091,48.9024,47.5486,89.46,61.1
88,96,1,274.086,48.9483,47.5669,88.37,60.7
89,96,1,274.133,48.8665,47.5971,86.28,60.74
90,96,1,274.108,48.8951,47.6255,96.91,60.56
91,96,1,274.06,48.9023,47.5929,90.07,60.91
92,96,1,274.069,48.9017,47.6093,88.1,60.07
93,96,1,274.143,48.9162,47.5313,90,61.17
94,96,1,274.075,48.8739,47.5207,89.76,60.37
95,96,1,274.092,48.9147,47.5279,89.59,61.35
96,96,1,274.237,48.8827,47.5401,87.96,61.1
97,96,1,274.08,48.8861,47.4922,90.17,61.52
98,96,1,274.127,48.9564,47.5666,88.75,60.88
99,96,1,274.091,48.9148,47.6178,97.67,61.54
100,96,1,274.129,48.9471,47.61,89.28,60.59
101,96,1,274.062,48.9197,47.6077,89.02,61.75
102,96,1,274.047,48.9586,47.6169,89.34,61.15
103,96,1,274.102,48.9352,47.6222,88.37,60.82
104,96,1,274.104,48.9585,47.612,89.45,60.89
105,96,1,274.129,48.9699,47.6338,88.5,61.49
106,96,1,274.151,48.9539,47.5525,88.41,61.19
107,96,1,274.049,48.9381,47.6058,88.98,61.45
108,96,1,274.052,48.9312,47.6045,91.03,61.37
109,96,1,274.056,48.9484,47.5706,95.6,61.2
110,96,1,274.004,48.9177,47.5753,88.36,61.38
111,96,1,274.19,48.8814,47.5601,95.41,61.01
112,96,1,274.067,48.948,47.6081,88.41,61.16
113,96,1,274.056,48.933,47.5436,91.08,61.48
114,96,1,273.925,48.9745,47.636,86.16,60.58
115,96,1,274.029,48.9378,47.586,96.86,61.02
116,96,1,274.114,48.9638,47.5427,88.48,61.31
117,96,1,274.003,48.9731,47.6405,93.09,60.06
118,96,1,274.082,48.9495,47.5628,90.09,60.86
119,96,1,274.131,48.9824,47.6134,90.01,61.88
120,96,1,274.151,48.9527,47.4859,89.83,61.27
121,96,1,274.116,48.9722,47.5744,91.1,61.69
122,96,1,274.038,48.9288,47.6251,89.87,61.29
123,96,1,273.937,48.9961,47.6899,86.53,61.17
124,96,1,274.075,48.9877,47.6159,88.24,61.55
125,96,1,274.039,48.9622,47.5733,89.07,61.03
126,96,1,274.084,48.9427,47.6101,93.64,60.78
127,96,1,274.065,48.9888,47.6305,90.21,61.57
128,96,1,274.069,48.9881,47.6256,88.26,61.42
129,96,1,274.009,49.0206,47.5861,87.3,60.49
130,96,1,274.03,48.9665,47.5517,88.03,61.4
131,96,1,274.056,48.9771,47.5631,90.36,60.81
132,96,1,273.988,48.9598,47.6222,97.39,61.26
133,96,1,274.124,49.0024,47.5485,88.32,60.78
134,96,1,274.182,48.9978,47.5941,87.48,61.3
135,96,1,274.193,49.0114,47.5731,90.26,60.88
136,96,1,274.102,49.0237,47.5799,96.21,61.11
137,96,1,274.109,49.0076,47.5313,89.06,61.56
138,96,1,274.067,48.9591,47.5028,88.17,60.66
139,96,1,273.99,48.9786,47.6517,88.01,61.61
140,96,1,274.026,48.9796,47.6412,95.58,61.35
141,96,1,273.996,48.9957,47.6381,90.46,61.11
142,96,1,274.085,48.981,47.566,89.45,60.62
143,96,1,274.059,49.015,47.6326,89.39,61.15
144,96,1,273.996,48.9719,47.599,88.35,61.02
145,96,1,274.041,49.0283,47.6122,89.56,60.38
146,96,1,274.107,49.0272,47.6064,89.2,60.55
147,96,1,273.996,48.9834,47.6414,90.55,60.98
148,96,1,274.079,49.011,47.6094,90.06,60.09
149,96,1,274.052,48.9893,47.6375,89.97,60.76
150,96,1,274.044,49.005,47.5557,88.41,60.05
151,96,1,273.991,49.036,47.5795,93.35,58.36
152,96,1,273.942,48.993,47.5993,85.53,57.84
153,96,0,0,0,0,0,57.14
154,96,0,0,0,0,0,57.04
155,96,1,354.602,11.9014,25.5015,96.12,57.43
156,96,1,354.99,11.8295,25.019,97.37,58.53
157,96,1,354.828,11.8491,25.2322,95.29,59.25
158,96,1,354.814,11.8653,25.2424,95.17,58.05
159,96,1,354.605,11.9144,25.4592,95.36,57.57
160,96,1,354.582,12.0392,25.5291,96.73,57.1
161,96,0,0,0,0,0,57.37
162,96,0,0,0,0,0,56.94
163,96,0,0,0,0,0,57.07
164,96,1,273.919,49.0319,47.6105,87.15,57.68
165,96,1,274.006,49.0793,47.569,86.36,59.36
166,96,1,273.996,49.0717,47.6075,87.28,59.33
167,96,1,274.096,49.0562,47.5842,88.71,60.84
168,96,1,273.919,49.0032,47.6512,89.61,61.16
169,96,1,274.056,49.0593,47.6493,88.63,60.78
170,96,1,274.032,49.0335,47.6421,96.69,60.98
171,96,1,274.033,49.067,47.6614,87.73,60.79
172,96,1,274.079,49.0429,47.6787,96.52,60.88
173,96,0,0,0,0,0,57.15
174,96,1,278.392,39.9854,55.4291,92.21,58.77
175,96,1,278.565,39.9869,55.3925,92.71,59.83
176,96,1,278.464,40.0087,55.3718,94.15,60.04
177,96,1,278.431,39.9572,55.4205,92.14,60.72
178,96,1,278.496,39.9963,55.403,92.6,58.55
179,96,1,278.484,39.9875,55.4064,91.76,59.63
180,96,1,278.519,39.9868,55.3623,95.53,60.51
181,96,1,278.53,40.0003,55.4204,91.64,59.91
182,96,1,278.476,40.0211,55.4417,93.2,59.36
183,96,1,278.627,40.0293,55.4419,92.81,59.73
184,96,1,278.503,39.983,55.3992,95.34,60.73
185,96,1,278.452,39.9449,55.3978,94.49,60
186,96,1,278.545,40.0071,55.4072,95.96,60.76
187,96,1,278.422,40.0141,55.4523,92.94,60.48
188,96,1,278.457,39.9559,55.3864,95.52,60.53
189,96,1,278.571,40.0041,55.4139,91.32,60.24
190,96,1,278.512,39.9761,55.4282,95.28,60.43
191,96,1,278.599,40.0727,55.4678,91.31,61.24
192,96,1,278.575,40.0524,55.426,92.4,60.71
193,96,1,278.498,40.071,55.5315,93.84,60.21
194,96,1,278.39,40.0454,55.5167,93.93,60.31
195,96,1,278.423,40.0387,55.4507,94.14,60.23
196,96,1,278.519,40.0918,55.4765,91.33,59.31
197,96,1,278.596,40.1426,55.4528,93.02,60.23
198,96,1,278.535,40.1447,55.452,94.77,60.77
199,96,1,278.518,40.1472,55.4742,93.58,60.09
200,96,1,278.541,40.062,55.4202,94.64,60.48
201,96,1,278.577,40.0985,55.4336,95.38,60.99
202,96,1,278.519,40.0093,55.4069,93.77,59.86
203,96,1,278.47,40.0574,55.4199,94.89,60.44
204,96,1,278.556,40.0177,55.4035,94.54,60.61
205,96,1,278.549,40.0561,55.3828,95.03,59.67
206,96,1,278.59,40.0998,55.3943,92.93,58.25
207,96,0,0,0,0,0,56.55
208,96,1,177.652,21.5572,5.4044,92.24,56.49
209,96,1,177.735,21.5246,5.38896,91.77,58.41
210,96,1,177.653,21.4923,5.37398,90.35,58.68
211,96,1,177.687,21.4731,5.40464,91.52,58.73
212,96,1,177.532,21.479,5.45512,94.54,58.62
213,96,1,177.749,21.5204,5.35442,91.23,58.12
214,96,1,177.818,21.5024,5.30229,90.33,58.85
215,96,1,177.741,21.5167,5.38265,91.43,58.56
216,96,1,177.621,21.4915,5.47226,94.26,59.18
217,96,1,177.546,21.4926,5.45237,93.33,58.65
218,96,1,177.719,21.4667,5.41034,91.78,57.77
219,96,1,177.658,21.5379,5.42828,93.5,56.77
220,96,1,177.564,21.5753,5.44198,84.52,53.05
221,96,0,0,0,0,0,50.26
222,96,1,186.917,38.7472,81.3798,87.2,52.5
223,96,1,186.871,38.6582,81.3928,94.28,55.83
224,96,1,187.063,38.7704,81.2681,94.01,57.24
225,96,1,186.931,38.8137,81.353,92.35,57.65
226,96,1,186.988,38.6184,81.3157,93.41,56.53
227,96,1,186.944,38.7711,81.3156,91.52,57.59
228,96,1,186.934,38.824,81.347,93.49,57.28
229,96,1,186.882,38.7659,81.3326,94.8,56.96
230,96,1,186.923,38.7832,81.2825,91.5,57.65
231,96,1,186.891,38.7711,81.3562,92.31,58.11
232,96,1,186.917,38.7696,81.3747,94.92,57.34
233,96,1,187.001,38.7802,81.2769,92.39,56.31
234,96,0,0,0,0,0,50.66
235,96,1,66.3848,15.396,70.3385,93.71,52.58
236,96,1,66.3811,15.4064,70.2603,86.36,53.04
237,96,1,66.3551,15.4154,70.2674,85.34,51.89
238,96,1,66.3679,15.3976,70.3809,85.9,53.34
239,96,1,66.3529,15.4017,70.3315,86.22,53.35
240,96,1,66.4349,15.3937,70.1841,84.64,52.4
241,96,1,66.4098,15.3935,70.2534,85.44,53.5
242,96,1,66.3503,15.4175,70.3933,92.17,53.9
243,96,1,66.1855,15.4363,70.5056,85.43,53.31
244,96,1,66.4907,15.369,70.207,92.44,54.14
245,96,1,66.3238,15.3843,70.3797,92.37,54.18
246,96,1,66.433,15.3692,70.3595,81.88,54.42
247,96,1,66.4809,15.3434,70.2099,91.02,53.84
248,96,1,66.2357,15.444,70.443,92.86,53.78
249,96,1,66.3786,15.3971,70.3341,83.28,53.13
250,96,1,66.2485,15.3692,70.4119,85.34,53.3
251,96,1,66.3504,15.3983,70.3982,92.03,53.22
252,96,1,66.3476,15.4104,70.3417,93.23,52.36
253,96,1,66.3818,15.3706,70.3232,84.37,48.04
254,96,0,0,0,0,0,36.03
255,96,0,0,0,0,0,35.47
0,97,0,0,0,0,0,36.08
1,97,0,0,0,0,0,35.03
2,97,0,0,0,0,0,36.53
3,97,0,0,0,0,0,54.76
4,97,1,271.275,11.5664,76.5084,91.83,40.68
5,97,1,271.351,11.6118,76.4282,91.42,52.44
6,97,1,271.483,11.6513,76.4699,92.41,54.2
7,97,1,271.449,11.661,76.4277,94.07,53.22
8,97,1,271.436,11.6377,76.4285,94.17,53.27
9,97,1,271.437,11.6651,76.429,93.27,54.17
10,97,1,271.474,11.6458,76.4431,92.92,54.6
11,97,1,271.425,11.6781,76.5229,93.38,54.98
12,97,1,271.462,11.6685,76.468,94.02,54.14
13,97,1,271.747,11.7443,76.153,93.78,54.86
14,97,1,271.43,11.666,76.427,92.57,54.62
15,97,1,271.432,11.6758,76.4406,92.77,54.2
16,97,1,271.476,11.7152,76.3981,93.81,54.77
17,97,1,271.445,11.7637,76.4125,90.05,55.4
18,97,1,271.341,11.71,76.5171,92.49,54.6
19,97,1,271.351,11.6923,76.5551,92.59,54.34
20,97,1,271.445,11.7123,76.4362,92.9,54.6
21,97,1,271.4,11.7103,76.494,92.79,54.82
22,97,1,271.131,11.7489,76.5757,91.22,55.53
23,97,1,271.552,11.8062,76.4802,92.19,55.08
24,97,1,271.328,11.697,76.5217,94.65,53.61
25,97,1,271.422,11.7272,76.4684,94.66,54.4
26,97,1,271.259,11.6965,76.5617,92.25,55.04
27,97,1,271.241,11.6944,76.57,91.2,54.94
28,97,1,271.441,11.7297,76.4418,90.91,54.81
29,97,1,271.428,11.741,76.5017,94.81,55.04
30,97,1,271.612,11.7536,76.1601,91.12,54.65
31,97,1,271.47,11.7354,76.4666,93.9,55.25
32,97,1,271.296,11.7435,76.5653,90.42,55.36
33,97,1,271.446,11.759,76.4727,92.73,55.44
34,97,1,271.286,11.7461,76.5568,92.02,55.39
35,97,1,271.272,11.7024,76.4252,93.72,54.6
36,97,1,271.495,11.7673,76.3851,94.27,54.81
37,97,1,271.238,11.7409,76.5642,93.53,54.94
38,97,1,271.401,11.7641,76.4984,92.05,55.11
39,97,1,271.282,11.744,76.5245,93.12,54.99
40,97,1,271.183,11.7225,76.5632,93.44,54.72
41,97,1,271.35,11.782,76.6124,94.68,55.2
42,97,1,271.356,11.7727,76.5239,95.25,54.69
43,97,1,271.384,11.8555,76.4742,91.64,55.33
44,97,1,271.407,11.8278,76.4489,94.23,54.37
45,97,1,271.572,11.792,76.2669,94.37,54.79
46,97,1,271.438,11.7753,76.2785,93.54,54.68
47,97,1,271.4,11.7603,76.4637,94.71,54.64
48,97,1,271.395,11.7938,76.5349,93.83,55
49,97,1,271.46,11.7773,76.3679,91.82,54.67
50,97,1,271.38,11.7823,76.4803,92.96,54.37
51,97,1,271.616,11.8521,76.3398,90.55,55.44
52,97,1,271.355,11.7882,76.4508,94.27,54.86
53,97,1,271.231,11.8099,76.6521,93.89,55.53
54,97,1,271.37,11.7981,76.4788,93.03,55.12
55,97,1,271.453,11.8148,76.4708,93.85,55.63
56,97,1,271.413,11.8138,76.4914,94.86,54.52
57,97,1,271.477,11.7961,76.3803,94.08,54.71
58,97,1,271.34,11.7661,76.4337,93.12,54.48
59,97,1,271.33,11.7979,76.5358,94.08,55.87
60,97,1,271.331,11.7917,76.453,93.11,55.28
61,97,1,271.336,11.816,76.4482,91.66,55.06
62,97,1,271.55,11.8284,76.263,94.35,54.42
63,97,1,271.327,11.8743,76.5949,93.87,55.89
64,97,1,271.396,11.8421,76.5239,94.11,54.64
65,97,1,271.244,11.8037,76.5193,92.71,54.43
66,97,1,271.119,11.7787,76.7158,93.57,55.8
67,97,1,271.41,11.8135,76.3512,89.86,54.88
68,97,1,271.434,11.8855,76.4531,95.19,55.23
69,97,1,271.457,11.8441,76.4776,94.62,55.33
70,97,1,271.565,11.8608,76.2911,91.06,54.92
71,97,1,271.282,11.8041,76.5448,92.28,54.76
72,97,1,271.675,11.8032,76.3226,90.98,51.54
73,97,1,155.297,38.5323,51.5107,83.64,51
74,97,0,0,0,0,0,53.66
75,97,0,0,0,0,0,53.42
76,97,0,0,0,0,0,55.36
77,97,1,274.064,48.8847,47.5951,89.63,56.15
78,97,1,274.034,48.8948,47.6058,93.34,57.76
79,97,1,274.039,48.8514,47.618,89.62,60.24
80,97,1,273.995,48.8995,47.6095,88.83,60.43
81,97,1,274.107,48.8774,47.5438,90.08,60.22
82,97,1,274.102,48.8749,47.6071,91.02,60.85
83,97,1,274.123,48.9044,47.6238,88.72,60.37
84,97,1,274.099,48.8921,47.6075,89.7,61.27
85,97,1,274.129,48.902,47.5916,88.4,60.98
86,97,1,274.1,48.8997,47.6043,90.29,61.22
87,97,1,274.111,48.906,47.5851,88.66,61.05
88,97,1,274.087,48.8884,47.5944,90.81,61.24
89,97,1,274.088,48.8758,47.5793,97.29,61.17
90,97,1,274.082,48.9036,47.5976,90.05,61.13
91,97,1,274.145,48.9332,47.6205,88.42,60.98
92,97,1,274.128,48.8275,47.6552,88.97,61.67
93,97,1,274.048,48.9349,47.6446,89.44,61.43
94,97,1,274.035,48.9189,47.5958,96.26,61.09
95,97,1,274.066,48.9642,47.594,89.53,61.22
96,97,1,274.017,48.925,47.5885,89.05,61.19
97,97,1,274.059,48.9141,47.6107,95.8,60.98
98,97,1,274.221,48.9177,47.5535,88.87,61.08
99,97,1,274.128,48.8594,47.5518,95.54,60.85
100,97,1,273.983,48.9053,47.6082,89.36,60.44
101,97,1,274.174,48.9374,47.5892,89.99,60.9
102,97,1,274.073,48.9055,47.6119,88.89,61.02
103,97,1,274.137,48.9328,47.6252,96.89,61.49
104,97,1,274.109,48.9271,47.6144,95.05,61.26
105,97,1,274.133,48.928,47.4956,89.28,61.06
106,97,1,274.061,48.915,47.5783,89.84,60.91
107,97,1,274.007,48.9142,47.6093,87.16,60.65
108,97,1,273.963,48.9278,47.5804,90.48,60.67
109,97,1,274.094,48.951,47.6289,88.45,61.43
110,97,1,274.039,48.9344,47.5153,88.4,60.16
111,97,1,274.112,48.9408,47.5656,88.3,60.6
112,97,1,274.083,48.9461,47.6038,89.07,60.32
113,97,1,274.055,48.9266,47.5015,87.95,60.54
114,97,1,274.06,48.9267,47.5014,87.71,61.12
115,97,1,274.029,48.9581,47.6311,89.1,61.2
116,97,1,274.093,48.9608,47.6281,87.26,61.26
117,97,1,274.17,48.9966,47.6919,86.04,61.61
118,97,1,274.089,48.9747,47.6302,89.21,61.6
119,97,1,274.051,48.9735,47.6354,96.7,61.29
120,97,1,273.979,48.9457,47.5778,95.29,61.05
121,97,1,273.971,48.8987,47.5339,86.27,60.81
122,97,1,273.969,48.9762,47.6061,92.4,60.69
123,97,1,274.049,48.9409,47.5643,90.44,60.6
124,97,1,274.092,48.9931,47.5818,97.6,61.68
125,97,1,274.006,48.9361,47.5677,96.1,61.13
126,97,1,273.995,48.9554,47.6053,89.95,60.73
127,97,1,274.101,48.9671,47.5607,89.23,61.29
128,97,1,274.035,49.0079,47.6329,97.91,60.69
129,97,1,274.004,48.9422,47.5638,96.6,60.77
130,97,1,274.015,49.002,47.6137,89.91,60.8
131,97,1,274.024,48.9705,47.559,89.28,60.68
132,97,1,274.095,48.9846,47.6449,95.37,61.76
133,97,1,273.999,48.9896,47.5976,89.33,60.69
134,97,1,274.05,49.0075,47.5922,88.43,60.97
135,97,1,273.957,48.9833,47.6189,89.42,61.37
136,97,1,273.896,48.9765,47.598,88.55,60.88
137,97,1,273.995,48.9911,47.6415,89.44,60.72
138,97,1,274.029,48.9768,47.6119,90.04,61.08
139,97,1,274.042,48.9854,47.6421,97.09,61.44
140,97,1,274.035,49.0009,47.6482,95.72,60.51
141,97,1,274.041,48.9919,47.6347,89.08,60.85
142,97,1,273.972,48.9831,47.6171,88.53,60.34
143,97,1,273.976,49.0177,47.5854,87.37,60.7
144,97,1,273.984,48.9554,47.6575,95.96,61.07
145,97,1,274.072,48.9877,47.65,86.43,61.51
146,97,1,274.058,49.0046,47.636,89.29,60.77
147,97,1,274.035,49.0313,47.6421,88.2,60.88
148,97,1,274.044,49.0254,47.6524,89.12,60.77
149,97,1,274.042,48.9969,47.6196,90.77,60.5
150,97,1,274.018,49.0387,47.6326,95.61,60.95
151,97,1,273.904,49.0234,47.7013,86.81,60.35
152,97,1,274.041,49.0171,47.6379,89.73,60.21
153,97,1,274.005,49.0552,47.6509,90.78,58.75
154,97,1,273.967,48.9798,47.605,91.55,58.15
155,97,0,0,0,0,0,58.18
156,97,0,0,0,0,0,57.04
157,97,0,0,0,0,0,57.45
158,97,1,354.613,11.9235,25.5142,96.41,57.56
159,97,1,354.597,11.8629,25.408,95.43,57.49
160,97,1,354.696,11.8621,25.2935,94.43,58.71
161,97,1,354.697,11.9257,25.4316,95.86,59.17
162,97,1,354.613,11.918,25.4155,95.69,57.65
163,97,1,354.302,11.9627,25.8004,89.14,57.73
164,97,0,0,0,0,0,56.28
165,97,0,0,0,0,0,57.46
166,97,0,0,0,0,0,57.43
167,97,1,273.966,49.0512,47.5835,93.11,58.68
168,97,1,274.042,49.0921,47.6626,92.34,60.02
169,97,1,273.996,49.0446,47.666,96.22,61.25
170,97,1,274.031,49.0703,47.6039,88.41,60.39
171,97,1,274.036,49.0372,47.6076,87.21,60
172,97,1,274.039,49.058,47.5951,88.37,61.02
173,97,0,0,0,0,0,56.91
174,97,1,278.503,39.9719,55.3803,91.95,58.2
175,97,1,278.514,39.9808,55.404,93.87,59.95
176,97,1,278.597,40.0199,55.437,93.37,60.21
177,97,1,278.422,39.9542,55.4095,90.45,59.84
178,97,1,278.44,39.9559,55.4091,92.91,59.81
179,97,1,278.527,39.9587,55.3515,96.3,60.89
180,97,1,278.481,39.9632,55.4016,93.03,60.51
181,97,1,278.535,40.0178,55.3543,95.05,59.49
182,97,1,278.47,39.9921,55.4488,91.01,60.98
183,97,1,278.539,39.9984,55.4335,92.06,59.39
184,97,1,278.445,39.9686,55.4221,94.39,59.93
185,97,1,278.541,39.9627,55.3945,93.24,60.25
186,97,1,278.446,39.9568,55.4247,94.29,60.18
187,97,1,278.519,39.986,55.4163,94.07,60.65
188,97,1,278.486,39.9921,55.4335,93.65,60.25
189,97,1,278.484,39.9688,55.4189,93.54,61.03
190,97,1,278.461,39.9795,55.4214,92.82,60.46
191,97,1,278.441,39.9857,55.4463,93.65,59.79
192,97,1,278.567,40.0071,55.4174,93.12,59.97
193,97,1,278.532,40.0391,55.4155,95.23,60.28
194,97,1,278.508,40.0623,55.4767,93.98,59.63
195,97,1,278.609,40.104,55.4375,95.84,60.34
196,97,1,278.486,40.1069,55.4324,95.41,60.4
197,97,1,278.487,40.0903,55.4471,91.82,60.15
198,97,1,278.555,40.1045,55.3904,92.37,61.07
199,97,1,278.478,40.0951,55.4458,95.71,60.82
200,97,1,278.398,40.0428,55.4587,92.35,60.52
201,97,1,278.557,40.0829,55.4821,94.49,60.49
202,97,1,278.486,40.026,55.4451,92.45,60.14
203,97,1,278.48,40.0162,55.4647,92.97,60.16
204,97,1,278.522,40.0679,55.4122,92.13,59.95
205,97,1,278.59,40.1015,55.4298,93.7,59.73
206,97,0,0,0,0,0,56.42
207,97,1,177.647,21.591,5.35772,92.56,57.41
208,97,1,177.685,21.5283,5.38055,91.97,57.76
209,97,1,177.473,21.5504,5.582,92.42,59.09
210,97,1,177.75,21.5069,5.39748,90.09,58.17
211,97,1,177.745,21.5019,5.37669,91.76,58.92
212,97,1,177.618,21.5112,5.45606,90.72,58.71
213,97,1,177.605,21.5101,5.44767,94.27,57.61
214,97,1,177.699,21.4892,5.40383,91.2,57.91
215,97,1,177.647,21.5222,5.4755,91.19,58.19
216,97,1,177.72,21.5446,5.38308,90.94,58.96
217,97,1,177.622,21.5068,5.4363,93.05,56.58
218,97,1,177.573,21.5468,5.43912,90.5,54.94
219,97,0,0,0,0,0,51.56
220,97,0,0,0,0,0,50.96
221,97,1,66.3296,15.4684,70.3377,91.9,50.76
222,97,0,0,0,0,0,52.89
223,97,1,186.981,38.7661,81.311,93.36,56.87
224,97,1,187.005,38.763,81.272,93.8,57.3
225,97,1,187.112,38.611,81.2342,94.69,57.04
226,97,1,186.96,38.7753,81.2832,93.85,57.01
227,97,1,186.967,38.7814,81.3527,93.62,57.95
228,97,1,186.972,38.7773,81.3251,94.59,57.58
229,97,1,186.877,38.7699,81.2995,92.04,56.76
230,97,1,186.983,38.7675,81.2461,93.4,57.77
231,97,1,186.954,38.8486,81.4028,94.81,57.78
232,97,1,186.907,38.7747,81.3611,94.22,58.17
233,97,1,186.973,38.8287,81.3111,93.18,57.83
234,97,0,0,0,0,0,53.51
235,97,1,66.3669,15.4414,70.3642,92.42,52.87
236,97,1,66.3526,15.4351,70.3956,91.63,52.64
237,97,1,66.3708,15.4468,70.3618,93.09,52.18
238,97,1,66.4647,15.3927,70.2371,82.63,52.91
239,97,1,66.5162,15.383,70.1347,91.63,54.09
240,97,1,66.3962,15.3755,70.2187,85.18,53.85
241,97,1,66.3727,15.3746,70.2423,85.71,53.25
242,97,1,66.4129,15.3877,70.2886,84.18,52.99
243,97,1,66.3605,15.4302,70.278,92.88,52.87
244,97,1,66.3907,15.4363,70.2864,91.95,53.91
245,97,1,66.3032,15.421,70.4789,90.94,53.79
246,97,1,66.3746,15.4209,70.2875,91.37,53.71
247,97,1,66.3654,15.3345,70.3665,84.11,53.81
248,97,1,66.5015,15.3639,70.2134,90.7,53.65
249,97,1,66.5215,15.3426,70.2435,91.52,53.73
250,97,1,66.4912,15.338,70.1613,85.2,53.43
251,97,1,66.2313,15.4229,70.4018,86.31,52.08
252,97,1,66.3392,15.3448,70.2995,84.45,53.75
253,97,1,66.3402,15.3688,70.3941,92.47,49.46
254,97,0,0,0,0,0,36.37
255,97,0,0,0,0,0,36.21
0,98,0,0,0,0,0,51.9
1,98,0,0,0,0,0,35.06
2,98,0,0,0,0,0,52.23
3,98,0,0,0,0,0,53.84
4,98,1,271.185,11.5673,76.563,91.51,41.28
5,98,1,271.441,11.6348,76.4985,89.47,53.13
6,98,1,271.493,11.6701,76.4553,91.63,52.97
7,98,1,271.438,11.6775,76.4494,93.5,54.49
8,98,1,271.376,11.6473,76.4608,95.35,54.78
9,98,1,271.363,11.6369,76.4832,92.52,54.2
10,98,1,271.419,11.6642,76.4677,93.96,54.66
11,98,1,271.568,11.7088,76.3438,95.38,55.17
12,98,1,271.395,11.6683,76.4611,93.07,54.57
13,98,1,271.344,11.7438,76.5559,86.92,55.23
14,98,1,271.429,11.7473,76.4522,93.05,55.09
15,98,1,271.553,11.7849,76.3664,91.2,54.84
16,98,1,271.354,11.6872,76.4788,92.76,54.27
17,98,1,271.309,11.6693,76.4856,96.32,55.27
18,98,1,271.414,11.6785,76.4208,92.86,54.31
19,98,1,271.32,11.6895,76.5317,93.17,54.97
20,98,1,271.168,11.7344,76.6707,85.89,55.25
21,98,1,271.363,11.7007,76.5404,90.94,54.64
22,98,1,271.379,11.7066,76.498,93.96,55.63
23,98,1,271.316,11.719,76.5643,93.55,54.7
24,98,1,271.407,11.7205,76.5033,93.18,55.23
25,98,1,271.44,11.7076,76.4418,93.27,54.54
26,98,1,271.321,11.6944,76.548,91.38,54.24
27,98,1,271.402,11.701,76.4828,91.53,55.08
28,98,1,271.405,11.7486,76.5588,95.75,56.02
29,98,1,271.355,11.7054,76.4985,92.91,54.9
30,98,1,271.354,11.7466,76.5509,93.69,54.98
31,98,1,271.409,11.7154,76.453,93.78,54.35
32,98,1,271.489,11.7397,76.4395,93.33,54.51
33,98,1,271.291,11.7592,76.5667,95.03,55.1
34,98,1,271.366,11.7393,76.5337,92.61,55.06
35,98,1,271.346,11.7423,76.5735,91.06,54.99
36,98,1,271.226,11.7058,76.5431,93.25,55.11
37,98,1,271.318,11.7527,76.4976,91.46,54.46
38,98,1,271.272,11.7827,76.5724,86.24,55.1
39,98,1,270.786,11.901,76.9572,85.34,55.64
40,98,1,271.396,11.767,76.4658,93.53,54.66
41,98,1,271.463,11.7534,76.4438,94.6,54.78
42,98,1,271.379,11.7487,76.4396,91.94,55.63
43,98,1,271.441,11.7757,76.3999,93.73,53.66
44,98,1,271.338,11.7531,76.4747,94.01,54.92
45,98,1,271.293,11.7832,76.5658,92.69,54.62
46,98,1,271.313,11.7325,76.5271,93.5,54.47
47,98,1,271.451,11.7852,76.4097,93.44,53.8
48,98,1,271.22,11.7547,76.5818,92.19,54.78
49,98,1,271.447,11.8411,76.4687,95,55.87
50,98,1,271.442,11.8188,76.5343,92.68,55.22
51,98,1,271.445,11.8783,76.5187,94.33,55.29
52,98,1,271.328,11.7762,76.533,92.58,54.88
53,98,1,271.341,11.7536,76.455,93.28,54.33
54,98,1,271.505,11.838,76.3819,94.49,54.13
55,98,1,271.491,11.7853,76.3657,94.02,55.36
56,98,1,271.36,11.8398,76.4334,90.21,55.48
57,98,1,271.362,11.8069,76.5461,93.93,54.42
58,98,1,271.379,11.8184,76.5849,93.17,55.15
59,98,1,271.441,11.8838,76.5029,94.35,55.03
60,98,1,271.339,11.7837,76.4123,93.84,54.5
61,98,1,271.157,11.7967,76.6216,92.76,55.43
62,98,1,271.414,11.7547,76.4607,92.44,55.29
63,98,1,271.298,11.79,76.6053,95.29,55.83
64,98,1,271.45,11.8346,76.4691,94.28,54.7
65,98,1,271.446,11.808,76.4791,93.77,54.85
66,98,1,271.449,11.8217,76.4552,93.12,55.17
67,98,1,271.418,11.8217,76.4307,94.26,54.34
68,98,1,271.357,11.8443,76.3856,92.78,55.11
69,98,1,271.694,11.8578,76.1457,93.61,54.82
70,98,1,271.327,11.8106,76.4155,95.06,54.19
71,98,1,271.571,11.84,76.329,92.27,52.13
72,98,0,0,0,0,0,52.54
73,98,1,155.189,38.5525,51.5587,91.08,53.68
74,98,1,155.177,38.5435,51.5817,91.95,55.08
75,98,1,155.36,38.5247,51.5179,88.66,54.72
76,98,0,0,0,0,0,52.5
77,98,0,0,0,0,0,53.48
78,98,0,0,0,0,0,54.15
79,98,1,274.058,48.9226,47.6121,93.11,57.29
80,98,1,274.128,48.8661,47.6382,87.91,60.27
81,98,1,274.101,48.951,47.5903,88.28,61.04
82,98,1,274.121,48.9126,47.5938,91.03,61.03
83,98,1,274.151,48.8407,47.544,96.13,60.63
84,98,1,274.105,48.9011,47.5951,88.69,60.93
85,98,1,274.104,48.8909,47.5994,90.74,60.97
86,98,1,274.074,48.907,47.5709,90.37,60.54
87,98,1,274.135,48.9299,47.6058,89.11,60.59
88,98,1,274.107,48.8851,47.5972,89.35,61.11
89,98,1,274.146,48.8855,47.6032,88.43,61.02
90,98,1,274.093,48.9124,47.6107,89.9,60.6
91,98,1,274.07,48.8953,47.5728,96.01,61.32
92,98,1,274.077,48.9086,47.6046,89.66,60.86
93,98,1,274.064,48.8799,47.6003,85.94,61.41
94,98,1,274.144,48.9252,47.5562,88.76,60.75
95,98,1,274.074,48.9386,47.5874,89.63,60.66
96,98,1,274.077,48.9138,47.5333,87.51,60.2
97,98,1,274.097,48.9163,47.6081,97.32,61.9
98,98,1,274.085,48.934,47.6155,91.26,61.32
99,98,1,273.949,48.9332,47.6384,88.09,61.39
100,98,1,274.034,48.9014,47.6079,90.64,61.11
101,98,1,274.046,48.9221,47.6211,89.74,60.64
102,98,1,274.125,48.9221,47.5729,90.96,61.74
103,98,1,274.114,48.906,47.6138,87.65,60.23
104,98,1,274.115,48.9489,47.6298,90.09,61.01
105,98,1,274.159,48.9223,47.6028,88.34,61.11
106,98,1,274.042,48.9098,47.5558,91.17,60.6
107,98,1,274.036,48.9401,47.6317,94.33,61.3
108,98,1,274.122,48.9077,47.4819,90.98,60.98
109,98,1,274.073,48.9133,47.5891,94.85,60.33
110,98,1,273.965,48.8897,47.4571,87.93,60.3
111,98,1,274.107,48.9333,47.5666,91.04,60.93
112,98,1,274.096,48.959,47.5874,96.08,61.55
113,98,1,274.094,48.9319,47.5204,90.51,61.45
114,98,1,273.955,48.9486,47.5846,87.78,61.38
115,98,1,274.194,48.9691,47.55,89.85,61.28
116,98,1,274.024,48.9367,47.6128,90.52,60.91
117,98,1,274.146,48.9742,47.5599,89.63,61.74
118,98,1,274.031,48.9434,47.6182,89.31,60.19
119,98,1,274.003,48.9616,47.5708,88.96,61.15
120,98,1,274.043,48.9498,47.6113,88.69,61.19
121,98,1,274.071,48.9505,47.6331,89.82,61.26
122,98,1,273.99,48.9466,47.6309,88.54,61.42
123,98,1,274.088,49.006,47.6536,90.67,60.68
124,98,1,274.145,48.9629,47.596,90.25,60.92
125,98,1,274.058,48.9636,47.6165,91.18,60.78
126,98,1,274.097,48.9663,47.5737,89.02,60.96
127,98,1,273.995,48.9982,47.6719,89.55,61.14
128,98,1,273.993,48.9636,47.5758,90.03,61.5
129,98,1,274.085,48.9462,47.5394,97.38,61.51
130,98,1,274.087,48.9913,47.6152,89.99,61.37
131,98,1,274.045,48.9843,47.6302,88.59,61.4
132,98,1,274.044,48.9955,47.6116,88.33,60.18
133,98,1,274.011,49.0018,47.573,98.51,61.13
134,98,1,274.045,48.9939,47.653,88.66,60.32
135,98,1,274.097,49.0047,47.5568,88.91,61.48
136,98,1,274.064,49.0115,47.6568,89.54,61.4
137,98,1,273.943,49.0143,47.6428,88.85,61.32
138,98,1,273.951,48.9989,47.5143,86.61,61.31
139,98,1,274.007,48.9721,47.6241,90.7,61.22
140,98,1,273.994,48.9748,47.5696,89.8,60.95
141,98,1,274.19,49.0057,47.5688,87.48,60.65
142,98,1,273.988,49.0047,47.6783,89.17,60.83
143,98,1,274.022,48.9897,47.6326,89.8,61.47
144,98,1,274.036,48.9995,47.5548,89.58,61.06
145,98,1,273.996,48.9882,47.6401,89.29,60.68
146,98,1,274.107,48.9875,47.5838,89.54,60.7
147,98,1,274.037,49.0141,47.6681,96,61.9
148,98,1,274.059,49.0195,47.6623,90.35,61.63
149,98,1,274.094,49.0125,47.5663,88.95,60.86
150,98,1,274.223,49.0484,47.597,88.14,59.96
151,98,1,274.088,49.0087,47.6276,87.89,60.86
152,98,1,273.955,48.9848,47.5921,88.59,60.68
153,98,1,274.08,49.0105,47.6334,86.82,60.94
154,98,1,274.078,48.9921,47.6386,88.88,61.02
155,98,1,274.051,49.0237,47.5686,88.12,60.05
156,98,1,273.972,49.0194,47.5813,91,57.74
157,98,0,0,0,0,0,58.09
158,98,0,0,0,0,0,57.77
159,98,0,0,0,0,0,56.77
160,98,1,354.519,11.8548,25.5542,94.84,57.49
161,98,1,354.912,11.9161,25.1349,96.78,58.2
162,98,1,354.462,11.8963,25.5763,95.49,58.67
163,98,1,354.59,11.8429,25.4496,94.32,59.81
164,98,1,354.6,11.8736,25.5065,97.8,57.92
165,98,1,354.264,11.9383,25.7935,89.57,57.54
166,98,0,0,0,0,0,57.39
167,98,0,0,0,0,0,56.97
168,98,0,0,0,0,0,57.88
169,98,1,273.973,49.0912,47.6099,86.96,59.37
170,98,1,273.972,49.0736,47.6909,91.27,58.64
171,98,1,273.958,49.008,47.6903,95.42,60.36
172,98,1,273.93,49.0542,47.6922,85.41,60.91
173,98,0,0,0,0,0,56.92
174,98,1,278.436,39.9449,55.4277,91.73,59.26
175,98,1,278.475,39.9371,55.3933,94.87,59.22
176,98,1,278.46,39.9376,55.3896,93.21,59.82
177,98,1,278.474,39.9393,55.4191,94.84,59.9
178,98,1,278.453,39.9749,55.3943,90.87,59.29
179,98,1,278.517,39.971,55.3995,92.21,60.03
180,98,1,278.524,39.9981,55.405,94.6,60.19
181,98,1,278.508,39.9808,55.4073,94.62,59.95
182,98,1,278.535,40.0011,55.3996,95.15,60.99
183,98,1,278.547,39.9783,55.4054,94.06,60.36
184,98,1,278.567,40.0415,55.3961,93.04,58.9
185,98,1,278.454,39.9531,55.3912,92.39,60.35
186,98,1,278.52,40.0017,55.4178,95.55,60.21
187,98,1,278.423,39.945,55.4108,95.24,60.4
188,98,1,278.497,39.9984,55.3892,88.2,60.53
189,98,1,278.518,40.0082,55.3955,95.26,60.18
190,98,1,278.628,40.0466,55.3825,93.43,60.93
191,98,1,278.443,40.0369,55.4643,94.73,59.57
192,98,1,278.55,40.0795,55.4507,92.29,60.26
193,98,1,278.474,40.0212,55.4628,94.92,60.25
194,98,1,278.506,40.0756,55.4762,93.01,59.89
195,98,1,278.499,40.0961,55.4648,94.79,60.76
196,98,1,278.648,40.1097,55.4407,92.22,60.92
197,98,1,278.547,40.0876,55.4367,92.92,60.26
198,98,1,278.5,40.0926,55.4528,92.92,59.06
199,98,1,278.57,40.0821,55.4324,93.05,60.59
200,98,1,278.5,40.0653,55.4261,95.43,60.46
201,98,1,278.491,40.073,55.4381,94.31,59.72
202,98,1,278.594,40.0789,55.4492,95.46,60.84
203,98,1,278.516,40.0615,55.499,91.67,59.97
204,98,1,278.528,40.0808,55.4236,91.48,57.89
205,98,0,0,0,0,0,57.44
206,98,1,177.687,21.5578,5.40615,92.33,57.32
207,98,1,177.751,21.567,5.38463,90.49,58.24
208,98,1,177.608,21.5801,5.47246,91.71,58.59
209,98,1,177.613,21.5145,5.44041,92.58,58.45
210,98,1,177.546,21.5435,5.43429,92.47,58.6
211,98,1,177.763,21.5183,5.35624,96,58.61
212,98,1,177.656,21.5051,5.40787,91.2,57.73
213,98,1,177.694,21.5702,5.41238,93,58.66
214,98,1,177.754,21.4905,5.36889,89.08,56.95
215,98,1,177.473,21.5363,5.52785,91.07,58.64
216,98,1,177.746,21.5349,5.37508,90.43,55.73
217,98,1,177.733,21.5778,5.35976,82.37,52.63
218,98,0,0,0,0,0,51.59
219,98,1,66.111,15.4762,70.7319,85.17,50.35
220,98,1,66.2067,15.496,70.4838,93.18,51.68
221,98,1,66.3003,15.475,70.4214,93.24,52.16
222,98,0,0,0,0,0,53.02
223,98,1,186.966,38.6649,81.3193,94.23,55.84
224,98,1,186.896,38.6878,81.3506,94.21,57.15
225,98,1,186.852,38.8353,81.4505,95.15,57.24
226,98,1,186.979,38.706,81.3568,94.2,56.96
227,98,1,187.017,38.7837,81.2494,93.51,57.02
228,98,1,186.911,38.7065,81.3236,95.02,56.64
229,98,1,187.117,38.6228,81.225,93.56,57.03
230,98,1,186.983,38.7403,81.3455,96.13,57.31
231,98,1,186.937,38.7738,81.372,94.48,57.73
232,98,1,187.054,38.7862,81.2496,93.55,57.98
233,98,1,187.106,38.78,81.2256,92.82,57.25
234,98,1,187.088,38.8043,81.2697,92.1,54.64
235,98,1,66.4096,15.4757,70.2031,93.44,50.85
236,98,1,66.4439,15.4477,70.3257,92.3,52.79
237,98,1,66.4039,15.3969,70.2475,91.22,53.18
238,98,1,66.29,15.4418,70.3859,93.49,53.35
239,98,1,66.4259,15.4144,70.2071,92.41,53.7
240,98,1,66.3017,15.4544,70.3223,93.17,53.97
241,98,1,66.2922,15.4222,70.3624,85.01,53.73
242,98,1,66.5129,15.3842,70.2429,94.86,52.75
243,98,1,66.3276,15.3719,70.4289,92.56,53.37
244,98,1,66.4171,15.4148,70.2914,92.32,53.27
245,98,1,66.1408,15.4514,70.5224,85.59,53.28
246,98,1,66.1777,15.4732,70.488,85.66,53.53
247,98,1,66.3869,15.3563,70.2526,92.77,53.52
248,98,1,66.3455,15.3767,70.2488,83.88,53.11
249,98,1,66.3311,15.367,70.3338,92.76,53.55
250,98,1,66.4795,15.3534,70.2704,92.04,53.49
251,98,1,66.2826,15.4166,70.3923,83.35,54.18
252,98,1,66.3256,15.4254,70.3118,94.03,53.49
253,98,1,66.3296,15.3743,70.313,91.45,49.5
254,98,2,68.587,14.8584,68.2669,59.18,35.8
255,98,0,0,0,0,0,36.52
0,99,0,0,0,0,0,34.74
1,99,0,0,0,0,0,34.87
2,99,0,0,0,0,0,51.16
3,99,0,0,0,0,0,52.46
4,99,1,271.479,11.6533,76.4554,88.38,41.83
5,99,1,271.458,11.6392,76.4432,91.92,53.67
6,99,1,271.331,11.6358,76.4792,92.96,53.27
7,99,1,271.422,11.6299,76.5222,94.71,54.65
8,99,1,271.438,11.6656,76.4766,91.48,53.68
9,99,1,271.377,11.6681,76.4889,93.49,53.37
10,99,1,271.456,11.6917,76.4745,92.12,55.13
11,99,1,271.464,11.7601,76.4875,91.83,55.17
12,99,1,271.362,11.6659,76.4953,93.01,53.42
13,99,1,271.448,11.6951,76.4131,93.02,55.02
14,99,1,271.343,11.6726,76.5502,94.14,53.96
15,99,1,271.496,11.6772,76.374,93.87,54.5
16,99,1,271.475,11.7603,76.4915,87.95,54.56
17,99,1,271.506,11.7249,76.4639,92.01,54.16
18,99,1,271.34,11.6861,76.5124,93.27,55.09
19,99,1,271.408,11.7075,76.4565,92.1,55.11
20,99,1,271.436,11.6998,76.4499,90.02,54.6
21,99,1,271.558,11.7495,76.303,91.64,55.46
22,99,1,271.496,11.7341,76.3915,93.49,55.13
23,99,1,271.505,11.7882,76.4146,90.86,55.11
24,99,1,271.576,11.7877,76.3801,90.4,55.34
25,99,1,271.318,11.6737,76.4299,91.95,54.53
26,99,1,271.431,11.7039,76.3967,91.7,55.02
27,99,1,271.358,11.7009,76.4646,93.1,54.5
28,99,1,271.407,11.7109,76.4932,93.76,54.83
29,99,1,271.41,11.7446,76.5255,93.17,54.67
30,99,1,271.394,11.7329,76.4632,93.25,54.24
31,99,1,271.339,11.7935,76.5537,94.73,55.43
32,99,1,271.547,11.7586,76.3004,92.68,54.77
33,99,1,271.609,11.7782,76.2693,93.62,54.71
34,99,1,271.357,11.7044,76.4339,93.37,54.2
35,99,1,271.322,11.7345,76.5231,93.37,55.55
36,99,1,271.416,11.7221,76.4811,93.1,54.98
37,99,1,271.367,11.8117,76.4452,94.3,55.43
38,99,1,271.309,11.7593,76.5116,91.89,55.56
39,99,1,271.335,11.7528,76.5172,92.31,54.75
40,99,1,271.326,11.7583,76.5031,92.1,55.06
41,99,1,271.49,11.7688,76.4264,95.22,55.63
42,99,1,271.249,11.7512,76.6052,91.17,54.22
43,99,1,271.464,11.7695,76.3971,95.59,54.08
44,99,1,271.279,11.7492,76.5706,96.36,54.52
45,99,1,271.541,11.8065,76.2398,93.27,55.29
46,99,1,271.421,11.7921,76.5084,94.11,54.59
47,99,1,271.37,11.823,76.5744,92.85,54.63
48,99,1,271.461,11.7709,76.4368,94,54.67
49,99,1,271.241,11.7675,76.6042,91.29,54.62
50,99,1,271.455,11.7994,76.4355,95.02,54.83
51,99,1,271.396,11.775,76.4529,92.39,54.98
52,99,1,271.251,11.887,76.5542,85.05,56.01
53,99,1,271.311,11.763,76.5324,93.15,55.56
54,99,1,271.272,11.7823,76.4595,91.94,55.03
55,99,1,271.337,11.7753,76.4815,93.19,55.66
56,99,1,271.193,11.8273,76.6384,86.57,55.59
57,99,1,271.33,11.7889,76.4007,93.36,54.8
58,99,1,271.393,11.8149,76.4942,92.94,55.16
59,99,1,271.47,11.8571,76.4097,93.5,55.89
60,99,1,271.476,11.8709,76.4138,91.48,55.72
61,99,1,271.367,11.79,76.4936,90.87,54.06
62,99,1,271.386,11.8376,76.5331,93.17,55.54
63,99,1,271.211,11.8381,76.7051,93.41,55.28
64,99,1,271.537,11.8498,76.4934,93.35,54.67
65,99,1,271.425,11.7894,76.3763,96.61,55.08
66,99,1,271.29,11.7833,76.5239,93.72,54.77
67,99,1,271.489,11.8272,76.4485,94.85,54.85
68,99,1,271.289,11.7875,76.5075,95.55,55.05
69,99,1,271.358,11.8037,76.4636,92.53,54.16
70,99,1,271.391,11.816,76.5177,90.99,52.39
71,99,0,0,0,0,0,52.86
72,99,1,155.263,38.5186,51.5596,91.22,54.46
73,99,1,155.221,38.5516,51.5687,92.23,56.07
74,99,1,155.178,38.57,51.5535,93.19,56
75,99,1,155.327,38.5395,51.546,90.64,55.96
76,99,1,155.291,38.5442,51.5438,93.19,56.37
77,99,1,155.381,38.5364,51.5172,90.82,52.81
78,99,1,291.091,12.6546,62.0327,80.25,51.39
79,99,0,0,0,0,0,51.8
80,99,0,0,0,0,0,55.71
81,99,1,273.956,48.9181,47.6248,86.16,58.12
82,99,1,274.028,48.9162,47.5433,94.36,60.52
83,99,1,274.099,48.8999,47.6052,89.91,60.25
84,99,1,274.186,48.9145,47.5978,87.11,61.53
85,99,1,274.094,48.9047,47.5738,90.19,60.86
86,99,1,274.045,48.8563,47.596,96.08,61.5
87,99,1,274.184,48.9156,47.5799,88.56,61.12
88,99,1,274.076,48.9075,47.5939,91.76,60.05
89,99,1,274.099,48.9354,47.6007,88.54,60.79
90,99,1,274.043,48.9137,47.5463,88.01,61.17
91,99,1,274.12,48.9207,47.5994,90.44,61.06
92,99,1,274.167,48.9252,47.6232,90.03,61.05
93,99,1,274.075,48.9026,47.5411,89.21,60.35
94,99,1,274.017,48.9267,47.5932,95.4,60.59
95,99,1,274.054,48.8903,47.5455,89.52,60.61
96,99,1,274.03,48.9424,47.6046,88.08,61.01
97,99,1,274.177,48.9339,47.5811,94.59,61.27
98,99,1,274.133,48.9421,47.5207,90.83,61.07
99,99,1,274.124,48.9411,47.6056,96.51,60.8
100,99,1,274.076,48.9421,47.603,96.94,60.94
101,99,1,274.142,48.9491,47.6205,88.63,61.38
102,99,1,274.16,48.9116,47.5861,88.59,60.78
103,99,1,274.052,48.915,47.6409,89.56,61.06
104,99,1,274.036,48.9008,47.5561,89.2,61.38
105,99,1,274.17,48.9401,47.6268,95.05,61.88
106,99,1,274.109,48.96,47.635,88.76,61.22
107,99,1,274.074,48.9251,47.5633,96.62,61.01
108,99,1,274.03,48.9266,47.6382,90.57,61.45
109,99,1,274.076,48.9283,47.5606,89.19,60.93
110,99,1,274.136,48.9362,47.5646,89.2,60.64
111,99,1,274.06,48.9465,47.5813,95.57,60.09
112,99,1,274.146,48.9203,47.5048,89.2,60.84
113,99,1,274.105,48.9799,47.6051,88.23,60.52
114,99,1,274.013,48.9431,47.6393,89.87,60.54
115,99,1,274.097,48.9414,47.5571,88.03,61.39
116,99,1,274.096,48.9544,47.5483,97.11,60.61
117,99,1,274.018,48.9512,47.6487,88.5,61.28
118,99,1,274.053,48.949,47.6282,89.85,60.57
119,99,1,274.027,48.9419,47.5884,95.97,60.51
120,99,1,274.041,48.959,47.5889,94.74,61
121,99,1,274.037,48.9549,47.6222,89.58,60.51
122,99,1,274.06,48.976,47.6777,89.58,61.01
123,99,1,274.066,48.9657,47.604,88.66,61.47
124,99,1,274.12,48.9744,47.6156,88.09,61.35
125,99,1,274.121,49.0001,47.5533,88.4,60.78
126,99,1,274.075,48.9929,47.6141,88.47,61.15
127,99,1,274.066,48.9741,47.5879,88.65,61.3
128,99,1,274.115,48.9813,47.5737,89.21,60.84
129,99,1,274.116,48.9988,47.6346,94.76,60.85
130,99,1,274.046,48.9955,47.5745,95.93,61.11
131,99,1,273.995,48.9347,47.6824,93.45,61.46
132,99,1,274.035,48.9594,47.6333,97.48,61.05
133,99,1,274.063,48.9703,47.5951,91.21,60.69
134,99,1,274.018,48.9795,47.5952,89.86,61.19
135,99,1,274.116,48.9706,47.5392,95.75,61.01
136,99,1,273.939,49.0551,47.6651,87.21,60.11
137,99,1,274.03,48.9805,47.6517,90.34,61.75
138,99,1,274.058,48.999,47.554,90.11,60.8
139,99,1,274.121,48.9939,47.5928,89.8,61.07
140,99,1,274.091,49.001,47.5936,90.46,60.49
141,99,1,273.998,48.9788,47.5892,90.33,61.39
142,99,1,274.246,49.0597,47.3119,91.19,61.67
143,99,1,273.991,48.986,47.6503,95.85,60.35
144,99,1,273.98,49.0072,47.6564,92.58,60.01
145,99,1,274.034,49.0006,47.6228,87.42,60.55
146,99,1,274,48.9845,47.6643,88.42,60.86
147,99,1,274.055,49.0054,47.641,89.6,60.64
148,99,1,273.952,49.0142,47.6276,88.6,61.19
149,99,1,274.116,49.0258,47.6251,90.47,60.79
150,99,1,273.805,48.9547,47.627,88.34,61.15
151,99,1,274.004,49.0397,47.6,87.96,60.55
152,99,1,274.091,49.0215,47.6846,86.37,60.7
153,99,1,274.007,49.1059,47.7008,87.68,60.02
154,99,1,274.001,48.9631,47.5486,89.47,60.78
155,99,1,273.997,48.9774,47.5494,91.2,61.17
156,99,1,274.066,49.0008,47.6264,89.37,61.09
157,99,1,273.987,48.9962,47.6097,93.88,59.2
158,99,1,273.988,49.0332,47.5582,90.32,58.72
159,99,1,274.081,49.079,47.4946,87.48,59.1
160,99,0,0,0,0,0,58.57
161,99,0,0,0,0,0,56.95
162,99,1,354.768,11.8384,25.3338,87.3,56.44
163,99,1,354.39,11.939,25.682,92.77,56.62
164,99,1,354.732,11.9081,25.3793,95.29,58.62
165,99,1,354.624,11.8448,25.4173,94.27,58.7
166,99,1,354.556,11.8613,25.4947,94.68,57.85
167,99,1,354.494,11.8435,25.6108,96.28,57.85
168,99,1,354.538,11.9291,25.4876,88.64,57.18
169,99,0,0,0,0,0,56.85
170,99,0,0,0,0,0,56.36
171,99,1,273.834,49.0474,47.7578,84.56,58.41
172,99,1,273.839,49.0377,47.7098,92.44,58.03
173,99,0,0,0,0,0,56.09
174,99,1,278.482,39.9771,55.4278,93.68,58.8
175,99,1,278.518,39.9627,55.4257,92.31,59.09
176,99,1,278.424,39.9884,55.4254,91.97,59.05
177,99,1,278.463,39.9847,55.4252,91.37,59.47
178,99,1,278.477,39.9731,55.3883,93.54,59.55
179,99,1,278.474,39.9416,55.3943,93.23,60.06
180,99,1,278.432,39.9481,55.4229,92.84,60.52
181,99,1,278.465,39.9743,55.4509,93.51,60.13
182,99,1,278.458,39.9727,55.43,93.57,60.26
183,99,1,278.516,39.9897,55.4429,94.18,59.76
184,99,1,278.509,39.9849,55.4145,94,59.65
185,99,1,278.57,40.0151,55.4593,94.14,60.16
186,99,1,278.478,39.9517,55.4091,92.35,60.6
187,99,1,278.509,40.0153,55.3817,94.3,60.33
188,99,1,278.457,39.988,55.4596,93.03,60.28
189,99,1,278.692,40.1004,55.4795,93.08,60.83
190,99,1,278.5,39.9593,55.4262,93.72,59.94
191,99,1,278.577,40.0382,55.4587,91.46,60.21
192,99,1,278.389,40.0166,55.4887,93.36,59.97
193,99,1,278.436,40.0099,55.4921,94.1,60.62
194,99,1,278.522,40.0439,55.4885,92.5,60.02
195,99,1,278.479,40.0519,55.4896,93.12,60.41
196,99,1,278.546,40.0726,55.4462,93.93,59.88
197,99,1,278.464,40.0968,55.4808,95.08,60.58
198,99,1,278.515,40.091,55.4561,94.89,60.65
199,99,1,278.515,40.023,55.4325,93.57,60.1
200,99,1,278.587,40.0842,55.4257,92.84,60.35
201,99,1,278.513,40.0007,55.3699,92.89,59.86
202,99,1,278.482,40.0058,55.4327,94.27,60.08
203,99,1,278.502,40.0477,55.3727,86.43,58.56
204,99,0,0,0,0,0,56.76
205,99,1,177.737,21.5711,5.36183,90.96,56.84
206,99,1,177.5,21.5416,5.51599,90.43,58.17
207,99,1,177.742,21.5298,5.38544,92.62,57.95
208,99,1,177.55,21.534,5.47724,93.16,58.8
209,99,1,177.596,21.519,5.46791,92.23,58.21
210,99,1,177.649,21.5339,5.43808,90.46,58.03
211,99,1,177.534,21.5086,5.47434,90.93,57.56
212,99,1,177.737,21.5498,5.39844,91.9,59.25
213,99,1,177.585,21.5327,5.41052,92.23,58.44
214,99,1,177.535,21.5518,5.49575,93.48,56.04
215,99,1,177.527,21.5531,5.52039,92.26,52.81
216,99,0,0,0,0,0,52.7
217,99,1,66.3773,15.4164,70.3982,79.23,51.48
218,99,1,66.2284,15.4814,70.5328,95.15,53.04
219,99,1,66.4141,15.4513,70.2749,92.67,53.27
220,99,1,66.4608,15.446,70.3641,92.22,54.23
221,99,1,66.5816,15.4107,70.1074,91.2,53.92
222,99,0,0,0,0,0,51.98
223,99,1,186.96,38.7173,81.3562,95.88,56.07
224,99,1,186.953,38.7666,81.2971,93.87,56.2
225,99,1,186.938,38.7707,81.2906,92.4,57.16
226,99,1,186.86,38.6576,81.3493,94.18,56.51
227,99,1,186.936,38.7374,81.3385,93.51,56.19
228,99,1,186.862,38.6026,81.3129,92.3,56.54
229,99,1,186.854,38.727,81.3559,94.07,57.26
230,99,1,187.036,38.6456,81.2718,92.86,56.7
231,99,1,186.919,38.7794,81.3706,92.11,57.87
232,99,1,187.064,38.789,81.233,94.36,57.94
233,99,1,187.057,38.6712,81.2615,93.6,57.72
234,99,1,186.84,38.8289,81.3462,92.71,56.2
235,99,0,0,0,0,0,51.13
236,99,1,66.2895,15.4483,70.4627,92.01,51.43
237,99,1,66.4324,15.4492,70.1919,94.59,53.4
238,99,1,66.4551,15.4267,70.2563,92.29,52.86
239,99,1,66.4819,15.3791,70.095,84.04,53.31
240,99,1,66.5353,15.3713,70.1811,92.22,52.79
241,99,1,66.2472,15.4518,70.403,92.95,52.9
242,99,1,66.3623,15.4359,70.2962,92.28,53.74
243,99,1,66.2176,15.3749,70.4453,87.62,53.95
244,99,1,66.2052,15.3845,70.4168,86.74,53.47
245,99,1,66.4445,15.382,70.2199,89.57,53.12
246,99,1,66.368,15.3768,70.3136,92.67,53.25
247,99,1,66.4778,15.3471,70.2868,91.39,54.19
248,99,1,66.2024,15.3741,70.439,85.95,53.9
249,99,1,66.152,15.4461,70.4768,86.19,53.26
250,99,1,66.3019,15.4292,70.4537,94.3,54.14
251,99,1,66.368,15.373,70.2906,86.64,53.91
252,99,1,66.1612,15.4538,70.5562,86.82,53.35
253,99,1,66.3976,15.3555,70.2979,91.9,47.65
254,99,0,0,0,0,0,36.27
255,99,0,0,0,0,0,36.04
0,100,0,0,0,0,0,35.38
1,100,0,0,0,0,0,35.67
2,100,0,0,0,0,0,51.14
3,100,0,0,0,0,0,52.48
4,100,1,271.167,11.5699,76.646,91.01,40.47
5,100,1,271.43,11.6053,76.5057,92.24,53.01
6,100,1,271.371,11.6546,76.5081,91.79,54.85
7,100,1,271.419,11.6139,76.5144,90.68,54.69
8,100,1,271.488,11.6511,76.383,94.96,54.51
9,100,1,271.496,11.6743,76.47,90.37,54.37
10,100,1,271.532,11.673,76.3589,91.98,53.93
11,100,1,271.409,11.6722,76.4773,93.43,54.19
12,100,1,271.521,11.7028,76.4262,93.29,53.98
13,100,1,271.538,11.6809,76.3316,94.54,54.95
14,100,1,271.269,11.75,76.5478,90.29,54.81
15,100,1,271.351,11.6693,76.502,91.39,54.67
16,100,1,271.282,11.7474,76.5107,93.78,55.14
17,100,1,271.492,11.7317,76.4147,92.56,54.77
18,100,1,271.446,11.6836,76.4058,94.77,54.12
19,100,1,271.414,11.7042,76.4776,93.3,54.12
20,100,1,271.352,11.754,76.4552,94.85,55.15
21,100,1,271.432,11.7534,76.5072,95.73,55.23
22,100,1,271.371,11.7188,76.5162,90.63,54.47
23,100,1,271.49,11.7215,76.4324,93.15,54.57
24,100,1,271.31,11.6895,76.4855,92.37,54.07
25,100,1,271.362,11.7181,76.4845,93.47,54.91
26,100,1,271.455,11.7169,76.4312,94.73,55.17
27,100,1,271.396,11.7396,76.5285,93.94,54.45
28,100,1,271.23,11.7741,76.5814,94.16,55.49
29,100,1,271.479,11.7571,76.4585,94.5,55.4
30,100,1,271.426,11.7412,76.4242,95.68,54.89
31,100,1,271.276,11.7114,76.4977,93.59,55.56
32,100,1,271.285,11.8019,76.4954,91.05,55.56
33,100,1,271.436,11.7197,76.422,92,55
34,100,1,271.369,11.739,76.564,94.45,54.46
35,100,1,271.492,11.7424,76.3803,95.05,54.17
36,100,1,271.461,11.7462,76.4106,94.2,54.76
37,100,1,271.527,11.7522,76.2524,92.14,54.62
38,100,1,271.643,11.7941,76.2865,93.67,55.52
39,100,1,271.258,11.8046,76.6852,92.48,55.09
40,100,1,271.478,11.7613,76.4078,96.36,55.23
41,100,1,271.405,11.7767,76.4733,93.84,54.87
42,100,1,271.449,11.8322,76.4806,94.58,54.87
43,100,1,271.192,11.7663,76.7084,93.47,54.8
44,100,1,271.074,11.8012,76.744,87.75,55.43
45,100,1,271.361,11.7264,76.5539,93.68,54.86
46,100,1,271.373,11.792,76.5016,93.67,54.79
47,100,1,271.301,11.732,76.4515,93.15,55.43
48,100,1,271.248,11.7594,76.5538,94.47,55.09
49,100,1,271.241,11.7929,76.509,90.83,54.68
50,100,1,271.286,11.811,76.6507,97.77,55.46
51,100,1,271.314,11.7784,76.4647,93.31,55.12
52,100,1,271.439,11.8102,76.4865,92.4,54.3
53,100,1,271.321,11.7609,76.4162,93.42,55.21
54,100,1,271.454,11.7989,76.3842,93.36,55.16
55,100,1,271.267,11.7714,76.5198,91.65,54.12
56,100,1,271.49,11.8017,76.4367,95.09,54.85
57,100,1,271.295,11.8221,76.614,95.79,54.66
58,100,1,271.239,11.7936,76.5881,93.63,54.63
59,100,1,271.431,11.821,76.5098,93.83,54.86
60,100,1,271.136,11.7562,76.5499,92.08,55.16
61,100,1,271.465,11.8103,76.4391,92.79,55.32
62,100,1,271.266,11.8588,76.6441,92.24,55.61
63,100,1,271.326,11.8194,76.4494,92.25,55.45
64,100,1,271.392,11.7986,76.4656,95.42,54.15
65,100,1,271.239,11.8041,76.5695,93.34,56.12
66,100,1,271.529,11.7988,76.2394,92.92,55.26
67,100,1,271.167,11.7618,76.6249,93.91,55.44
68,100,1,271.258,11.8079,76.6233,92.81,54.9
69,100,1,271.633,11.806,76.2058,92.47,52.24
70,100,0,0,0,0,0,52.45
71,100,1,155.25,38.5577,51.5857,92.24,54.34
72,100,1,155.195,38.5705,51.5872,91.83,55.71
73,100,1,155.29,38.5663,51.5514,90.78,56.77
74,100,1,155.321,38.5218,51.5185,95.7,57.16
75,100,1,155.309,38.551,51.5135,94.15,56.7
76,100,1,155.366,38.5595,51.4872,92.84,54.62
77,100,0,0,0,0,0,52.6
78,100,1,290.685,12.6284,62.4384,94.94,52.5
79,100,1,290.685,12.5963,62.3419,88.49,51
80,100,0,0,0,0,0,52.83
81,100,0,0,0,0,0,55.68
82,100,1,274.022,48.9022,47.5501,84.81,58.23
83,100,1,274.013,48.9123,47.6102,88.85,60.1
84,100,1,274.129,48.9034,47.5905,89.13,60.52
85,100,1,274.113,48.8905,47.568,88.12,60.68
86,100,1,274.001,48.8794,47.4979,95.17,60.85
87,100,1,274.108,48.9389,47.6079,89.88,60.33
88,100,1,274.074,48.884,47.5842,89.23,59.97
89,100,1,274.075,48.8765,47.5848,87.88,60.89
90,100,1,274.092,48.9098,47.581,90.48,60.06
91,100,1,274.048,48.8843,47.5912,88.43,60.94
92,100,1,274.171,48.8991,47.4431,90.1,60.64
93,100,1,274.086,48.8992,47.5542,95.78,61.4
94,100,1,273.977,48.9157,47.5562,89.52,60.91
95,100,1,274.129,48.8492,47.6271,89.56,60.85
96,100,1,274.08,48.9356,47.6053,94.6,61.38
97,100,1,273.939,48.9159,47.6041,95.39,61.69
98,100,1,274.068,48.9103,47.617,89.88,61
99,100,1,274.094,48.8983,47.5306,90.64,61.25
100,100,1,274.065,48.9125,47.6208,89.8,61.21
101,100,1,274.109,48.9233,47.6151,96.65,61.46
102,100,1,274.079,48.9116,47.609,97.39,60.97
103,100,1,274.06,48.8882,47.4908,88.38,61.37
104,100,1,274.065,48.9092,47.5897,89.93,60.61
105,100,1,274.019,48.9087,47.5578,89.6,60.62
106,100,1,274.055,48.93,47.6309,90.54,61.52
107,100,1,274.088,48.9355,47.6113,89.58,61.76
108,100,1,274.043,48.9235,47.62,89.88,61.6
109,100,1,274.069,48.9247,47.62,95.26,60.65
110,100,1,274.062,48.9305,47.6204,88.3,61.1
111,100,1,274.091,48.9391,47.5529,89.96,61.11
112,100,1,274.048,48.9083,47.567,96.34,61.13
113,100,1,274.034,48.9849,47.6282,94.06,60.25
114,100,1,274.079,48.954,47.5942,89.41,60.66
115,100,1,274.1,48.9732,47.6457,89.61,60.44
116,100,1,274.155,48.9657,47.5384,89.34,60.93
117,100,1,274.046,48.9794,47.6417,90.79,60.85
118,100,1,273.943,48.9263,47.6513,96.9,61.28
119,100,1,273.909,48.9489,47.6259,88.68,61.21
120,100,1,273.999,49.0004,47.6393,89.2,61.22
121,100,1,273.97,48.9228,47.5908,86.48,60.08
122,100,1,274.086,48.9757,47.5886,90.31,61.13
123,100,1,274.088,48.9566,47.5645,89.09,60.81
124,100,1,274.13,48.9749,47.5716,97.09,60.95
125,100,1,274.046,48.9709,47.6412,97.23,61.06
126,100,1,274.071,48.995,47.6074,88.9,60.84
127,100,1,274.054,48.9652,47.5901,95.51,61.04
128,100,1,273.899,48.9823,47.561,88.32,60.96
129,100,1,274.145,48.9801,47.5234,88.38,61.08
130,100,1,274.013,48.9615,47.5434,88.21,60.55
131,100,1,274.1,48.986,47.5673,88.75,60.44
132,100,1,274.029,49.001,47.6258,89.03,61.3
133,100,1,274.026,49.0066,47.6521,91.2,60.83
134,100,1,274.102,49.0152,47.63,88.61,61.47
135,100,1,274.018,48.9807,47.6102,88.3,61.74
136,100,1,274.008,49.0065,47.6273,88.42,60.75
137,100,1,274.09,48.9772,47.5313,88.47,60.42
138,100,1,274.102,49.0212,47.5452,88.51,60.99
139,100,1,274.041,48.9789,47.6382,89.16,60.6
140,100,1,274.096,48.9791,47.6476,87.55,61.12
141,100,1,273.901,49.005,47.5214,86.33,60.87
142,100,1,274.208,49.0061,47.6162,86.99,61.26
143,100,1,274.033,48.9873,47.5865,90.21,60.94
144,100,1,274.057,48.9956,47.5646,88.52,60.67
145,100,1,274.001,48.9714,47.6538,96.37,60.67
146,100,1,274.062,48.9857,47.5912,89.47,60.61
147,100,1,274.006,48.9764,47.6254,89.77,60.86
148,100,1,274.065,48.9949,47.6588,96.26,61.09
149,100,1,273.991,48.9626,47.6523,89.54,60.33
150,100,1,274.005,48.9988,47.6543,89.22,61.21
151,100,1,274.014,48.9887,47.6445,88.83,61.24
152,100,1,273.992,48.993,47.6755,89.54,61.31
153,100,1,273.917,48.987,47.6141,89.39,60.84
154,100,1,274.017,48.989,47.6093,96.88,60.81
155,100,1,274.028,48.9916,47.6536,88.8,60.86
156,100,1,273.992,49.007,47.6721,87.89,61.06
157,100,1,274.011,49.0086,47.6528,89.36,59.99
158,100,1,274.103,49.0458,47.6085,89.32,60.32
159,100,1,274.033,49.0729,47.6576,93.58,59.79
160,100,1,274.041,49.0631,47.5771,94.61,59.05
161,100,1,274.006,49.061,47.599,83.54,57.94
162,100,0,0,0,0,0,55.79
163,100,0,0,0,0,0,57.37
164,100,1,354.742,11.8257,25.3381,88.31,57.11
165,100,1,354.494,11.8502,25.5239,96,57.1
166,100,1,354.525,11.8378,25.5099,95.03,58.33
167,100,1,354.787,11.9228,25.3965,95.95,58.51
168,100,1,354.29,11.9034,25.6749,95.72,57.87
169,100,1,354.174,11.9384,25.926,96.65,57
170,100,1,354.497,11.846,25.5337,88.9,57.05
171,100,0,0,0,0,0,56.88
172,100,0,0,0,0,0,57.03
173,100,0,0,0,0,0,55.33
174,100,1,278.467,39.9887,55.4427,93.11,59.84
175,100,1,278.546,40.0012,55.472,92.43,60.54
176,100,1,278.458,39.9581,55.4576,93.68,60.11
177,100,1,278.454,39.9781,55.462,91.62,59.46
178,100,1,278.495,39.9792,55.4349,92.81,60.18
179,100,1,278.518,40.0245,55.4148,93.64,59.93
180,100,1,278.444,39.9609,55.4512,92.68,59.9
181,100,1,278.479,39.9922,55.4252,92.86,59.76
182,100,1,278.479,39.9957,55.4246,91.59,58.93
183,100,1,278.526,40.0079,55.4305,93.3,59.49
184,100,1,278.46,39.9739,55.4003,93.86,60.11
185,100,1,278.439,39.9896,55.406,93.59,58.54
186,100,1,278.47,39.9567,55.3936,93.55,59.65
187,100,1,278.485,39.9726,55.4174,95.03,59.89
188,100,1,278.447,39.9537,55.4254,94.25,60.04
189,100,1,278.444,39.9748,55.4462,94.68,60.52
190,100,1,278.47,39.9874,55.4168,95.17,60.42
191,100,1,278.607,40.0405,55.4415,94.46,60.25
192,100,1,278.596,40.0517,55.4234,95.13,59.71
193,100,1,278.453,40.0266,55.4884,92,59.69
194,100,1,278.473,40.0165,55.4898,94.15,60.29
195,100,1,278.516,40.0715,55.4381,95.49,60.26
196,100,1,278.577,40.1251,55.4734,93.44,60.64
197,100,1,278.608,40.1339,55.4391,92.62,60.25
198,100,1,278.419,40.0523,55.4518,94.44,60.62
199,100,1,278.634,40.1132,55.458,92.47,60.59
200,100,1,278.612,40.0947,55.4371,93.63,60.76
201,100,1,278.598,40.0352,55.3911,88.58,60.87
202,100,1,278.61,40.1101,55.4734,87.5,58.57
203,100,0,0,0,0,0,56.3
204,100,1,177.769,21.593,5.32165,91.33,57.01
205,100,1,177.499,21.5644,5.55873,91.91,57.52
206,100,1,177.568,21.5489,5.46767,93.44,59.02
207,100,1,177.806,21.5848,5.40195,94.29,59.11
208,100,1,177.573,21.5475,5.46465,94.1,59.15
209,100,1,177.459,21.5353,5.5567,92.54,58.37
210,100,1,177.53,21.5411,5.52553,93.16,58.89
211,100,1,177.492,21.5171,5.50299,92.4,57.57
212,100,1,177.571,21.5497,5.45084,92.88,56.84
213,100,1,177.579,21.5454,5.42476,92.54,55.31
214,100,0,0,0,0,0,52.6
215,100,0,0,0,0,0,52.49
216,100,1,66.3544,15.4459,70.4712,91.26,51.97
217,100,1,66.4187,15.466,70.2932,93.55,52.81
218,100,1,66.5098,15.4172,70.1821,95.42,52.78
219,100,1,66.5709,15.425,70.107,84.66,53.58
220,100,1,66.3718,15.4425,70.2804,91.2,53.06
221,100,1,66.4205,15.4369,70.2752,93.35,54.02
222,100,1,66.2325,15.4968,70.4395,92.79,50.47
223,100,1,187.089,38.7721,81.2502,91.98,54.25
224,100,1,186.935,38.8209,81.3451,92.73,56.82
225,100,1,186.832,38.6947,81.3948,94.7,56.5
226,100,1,186.834,38.7274,81.3213,94.84,56.82
227,100,1,187.187,38.6101,81.2022,95.02,57.08
228,100,1,186.997,38.7303,81.3502,94.73,57.66
229,100,1,186.889,38.7771,81.3091,90.95,57.79
230,100,1,187.042,38.8036,81.2536,94.89,56.89
231,100,1,187.023,38.7893,81.2396,91.6,57.53
232,100,1,186.855,38.7537,81.4461,95.87,57.83
233,100,1,186.932,38.7649,81.3496,94.47,57.75
234,100,1,186.921,38.8361,81.335,92.84,56.61
235,100,0,0,0,0,0,51.8
236,100,1,66.5781,15.3602,70.1533,91.55,52.3
237,100,1,66.414,15.4392,70.3009,92.56,52.6
238,100,1,66.3599,15.4635,70.3026,92.58,53.28
239,100,1,66.4329,15.3488,70.2398,85.95,53.43
240,100,1,66.3788,15.4412,70.2137,92.53,54.13
241,100,1,66.5038,15.3633,70.1342,84.57,52.67
242,100,1,66.1724,15.478,70.4425,83.61,53.11
243,100,1,66.5452,15.352,70.1329,85.41,53.2
244,100,1,66.3262,15.4037,70.2741,86.84,53.47
245,100,1,66.1541,15.441,70.5167,86.09,53.96
246,100,1,66.1829,15.4493,70.4796,92.95,53.56
247,100,1,66.3272,15.3925,70.3408,92.97,54.19
248,100,1,66.3654,15.331,70.3256,85.88,52.68
249,100,1,66.3596,15.4269,70.4051,92.58,53.6
250,100,1,66.1878,15.458,70.4395,91.78,53.7
251,100,1,66.398,15.4397,70.3693,92.26,53.39
252,100,1,66.2704,15.4882,70.4398,92.8,53.01
253,100,1,66.2591,15.4495,70.5308,91.67,47.82
254,100,0,0,0,0,0,36.24
255,100,0,0,0,0,0,35.55
0,101,0,0,0,0,0,34.61
1,101,0,0,0,0,0,34.51
2,101,0,0,0,0,0,34.12
3,101,0,0,0,0,0,51.37
4,101,1,271.258,11.6289,76.6296,92.04,41.82
5,101,1,271.341,11.6339,76.5252,92.58,53.47
6,101,1,271.453,11.6705,76.4888,92.37,53.71
7,101,1,271.464,11.7175,76.4577,90.43,54.53
8,101,1,271.344,11.6364,76.4656,92.68,54.44
9,101,1,271.649,11.7405,76.3613,89.41,54.61
10,101,1,271.499,11.6686,76.442,94.58,55
11,101,1,271.352,11.6678,76.4983,94.57,53.84
12,101,1,271.494,11.6992,76.439,95.03,54.69
13,101,1,271.561,11.7026,76.3702,92.15,53.65
14,101,1,271.639,11.7077,76.2901,90.78,55.57
15,101,1,271.355,11.6857,76.5015,92.59,54.29
16,101,1,271.474,11.6778,76.416,91.1,54.48
17,101,1,271.381,11.6716,76.4555,91.09,53.5
18,101,1,271.525,11.6997,76.3395,92,54.27
19,101,1,271.378,11.7021,76.4849,93.98,55.83
20,101,1,271.405,11.7399,76.4793,90.06,55.88
21,101,1,271.343,11.734,76.4896,92.04,54.68
22,101,1,271.35,11.6936,76.423,93.86,55.64
23,101,1,271.347,11.6627,76.4945,93.28,54.36
24,101,1,271.532,11.7253,76.3574,95.66,55.08
25,101,1,271.275,11.7225,76.6425,94.24,54.92
26,101,1,271.429,11.7502,76.511,96.85,54.76
27,101,1,271.433,11.7382,76.4732,94.44,55.05
28,101,1,271.333,11.7911,76.5419,95.14,54.74
29,101,1,271.358,11.7133,76.4863,92.27,54.79
30,101,1,271.358,11.7577,76.5373,84.83,55.13
31,101,1,271.408,11.7956,76.5391,91.63,55.37
32,101,1,271.349,11.8137,76.5575,93.9,55.85
33,101,1,271.281,11.7306,76.5595,90.73,55.14
34,101,1,271.291,11.7146,76.573,91.02,54.89
35,101,1,271.311,11.7713,76.633,94.41,55.62
36,101,1,271.319,11.7535,76.5211,94.41,55.44
37,101,1,271.209,11.7408,76.5557,93.92,54.24
38,101,1,271.339,11.744,76.5346,92,54.52
39,101,1,271.318,11.7599,76.533,90.51,54.46
40,101,1,271.637,11.7877,76.2435,92.7,54.65
41,101,1,271.321,11.8197,76.5883,93.51,55.68
42,101,1,271.47,11.7951,76.3901,94.01,54.72
43,101,1,271.435,11.7595,76.4311,93.5,54.64
44,101,1,271.303,11.7525,76.5266,93.37,55.43
45,101,1,271.326,11.7492,76.5273,92.62,54.88
46,101,1,271.443,11.7667,76.4225,93.64,54.65
47,101,1,271.416,11.7563,76.3788,94.75,54.8
48,101,1,271.326,11.7842,76.5791,93.41,54.44
49,101,1,271.41,11.8498,76.6205,91.36,54.8
50,101,1,271.35,11.7861,76.5503,93.29,54.48
51,101,1,271.377,11.7786,76.4274,95.4,55.29
52,101,1,271.313,11.7614,76.5378,90.34,54.84
53,101,1,271.387,11.7743,76.4594,92.24,54.75
54,101,1,271.377,11.7811,76.4219,92.22,54.38
55,101,1,271.279,11.7575,76.5725,93.19,53.93
56,101,1,271.335,11.763,76.4956,91.04,54.89
57,101,1,271.403,11.8537,76.4174,92.26,55.28
58,101,1,271.236,11.7443,76.5144,92.94,54.82
59,101,1,271.416,11.7843,76.4083,93.15,54.47
60,101,1,271.141,11.7689,76.6238,93.74,55.25
61,101,1,271.503,11.8744,76.3935,93.68,54.35
62,101,1,271.296,11.8304,76.4845,89.07,55.84
63,101,1,271.433,11.8192,76.507,94.12,54.47
64,101,1,271.269,11.7996,76.552,94.98,54.5
65,101,1,271.126,11.8531,76.7172,86.5,55.82
66,101,1,271.328,11.7842,76.5157,92.49,54.54
67,101,1,271.346,11.7842,76.5402,95.3,54.57
68,101,1,271.574,11.8279,76.4043,93.12,52.78
69,101,0,0,0,0,0,52.16
70,101,1,155.26,38.5696,51.5712,93.35,54.18
71,101,1,155.243,38.583,51.5533,95.16,55.01
72,101,1,155.284,38.5608,51.562,91.65,56.49
73,101,1,155.087,38.5678,51.6114,94.13,56.86
74,101,1,155.235,38.565,51.5508,93.3,56.62
75,101,1,155.26,38.536,51.5285,94.62,55.69
76,101,0,0,0,0,0,52.17
77,101,1,290.613,12.6025,62.3619,90.12,51.87
78,101,1,290.696,12.6435,62.4353,91.79,52.39
79,101,1,290.62,12.6444,62.4162,93.51,52.88
80,101,1,290.809,12.636,62.2488,91.07,52.62
81,101,0,0,0,0,0,51.94
82,101,0,0,0,0,0,54.04
83,101,1,273.974,48.9203,47.5982,93.01,56.61
84,101,1,274.144,48.8857,47.5488,85.76,59.76
85,101,1,274.061,48.8776,47.578,86.72,59.99
86,101,1,274.087,48.8711,47.6011,86.49,60.13
87,101,1,274.012,48.892,47.5675,89.66,60.28
88,101,1,274,48.8978,47.603,88.27,60.74
89,101,1,274.098,48.9056,47.6101,97.29,61.18
90,101,1,274.215,48.9371,47.6433,87.52,61.35
91,101,1,274.01,48.9174,47.5784,87.58,61.21
92,101,1,274.014,48.93,47.6004,88.61,61.08
93,101,1,274.125,48.9049,47.5453,90.7,60.39
94,101,1,274.162,48.857,47.6444,95.09,60.8
95,101,1,274.026,48.9188,47.5878,95.45,60.22
96,101,1,274.099,48.8382,47.547,95.54,61.05
97,101,1,274.052,48.8886,47.6172,89.79,60.92
98,101,1,274.071,48.8933,47.6185,90.26,61.12
99,101,1,274.067,48.9242,47.6151,87.28,61.79
100,101,1,274.054,48.9422,47.6292,89.2,61.14
101,101,1,274.022,48.905,47.6254,89.83,60.88
102,101,1,274.041,48.9353,47.5341,89.89,60.8
103,101,1,274.127,48.8578,47.6667,96.16,61.24
104,101,1,274.199,48.9151,47.5887,87.4,61.16
105,101,1,274.097,48.924,47.6011,88.96,60.66
106,101,1,274.051,48.9471,47.6044,93.87,61.21
107,101,1,274.186,48.8973,47.5611,96.42,61.89
108,101,1,274.138,48.9413,47.6196,96.27,61.33
109,101,1,274.13,48.939,47.6507,89.69,60.62
110,101,1,274.078,48.9226,47.5098,90.26,61.35
111,101,1,274.161,48.9572,47.6346,95.69,61.04
112,101,1,274.102,48.9934,47.6055,94.47,61
113,101,1,274.087,48.9391,47.5721,88.75,61.54
114,101,1,274.104,48.943,47.6437,94.36,61.82
115,101,1,274.075,48.9463,47.632,98,60.62
116,101,1,274.009,48.9098,47.542,88.21,60.77
117,101,1,274.064,48.9661,47.6069,89.03,61.82
118,101,1,273.955,48.971,47.6732,87.72,60.79
119,101,1,274.095,48.9386,47.6318,89.45,60.87
120,101,1,274.035,48.9663,47.6354,95.91,60.6
121,101,1,274.052,48.9986,47.6246,95.74,60.7
122,101,1,274.019,48.9135,47.6265,90.52,61.48
123,101,1,274.076,48.9526,47.552,89.58,60.62
124,101,1,274.03,48.982,47.6223,90.44,61.75
125,101,1,274.094,48.9753,47.6087,89.76,61.22
126,101,1,274.097,48.9892,47.5675,89.22,61.39
127,101,1,274.019,48.9255,47.5527,88.01,60.83
128,101,1,274.083,48.9814,47.6368,90.26,61.51
129,101,1,273.984,48.972,47.6649,89.17,61.95
130,101,1,273.97,48.9739,47.606,89.75,61.42
131,101,1,274.089,48.9886,47.6261,89.19,61.28
132,101,1,274.014,48.9544,47.5876,89.58,60.7
133,101,1,274.06,49.009,47.5549,88.44,60.69
134,101,1,274.008,48.9367,47.6361,89.74,60.53
135,101,1,274.048,48.973,47.6367,96.15,60.94
136,101,1,274.06,48.9884,47.5924,89.42,60.25
137,101,1,274.028,48.9744,47.5531,87.48,61.16
138,101,1,273.914,48.9962,47.6931,87.96,61.47
139,101,1,274.122,49.0196,47.5767,90.69,60.77
140,101,1,274.143,49.0171,47.6436,95.93,62.07
141,101,1,274.097,49.0118,47.5552,95.07,61.06
142,101,1,274.001,48.9625,47.6381,89.53,61.18
143,101,1,274.057,49.0045,47.5616,89.73,60.61
144,101,1,274.022,49.0009,47.6284,89.4,61.09
145,101,1,274.003,48.9747,47.6509,96.76,60.47
146,101,1,273.964,49.024,47.6251,89.8,60.7
147,101,1,274.065,49.0241,47.6517,88.55,61.38
148,101,1,274.081,49.0311,47.658,89.54,61.29
149,101,1,274.065,49.025,47.6626,89.38,60.63
150,101,1,274.037,49.0157,47.6151,88.38,60.73
151,101,1,273.984,48.9639,47.5877,88.52,61.11
152,101,1,274.047,49.0047,47.5985,90.2,61.38
153,101,1,274.027,49.0074,47.6193,89.97,60.39
154,101,1,273.966,49,47.6309,95.81,61.62
155,101,1,274.193,48.9725,47.584,95.94,61.54
156,101,1,273.965,49.0108,47.6486,89.29,61.42
157,101,1,273.993,49.0276,47.7258,87.56,61.04
158,101,1,273.995,49.0412,47.6267,93.22,60.59
159,101,1,273.981,49.0524,47.5723,88.56,60.31
160,101,1,273.966,49.0451,47.6457,93.7,61.67
161,101,1,273.956,48.9912,47.631,88.27,60.92
162,101,1,274.029,49.0816,47.662,88.11,60.2
163,101,1,273.928,49.0393,47.6139,94.66,57.41
164,101,0,0,0,0,0,57.97
165,101,0,0,0,0,0,56.37
166,101,0,0,0,0,0,57.1
167,101,1,354.34,11.908,25.8206,86.84,57.28
168,101,1,354.584,11.8348,25.4645,95.61,58.3
169,101,1,354.485,11.8453,25.6248,95.23,58.9
170,101,1,354.538,11.8446,25.4904,96.47,58.93
171,101,1,354.271,11.8816,25.844,96.93,58.01
172,101,1,354.271,11.8977,25.7319,90.42,57.15
173,101,0,0,0,0,0,54.79
174,101,1,278.437,39.9275,55.4234,94.01,59.04
175,101,1,278.464,39.9994,55.4421,92.45,58.34
176,101,1,278.433,39.9444,55.4221,92.16,59.78
177,101,1,278.538,40.0232,55.4673,92.44,60.03
178,101,1,278.449,39.9882,55.4408,92.83,59.68
179,101,1,278.425,39.9756,55.4533,91.98,59.08
180,101,1,278.461,39.9874,55.4497,90.3,59.24
181,101,1,278.466,40.0001,55.4327,91.41,59.73
182,101,1,278.47,40.0081,55.4302,94.14,59.25
183,101,1,278.449,39.9666,55.4172,94.33,60.03
184,101,1,278.647,40.0395,55.4607,94.03,59.92
185,101,1,278.474,39.9957,55.4715,93.13,60.52
186,101,1,278.519,39.9676,55.3977,93.31,60.22
187,101,1,278.447,39.9657,55.3718,94.24,60.04
188,101,1,278.498,39.9905,55.4261,91.95,59.55
189,101,1,278.506,40.0097,55.4316,94.33,59.66
190,101,1,278.5,40.0126,55.4319,91.98,59.46
191,101,1,278.587,40.061,55.4617,95.51,60.47
192,101,1,278.438,40.0107,55.465,93.79,59.59
193,101,1,278.576,40.07,55.4758,94.83,61.12
194,101,1,278.475,40.0339,55.4564,93.67,59.73
195,101,1,278.569,40.0958,55.4444,94.83,60.54
196,101,1,278.504,40.0522,55.4362,93.75,60.32
197,101,1,278.477,40.0795,55.4376,93.16,61.21
198,101,1,278.543,40.0732,55.3917,95.85,60.71
199,101,1,278.424,40.0639,55.4433,92.23,59.35
200,101,1,278.417,40.0061,55.4214,93.74,59.74
201,101,1,278.564,40.122,55.4857,91.06,57.81
202,101,0,0,0,0,0,56.88
203,101,1,177.637,21.5575,5.4452,90.88,56.92
204,101,1,177.603,21.5105,5.46296,93.17,57.71
205,101,1,177.616,21.5327,5.4468,93.13,58.23
206,101,1,177.685,21.5512,5.4192,93.86,58.58
207,101,1,177.785,21.5709,5.38413,91.04,59.27
208,101,1,177.612,21.4898,5.42019,93.76,58.87
209,101,1,177.555,21.5066,5.49914,93.13,58.33
210,101,1,177.604,21.5663,5.49446,92.65,57.16
211,101,1,177.722,21.5811,5.34792,91.72,54.14
212,101,0,0,0,0,0,52.28
213,101,0,0,0,0,0,51.79
214,101,1,66.3488,15.4287,70.343,81.13,50.92
215,101,1,66.2715,15.4963,70.456,92.03,52.47
216,101,1,66.5218,15.425,70.1158,92.48,51.86
217,101,1,66.4405,15.4284,70.1617,94.23,52.87
218,101,1,66.3899,15.459,70.3084,91.19,52.86
219,101,1,66.5204,15.379,70.2463,86.04,53.92
220,101,1,66.198,15.4905,70.5382,87,52.88
221,101,1,66.3866,15.4893,70.2112,94.1,53.43
222,101,1,66.293,15.4855,70.3045,91.75,52.21
223,101,0,0,0,0,0,53.72
224,101,1,186.786,38.8342,81.4052,92.56,55.7
225,101,1,186.884,38.7607,81.3305,94.29,56.9
226,101,1,187.057,38.6443,81.2918,94.95,58.01
227,101,1,187.061,38.6961,81.2828,92.55,55.97
228,101,1,186.965,38.7777,81.2749,93.89,56.84
229,101,1,186.924,38.7863,81.3634,92.71,57.92
230,101,1,186.908,38.8329,81.3582,92.99,57.63
231,101,1,186.878,38.8567,81.436,92.72,57.89
232,101,1,186.9,38.7946,81.3724,92.49,58.21
233,101,1,186.869,38.8279,81.3613,93.63,57.16
234,101,1,186.998,38.6766,81.2871,96.93,57.36
235,101,0,0,0,0,0,53.46
236,101,1,66.4826,15.3806,70.2595,85.72,52.09
237,101,1,66.1796,15.4519,70.5154,88.14,53.02
238,101,1,66.5059,15.4437,70.1537,90.17,53.23
239,101,1,66.5252,15.3805,70.1188,93.57,53.42
240,101,1,66.2518,15.4359,70.4316,94.12,53.97
241,101,1,66.5895,15.3317,70.1702,83.11,53.55
242,101,1,66.297,15.4597,70.3284,91.5,54.33
243,101,1,66.3215,15.395,70.2988,85.44,53.55
244,101,1,66.429,15.3688,70.3328,84.57,53.43
245,101,1,66.3602,15.4203,70.3316,93.29,54.37
246,101,1,66.3733,15.3699,70.3112,85.01,52.85
247,101,1,66.4081,15.3479,70.221,85.04,53.22
248,101,1,66.3674,15.405,70.3268,93.29,53.96
249,101,1,66.422,15.3657,70.2116,85.1,52.58
250,101,1,66.2806,15.5265,70.3891,84.64,52.78
251,101,1,66.2713,15.6174,70.5574,93.34,50.06
252,101,1,66.2691,15.6282,70.4975,91.31,50.45
253,101,1,66.1753,15.5207,70.4348,93.02,45.73
254,101,0,0,0,0,0,35.62
255,101,0,0,0,0,0,35.51
0,102,0,0,0,0,0,34.94
1,102,0,0,0,0,0,32.64
2,102,0,0,0,0,0,46.33
3,102,2,190.846,45.542,66.4339,30.47,50.54
4,102,1,271.279,11.6522,76.5064,90.32,41.54
5,102,1,271.375,11.6425,76.507,94.64,53.22
6,102,1,271.462,11.6566,76.4345,94.53,54.29
7,102,1,271.327,11.6346,76.5207,93.51,53.86
8,102,1,271.351,11.6821,76.5562,92.16,55.14
9,102,1,271.362,11.6292,76.5877,91.96,54.73
10,102,1,271.79,11.723,76.1625,92.71,54.13
11,102,1,271.362,11.6743,76.5577,91.87,54.76
12,102,1,271.544,11.6763,76.3767,89.53,54.06
13,102,1,271.484,11.6862,76.3471,93.81,52.91
14,102,1,271.415,11.6813,76.4601,90.66,54.2
15,102,1,271.454,11.6931,76.3887,97.01,54.52
16,102,1,271.477,11.703,76.4623,90.17,55.22
17,102,1,271.456,11.732,76.4812,93.05,54.63
18,102,1,271.275,11.6878,76.6337,90.89,54.15
19,102,1,271.656,11.7496,76.2087,90.91,55.45
20,102,1,271.357,11.6936,76.4366,92.66,54.39
21,102,1,271.384,11.7987,76.5432,93.69,55.53
22,102,1,271.368,11.7392,76.4829,94,55.28
23,102,1,271.421,11.6948,76.4656,92.49,54.69
24,102,1,271.549,11.7615,76.2972,95.04,54.84
25,102,1,271.342,11.7009,76.5245,92.06,54.42
26,102,1,271.386,11.7794,76.5243,93.39,55.62
27,102,1,271.416,11.7321,76.5222,93.31,55.87
28,102,1,271.457,11.7122,76.4049,91.25,54.58
29,102,1,271.447,11.7523,76.3927,91.2,54.77
30,102,1,271.382,11.7185,76.4453,92.63,55.08
31,102,1,271.206,11.7841,76.6795,91.1,55.12
32,102,1,271.372,11.7408,76.6397,93.84,54.68
33,102,1,271.331,11.7195,76.5493,92.98,54.75
34,102,1,271.414,11.7289,76.4068,91.44,54.36
35,102,1,271.311,11.7613,76.5595,95.05,55.03
36,102,1,271.442,11.759,76.4307,93.05,54.25
37,102,1,271.285,11.744,76.5028,93.82,55.85
38,102,1,271.396,11.7525,76.4398,90.67,54.25
39,102,1,271.307,11.7462,76.5852,93.37,54.64
40,102,1,271.682,11.8093,76.2058,91.1,54.64
41,102,1,271.229,11.7484,76.6656,93.91,55.83
42,102,1,271.477,11.7739,76.4302,90.25,55.94
43,102,1,271.282,11.7384,76.4972,94.19,55.24
44,102,1,271.246,11.7557,76.5278,93.42,55.07
45,102,1,271.339,11.8552,76.6146,92.61,55.41
46,102,1,271.552,11.8427,76.3518,92.36,55.45
47,102,1,271.389,11.7628,76.5439,94.11,54.93
48,102,1,271.282,11.7389,76.4608,91.87,54.96
49,102,1,271.251,11.7499,76.5297,92.89,54.49
50,102,1,271.352,11.7967,76.503,91.73,55.43
51,102,1,271.259,11.7793,76.5669,93.89,55.36
52,102,1,271.362,11.7732,76.4842,93.37,54.27
53,102,1,271.305,11.8068,76.6445,93.35,54.31
54,102,1,271.472,11.8153,76.4677,94.49,55.39
55,102,1,271.352,11.8459,76.5298,94.01,55.18
56,102,1,271.36,11.7762,76.5229,91.93,54.5
57,102,1,271.503,11.8175,76.3358,92.09,54.82
58,102,1,271.556,11.8458,76.3871,89.34,54.66
59,102,1,271.234,11.8005,76.5886,93.11,54.97
60,102,1,271.223,11.8083,76.64,94.96,55.14
61,102,1,271.154,11.8482,76.6178,91.93,55.07
62,102,1,271.471,11.8102,76.4337,95.94,54.28
63,102,1,271.304,11.8431,76.5715,90.96,55.67
64,102,1,271.458,11.8526,76.3893,92.73,55.52
65,102,1,271.407,11.8226,76.5158,94,54.87
66,102,1,271.308,11.8157,76.6437,90.8,54.09
67,102,1,271.351,11.8056,76.5054,92.65,52.53
68,102,0,0,0,0,0,49.58
69,102,1,155.183,38.5636,51.6003,84.16,54.26
70,102,1,155.302,38.5304,51.5592,91.39,55.17
71,102,1,155.242,38.5347,51.56,93.24,56.57
72,102,1,155.299,38.5454,51.5297,91.9,56.6
73,102,1,155.067,38.5646,51.6134,91.88,56.85
74,102,1,155.277,38.5348,51.5336,92.43,55.67
75,102,0,0,0,0,0,53.57
76,102,1,290.689,12.6075,62.3979,92.09,52.02
77,102,1,290.695,12.6236,62.3675,90.03,51.94
78,102,1,290.659,12.6351,62.4498,94.03,51.77
79,102,1,290.721,12.6643,62.4409,89.64,52.66
80,102,1,290.454,12.6375,62.6779,92.74,53.19
81,102,1,290.542,12.5866,62.4683,89.66,53.14
82,102,1,290.725,12.5967,62.3208,88.01,50.82
83,102,0,0,0,0,0,53.71
84,102,1,273.952,48.935,47.6207,82.93,56.01
85,102,1,274.019,48.9434,47.6042,92.36,57.57
86,102,1,274.035,48.9149,47.5768,87.36,60.79
87,102,1,274.112,48.8959,47.5875,88.22,60.8
88,102,1,274.089,48.9221,47.6205,88.7,61.27
89,102,1,274.114,48.9009,47.6145,96.6,60.94
90,102,1,274.074,48.9135,47.5982,89.7,60.64
91,102,1,274.14,48.8972,47.6085,89.8,60.67
92,102,1,273.987,48.9158,47.648,88.35,60.98
93,102,1,274.193,48.9305,47.5899,95.17,61.3
94,102,1,274.087,48.9195,47.613,97.1,60.81
95,102,1,274.119,48.8801,47.6151,87.52,60.77
96,102,1,274.013,48.9068,47.5917,88.17,60.31
97,102,1,274.087,48.9286,47.5763,95.73,60.52
98,102,1,274.121,48.8843,47.6102,90.23,61.15
99,102,1,274.108,48.9321,47.613,89.09,61.03
100,102,1,274.076,48.9131,47.6441,90.88,60.96
101,102,1,274.098,48.9607,47.5961,95.45,60.96
102,102,1,274.029,48.892,47.4563,88.63,60.68
103,102,1,274.071,48.9117,47.6117,88.94,61.8
104,102,1,274.111,48.8979,47.5015,89.55,61.23
105,102,1,274.085,48.9275,47.5035,89.22,61.49
106,102,1,274.018,48.9234,47.5079,86.95,61.1
107,102,1,273.982,48.9001,47.6204,86.66,60.88
108,102,1,274.077,48.9126,47.5526,86.93,60.26
109,102,1,274.083,48.9314,47.6247,98.51,61.69
110,102,1,274.022,48.901,47.5947,88.87,60.87
111,102,1,274.091,48.9188,47.6156,95.52,61.83
112,102,1,273.961,48.9442,47.6425,96.14,61.84
113,102,1,274.029,48.937,47.5938,90.73,60.86
114,102,1,273.982,48.9544,47.6177,89.36,62.17
115,102,1,274.137,48.8899,47.6044,94.54,61.85
116,102,1,274.12,48.9746,47.6364,94.39,60.71
117,102,1,274.065,48.9393,47.5237,88.38,61.17
118,102,1,274.113,48.9596,47.6156,89.34,61.52
119,102,1,274.047,48.972,47.6162,89.01,60.92
120,102,1,274.077,48.9592,47.6213,88.56,60.96
121,102,1,274.016,48.9711,47.6031,89.23,60.48
122,102,1,274.026,48.9612,47.6337,88.3,61.36
123,102,1,274.042,48.9796,47.6358,89.74,60.56
124,102,1,274.106,48.9816,47.5489,88.52,61.03
125,102,1,274.185,48.9128,47.5463,88.03,61.12
126,102,1,274.055,48.9753,47.6179,90.51,60.84
127,102,1,273.929,48.988,47.6722,88.13,60.34
128,102,1,274.059,48.9584,47.6524,88.96,61.13
129,102,1,274.048,48.9919,47.6001,90.43,61.03
130,102,1,274.038,48.9888,47.6227,87.23,61.14
131,102,1,274.107,49.0013,47.5811,90.97,60.76
132,102,1,274.091,48.9836,47.5786,90.35,61.56
133,102,1,273.979,48.9422,47.5579,89.19,61.08
134,102,1,274.078,48.9809,47.5233,89.04,61.04
135,102,1,274.005,48.9839,47.6277,86.24,61.02
136,102,1,273.908,48.9904,47.6071,88.41,60.54
137,102,1,274.062,48.9784,47.6416,95.73,61.53
138,102,1,274.106,49.0143,47.5415,89.21,61.01
139,102,1,274.132,48.9976,47.652,87.76,61.11
140,102,1,274.123,48.9421,47.6193,89.77,60.52
141,102,1,273.963,48.9601,47.631,89.34,60.83
142,102,1,274.048,49.0418,47.5967,88.89,60.66
143,102,1,273.991,48.9886,47.6798,90.18,61.29
144,102,1,274.039,48.9964,47.6364,88.62,60.9
145,102,1,273.987,48.997,47.6306,96.11,60.5
146,102,1,274.045,49.0168,47.6533,90.49,61.62
147,102,1,273.965,49.0314,47.6234,87.73,61.22
148,102,1,274.071,48.9701,47.6132,89.1,61.62
149,102,1,273.98,48.9947,47.6629,88.01,61.34
150,102,1,274.03,48.9944,47.6586,96.89,61.31
151,102,1,273.932,48.9838,47.6714,88.96,61.59
152,102,1,274.077,49.0223,47.6657,88.17,61.42
153,102,1,274.158,49.0224,47.6408,88.04,60.24
154,102,1,273.926,49.0267,47.6635,87.88,60.27
155,102,1,273.902,49.0137,47.6732,89.15,61.34
156,102,1,274.04,49.0145,47.6602,89.35,61.52
157,102,1,274.032,49.0126,47.5878,87.15,61.2
158,102,1,273.986,48.9994,47.6616,89.2,59.9
159,102,1,274.081,49.059,47.6807,89.17,60.28
160,102,1,274.039,49.0312,47.5975,97.14,60.45
161,102,1,273.937,49.0036,47.6562,88.97,60.43
162,102,1,274.158,49.05,47.6651,94.85,61.81
163,102,1,274.077,49.0632,47.6116,89.3,60.77
164,102,1,273.969,49.0252,47.6651,94.17,60.01
165,102,1,274.043,49.0649,47.5048,93.55,59.37
166,102,0,0,0,0,0,57.94
167,102,0,0,0,0,0,57.33
168,102,0,0,0,0,0,57.69
169,102,1,354.392,11.9648,25.7287,92.74,58.26
170,102,1,354.374,11.8415,25.6566,93.87,57.34
171,102,1,354.598,11.8296,25.4342,96.15,58.12
172,102,1,354.457,11.8243,25.5898,94.85,57.94
173,102,0,0,0,0,0,56.34
174,102,1,278.583,39.9981,55.4235,93.67,59.45
175,102,1,278.436,39.967,55.4343,93.77,60.01
176,102,1,278.404,39.9425,55.4376,93.84,59.86
177,102,1,278.454,39.973,55.4174,92.34,59.52
178,102,1,278.437,39.9637,55.4353,94.99,60.34
179,102,1,278.485,39.9783,55.439,94.01,59.92
180,102,1,278.448,39.9927,55.4204,93.77,59.97
181,102,1,278.465,39.9724,55.4437,92.64,60.37
182,102,1,278.612,40.0527,55.4319,93.88,59.43
183,102,1,278.454,40.0217,55.4224,94.49,59.54
184,102,1,278.422,39.9848,55.4467,92.41,59.81
185,102,1,278.545,39.9652,55.4688,93.69,60.05
186,102,1,278.496,39.99,55.4453,94.75,59.91
187,102,1,278.57,40.0232,55.4242,93.49,60.1
188,102,1,278.429,40.0067,55.4746,92.95,59.91
189,102,1,278.484,39.9854,55.4137,92.46,60.19
190,102,1,278.54,39.9824,55.4129,92.45,60.27
191,102,1,278.543,40.0724,55.4378,93.35,60.24
192,102,1,278.528,40.0327,55.4358,93.45,60.74
193,102,1,278.49,40.045,55.462,92.24,60.39
194,102,1,278.562,40.0722,55.4696,93.71,60.33
195,102,1,278.546,40.0225,55.4162,94.38,60.81
196,102,1,278.488,40.0726,55.4526,91.27,59.52
197,102,1,278.571,40.0923,55.4195,94.76,60.91
198,102,1,278.509,40.0856,55.4421,93.53,60.38
199,102,1,278.443,40.0832,55.4579,92.89,59.54
200,102,1,278.573,40.1247,55.4897,92.38,58.4
201,102,0,0,0,0,0,57.16
202,102,1,177.601,21.5552,5.44987,91.76,57.81
203,102,1,177.666,21.5397,5.46445,90.7,57.56
204,102,1,177.621,21.5648,5.45972,91.45,58.45
205,102,1,177.583,21.508,5.48738,92.71,58.72
206,102,1,177.539,21.5437,5.50507,93.92,58.57
207,102,1,177.546,21.548,5.50547,95.75,58.52
208,102,1,177.471,21.5404,5.52839,91.79,57.47
209,102,1,177.417,21.5478,5.54864,92.75,55.32
210,102,0,0,0,0,0,53.46
211,102,0,0,0,0,0,51.62
212,102,0,0,0,0,0,51.07
213,102,1,66.4027,15.481,70.2949,92.96,51.72
214,102,1,66.3423,15.4903,70.302,91.74,52.68
215,102,1,66.4056,15.4874,70.2289,91.88,52.99
216,102,1,66.5437,15.4135,70.1532,83.96,54.64
217,102,1,66.5392,15.3945,70.1655,86.59,53.57
218,102,1,66.4848,15.4359,70.125,94.03,52.97
219,102,1,66.213,15.4955,70.4495,84.05,53
220,102,1,66.4407,15.4725,70.2269,93.46,54.11
221,102,1,66.1593,15.4816,70.4473,82.77,52.88
222,102,1,66.4544,15.4081,70.1462,84.15,52.62
223,102,0,0,0,0,0,52.37
224,102,1,187.029,38.736,81.3322,95.12,55.45
225,102,1,186.981,38.7937,81.3603,94.01,56.8
226,102,1,186.911,38.7661,81.3051,94.07,56.58
227,102,1,187.109,38.8383,81.3041,93.74,57.56
228,102,1,186.889,38.6451,81.3014,92.5,56.68
229,102,1,186.896,38.686,81.3497,93.25,57.55
230,102,1,186.926,38.6988,81.331,94.27,57.27
231,102,1,186.951,38.8184,81.3726,96.2,57.86
232,102,1,187.006,38.7855,81.3034,91.04,57.97
233,102,1,187.068,38.6505,81.2745,95.86,57.34
234,102,1,186.942,38.8146,81.3344,96,57
235,102,1,187.188,38.7449,81.1893,86.76,53.51
236,102,1,66.5158,15.4241,70.0383,90.79,52.7
237,102,1,66.3698,15.4318,70.359,92.38,53.42
238,102,1,66.536,15.3876,70.1473,94.26,52.84
239,102,1,66.4443,15.3823,70.2203,92.93,53.34
240,102,1,66.405,15.419,70.376,91.74,54.09
241,102,1,66.3743,15.4211,70.2962,92.16,54.26
242,102,1,66.1854,15.4565,70.3858,94.5,53.53
243,102,1,66.4738,15.3868,70.1774,92.23,53.51
244,102,1,66.2509,15.4452,70.4201,86.1,53.53
245,102,1,66.385,15.382,70.2935,84.92,53.54
246,102,1,66.4165,15.4137,70.3257,93.2,53.24
247,102,1,66.1219,15.4636,70.5229,86.49,54.09
248,102,1,66.2833,15.4285,70.4348,85.78,53.6
249,102,1,66.3439,15.4283,70.3128,94.03,52.49
250,102,1,66.2011,15.5933,70.3998,85.38,51.43
251,102,0,0,0,0,0,47.56
252,102,1,66.1986,16.2788,69.7268,64.68,48.87
253,102,1,66.0018,15.6314,70.7376,83.38,44.6
254,102,0,0,0,0,0,35.45
255,102,0,0,0,0,0,35.93
0,103,0,0,0,0,0,34.84
1,103,0,0,0,0,0,32.93
2,103,0,0,0,0,0,47.92
3,103,0,0,0,0,0,51.38
4,103,1,270.622,11.5287,77.1395,90.63,66.42
5,103,1,271.349,11.6547,76.5121,93.11,53.08
6,103,1,271.523,11.6846,76.4323,96.72,55.15
7,103,1,271.416,11.6305,76.4509,94.57,53.58
8,103,1,271.353,11.6185,76.4428,94.93,54.67
9,103,1,271.247,11.6669,76.5914,92.94,54.65
10,103,1,271.698,11.7093,76.23,91.93,54.92
11,103,1,271.477,11.6429,76.4411,93.8,54.58
12,103,1,271.559,11.682,76.3852,92.06,52.03
13,103,1,271.667,11.7244,76.2766,85.77,49.97
14,103,1,271.52,11.696,76.364,92.28,51.74
15,103,1,271.523,11.707,76.3956,93.52,53.78
16,103,1,271.31,11.7479,76.5253,91.42,55.39
17,103,1,271.292,11.7158,76.5836,93.94,54.68
18,103,1,271.264,11.6505,76.602,91.65,54.6
19,103,1,271.188,11.7621,76.5604,90.24,55.04
20,103,1,271.255,11.6838,76.6022,92.72,55.11
21,103,1,271.362,11.7141,76.5257,92.64,54.57
22,103,1,271.367,11.7165,76.5883,93.62,54.45
23,103,1,271.373,11.6928,76.4953,92.35,54.64
24,103,1,271.393,11.7613,76.467,93.95,55.2
25,103,1,271.345,11.7294,76.5455,94.3,54.39
26,103,1,271.312,11.7108,76.5651,94.63,54.92
27,103,1,271.133,11.7956,76.6705,83.97,55.6
28,103,1,271.354,11.7089,76.4788,93.21,54.61
29,103,1,271.334,11.6703,76.5648,91.26,54.77
30,103,1,271.424,11.711,76.4012,92.89,54.36
31,103,1,271.352,11.7303,76.544,93.95,54.72
32,103,1,271.395,11.7221,76.4461,94,54.6
33,103,1,271.303,11.723,76.5664,94.03,55.06
34,103,1,271.307,11.7419,76.5989,93.45,55.44
35,103,1,271.369,11.8054,76.5388,93.39,55.3
36,103,1,271.414,11.7553,76.5385,94,54.65
37,103,1,271.371,11.831,76.6094,93.56,56.21
38,103,1,271.29,11.7591,76.5441,94.28,55.46
39,103,1,271.358,11.8319,76.5252,93.2,55.4
40,103,1,271.377,11.7579,76.4922,92.07,54.72
41,103,1,271.309,11.7437,76.5834,92.57,54.65
42,103,1,271.315,11.7529,76.5484,94.71,54.87
43,103,1,271.342,11.7796,76.5545,93.65,54.99
44,103,1,271.291,11.771,76.5531,94.56,55.57
45,103,1,271.306,11.7406,76.4804,93.12,54.68
46,103,1,271.386,11.7616,76.4386,92.88,54.47
47,103,1,271.371,11.8286,76.5236,94.6,54.75
48,103,1,271.281,11.7793,76.584,94.23,55.03
49,103,1,271.385,11.8236,76.4321,93.08,54.73
50,103,1,271.37,11.7938,76.5231,95.31,55.44
51,103,1,271.317,11.7798,76.594,94.37,54.06
52,103,1,271.404,11.8067,76.5387,92.73,55.61
53,103,1,271.275,11.8084,76.6375,93.9,54.74
54,103,1,271.316,11.7707,76.5577,91.04,54.55
55,103,1,271.33,11.7884,76.5142,93.26,55.62
56,103,1,271.404,11.781,76.4587,92.67,54.1
57,103,1,271.275,11.727,76.5715,93.91,55.12
58,103,1,271.505,11.862,76.4135,91.89,55.08
59,103,1,271.204,11.7937,76.5633,91.62,54.82
60,103,1,271.33,11.8061,76.515,91.77,55.17
61,103,1,271.271,11.867,76.5683,92.24,55.32
62,103,1,271.379,11.8585,76.4975,91.08,55.27
63,103,1,271.528,11.8745,76.4251,90.83,54.78
64,103,1,271.419,11.7833,76.5221,96.22,54.59
65,103,1,271.399,11.837,76.4834,93.6,54.89
66,103,1,271.32,11.8075,76.5737,91.66,53.04
67,103,1,271.354,11.6969,76.475,91.7,51.22
68,103,1,155.39,38.5686,51.511,86.37,53.22
69,103,1,155.083,38.5861,51.6202,91.82,54.94
70,103,1,155.159,38.5848,51.5875,94,56.18
71,103,1,155.171,38.5613,51.5639,92.85,56.44
72,103,1,155.23,38.5604,51.559,93.98,55.73
73,103,1,155.301,38.5588,51.5308,92.58,55.35
74,103,1,155.198,38.5532,51.5384,86.61,53.88
75,103,1,290.734,12.6697,62.4586,86.5,51.96
76,103,1,290.628,12.6601,62.4882,92.24,52.51
77,103,1,290.39,12.6099,62.6569,92.56,52.95
78,103,1,290.491,12.6468,62.6364,93.66,52.59
79,103,1,290.434,12.6183,62.6817,91.97,53.09
80,103,1,290.59,12.6149,62.5091,91.96,52.58
81,103,1,290.577,12.6333,62.5374,94.24,52.75
82,103,1,290.697,12.6336,62.3987,90.54,52.93
83,103,1,290.695,12.6117,62.4012,88.96,51.6
84,103,0,0,0,0,0,53.25
85,103,0,0,0,0,0,54.38
86,103,1,273.952,48.9411,47.6174,86.1,57.14
87,103,1,274.062,48.9458,47.568,85.01,58.6
88,103,1,274.135,48.9296,47.6269,88.35,60.34
89,103,1,274.138,48.8672,47.6231,87.49,61.51
90,103,1,274.043,48.9167,47.622,89.95,60.16
91,103,1,274.085,48.9127,47.664,87.86,60.92
92,103,1,274.177,48.9051,47.5614,87.68,60.66
93,103,1,273.962,48.8863,47.5926,88.82,61.3
94,103,1,274.087,48.923,47.6167,89.35,60.74
95,103,1,274.087,48.9293,47.5433,87.58,60.42
96,103,1,274.062,48.9115,47.5938,88.76,61.16
97,103,1,274.039,48.8129,47.6374,88.2,60.76
98,103,1,274.113,48.9181,47.6104,89.59,61.73
99,103,1,274.075,48.9145,47.6371,89.31,60.55
100,103,1,274.084,48.9229,47.6627,87.42,61.55
101,103,1,274.072,48.9267,47.6061,88.9,61.14
102,103,1,274.162,48.9303,47.5133,89.93,61.12
103,103,1,274.083,48.9372,47.6222,97.54,61.64
104,103,1,274.076,48.9407,47.5603,94.76,61.28
105,103,1,274.06,48.9313,47.6091,94.45,61.7
106,103,1,274.035,48.9124,47.6041,89.04,60.5
107,103,1,274.094,48.906,47.5781,89.11,60.63
108,103,1,274.105,48.9144,47.5036,88.51,61.45
109,103,1,274.099,48.9143,47.547,90.48,61.49
110,103,1,274.078,48.9358,47.5949,88.62,61.97
111,103,1,274.018,48.893,47.6031,86.69,60.57
112,103,1,274.033,48.9263,47.6326,89.13,60.5
113,103,1,274.097,48.9839,47.6459,95.3,61.48
114,103,1,273.978,48.9503,47.646,89.11,61.15
115,103,1,274.113,48.9527,47.6308,88.3,61.04
116,103,1,274.041,48.9488,47.6147,88.8,60.76
117,103,1,274.164,48.9854,47.6398,89.59,61.26
118,103,1,274.088,48.9533,47.5656,89.4,60.15
119,103,1,274.092,48.9535,47.6313,88.23,60.43
120,103,1,274.124,48.9654,47.5279,89.58,61.3
121,103,1,274.032,48.9634,47.6097,87.91,60.72
122,103,1,274.022,48.9569,47.6414,87.83,61.21
123,103,1,274.007,48.9442,47.5518,90.01,60.94
124,103,1,274.071,48.9594,47.6304,90.48,61.29
125,103,1,274.097,48.9596,47.5689,91.06,60.91
126,103,1,274.077,48.9769,47.6164,89.98,61.83
127,103,1,274.059,49.0084,47.5984,95.42,60.95
128,103,1,274.049,48.9677,47.5734,95.66,61.32
129,103,1,274.118,48.9687,47.5645,88.76,60.66
130,103,1,274.048,49.0083,47.5596,88.2,60.66
131,103,1,274.011,48.987,47.6493,90.19,60.99
132,103,1,274.045,48.9689,47.6292,97.14,60.38
133,103,1,274.024,48.9648,47.6724,88.78,61.72
134,103,1,274.035,49.0455,47.6006,87.59,60.62
135,103,1,274.084,48.966,47.5938,89.64,60.68
136,103,1,274.12,48.9334,47.6024,88.35,61.28
137,103,1,274.074,49.005,47.6442,89.99,61.15
138,103,1,274.111,49.0225,47.6461,90.21,61.24
139,103,1,274.155,48.9885,47.532,86.8,60.39
140,103,1,274.084,48.9749,47.6233,88.32,61.08
141,103,1,273.997,48.9887,47.6193,88.97,59.54
142,103,1,274.037,48.9933,47.5939,90.34,60.36
143,103,1,274.003,49.0199,47.5293,94.62,60.55
144,103,1,274.103,49.0005,47.6197,89.89,60.57
145,103,1,274.161,49.0055,47.4132,93.74,61.87
146,103,1,274.038,49.0415,47.636,95.2,60.51
147,103,1,274.002,48.9858,47.6443,88.67,60.15
148,103,1,274.051,49.0079,47.5924,90.78,60.87
149,103,1,273.906,49.015,47.6221,88.67,61.35
150,103,1,273.951,49.035,47.5923,88.08,60.24
151,103,1,274.056,49.0037,47.5935,88.43,61.43
152,103,1,273.98,49.0158,47.6695,95.24,61.19
153,103,1,273.944,49.0014,47.6811,89.92,61.76
154,103,1,274.065,49.0338,47.6486,88.8,60.86
155,103,1,274.106,48.9336,47.5904,97,61.22
156,103,1,274.117,48.9971,47.675,86.96,61.7
157,103,1,274.03,49.0393,47.653,88.42,61.38
158,103,1,274.096,49.0382,47.6063,89.72,59.94
159,103,1,273.997,49.0009,47.5516,89.57,61.14
160,103,1,274.084,49.0518,47.5632,86.75,61.05
161,103,1,273.933,49.0356,47.6453,95.94,61.74
162,103,1,274.061,49.0081,47.659,86.94,61.09
163,103,1,274.043,49.066,47.6738,89.55,61.66
164,103,1,274.023,49.0363,47.68,89.04,61.05
165,103,1,274.011,49.06,47.6073,88.56,60.96
166,103,1,274.113,49.06,47.6551,89.75,60.43
167,103,1,273.949,49.0804,47.5958,92.41,59.4
168,103,1,274.039,49.119,47.5967,86.36,57.51
169,103,0,0,0,0,0,57.35
170,103,0,0,0,0,0,56.28
171,103,0,0,0,0,0,57.63
172,103,1,354.507,11.9909,25.5647,93.71,57.19
173,103,0,0,0,0,0,55.44
174,103,1,278.475,39.9789,55.4359,91.62,58.49
175,103,1,278.537,39.9832,55.4167,92.61,59.86
176,103,1,278.532,40.0105,55.423,91.65,59.06
177,103,1,278.549,39.999,55.4292,91.12,59.6
178,103,1,278.463,39.9708,55.4462,92.25,60.15
179,103,1,278.459,39.9711,55.4273,93.78,59.25
180,103,1,278.443,40.0031,55.46,92.77,60.75
181,103,1,278.472,39.9693,55.4349,93.7,59.9
182,103,1,278.597,40.0471,55.4776,91.87,60.11
183,103,1,278.52,39.9812,55.4405,93.74,59.99
184,103,1,278.53,39.972,55.4064,93.08,59.65
185,103,1,278.619,40.0153,55.4291,96.29,60.74
186,103,1,278.436,39.9761,55.451,94.31,60.31
187,103,1,278.543,40.0085,55.4099,90.96,59.67
188,103,1,278.544,39.9704,55.3356,86.08,61.03
189,103,1,278.587,40.039,55.4457,93.8,60.74
190,103,1,278.439,39.9725,55.453,91.85,60.15
191,103,1,278.472,39.9954,55.4256,94.66,60.07
192,103,1,278.522,40.0755,55.475,93.18,60.05
193,103,1,278.52,40.0631,55.4598,92.34,60.33
194,103,1,278.512,40.0396,55.4305,92.63,60.96
195,103,1,278.642,40.0955,55.3982,96.1,60.03
196,103,1,278.453,40.0046,55.447,93.23,60.76
197,103,1,278.534,40.0728,55.4038,94.61,60.58
198,103,1,278.474,40.0759,55.4688,91.57,60.2
199,103,1,278.499,40.1146,55.494,93.21,57.55
200,103,0,0,0,0,0,57.41
201,103,1,177.517,21.5796,5.52841,92.17,57.25
202,103,1,177.635,21.5452,5.46603,90.58,58.55
203,103,1,177.532,21.555,5.50008,93.49,58
204,103,1,177.798,21.5462,5.37038,92.62,58.35
205,103,1,177.567,21.5607,5.51736,94.12,58.14
206,103,1,177.535,21.5338,5.4917,93.22,57.76
207,103,1,177.586,21.6091,5.47513,90.42,55.39
208,103,0,0,0,0,0,54.6
209,103,0,0,0,0,0,52.55
210,103,0,0,0,0,0,51.31
211,103,1,66.5252,15.4369,70.1531,89.44,51.92
212,103,1,66.2639,15.5223,70.4157,84.91,52.66
213,103,1,66.4038,15.4972,70.261,90.92,53.59
214,103,1,66.4867,15.4253,70.1514,94.63,53.19
215,103,1,66.4148,15.4818,70.1892,94.51,53.51
216,103,1,66.3139,15.4887,70.2843,92.08,52.7
217,103,1,66.546,15.4318,70.0237,91.84,53.97
218,103,1,66.3617,15.4906,70.3079,93.9,53.38
219,103,1,66.5348,15.4438,70.0701,91.2,52.93
220,103,1,66.3628,15.4777,70.3067,94.42,54.06
221,103,1,66.4718,15.4418,70.2434,95.08,53.5
222,103,1,66.4527,15.4215,70.2352,84.37,53.74
223,103,0,0,0,0,0,52.09
224,103,1,186.995,38.7285,81.3584,92.47,55.89
225,103,1,186.973,38.7441,81.3786,92.54,57.52
226,103,1,186.957,38.6453,81.3205,93.38,55.65
227,103,1,186.983,38.7614,81.2566,95.43,57.59
228,103,1,187.156,38.6562,81.2506,93.11,56.59
229,103,1,186.853,38.861,81.447,92.23,57.91
230,103,1,186.87,38.7801,81.3154,93.2,57.06
231,103,1,186.962,38.7832,81.3153,94.36,58.21
232,103,1,186.947,38.7844,81.3555,94.74,57.92
233,103,1,186.889,38.7955,81.3075,92.43,56.26
234,103,1,186.859,38.7972,81.3476,93.33,57.91
235,103,1,187.004,38.832,81.2889,92.56,56.89
236,103,1,66.4655,15.4263,70.1372,92.08,51.12
237,103,1,66.5251,15.3792,70.1938,85.34,51.99
238,103,1,66.5364,15.3489,70.1738,90.52,52.67
239,103,1,66.3186,15.3958,70.302,86.34,52.79
240,103,1,66.3219,15.4451,70.3207,93.65,52.82
241,103,1,66.3648,15.4226,70.223,94.8,54.6
242,103,1,66.2947,15.4259,70.3956,92.54,54.07
243,103,1,66.4207,15.3745,70.2552,84.75,54.1
244,103,1,66.5288,15.3443,70.1627,85.26,53.57
245,103,1,66.526,15.3487,70.1656,91.42,52.88
246,103,1,66.5539,15.3509,70.1237,84.52,52.77
247,103,1,66.3187,15.398,70.3195,91.34,53.45
248,103,1,66.53,15.3514,70.1852,87.26,52.75
249,103,1,66.4979,15.4501,70.2007,92.75,51.86
250,103,0,0,0,0,0,48.76
251,103,0,0,0,0,0,48.98
252,103,0,0,0,0,0,48.84
253,103,0,0,0,0,0,42.57
254,103,0,0,0,0,0,35.48
255,103,0,0,0,0,0,35.38
0,104,0,0,0,0,0,34.3
1,104,0,0,0,0,0,31.82
2,104,0,0,0,0,0,33.4
3,104,0,0,0,0,0,50.98
4,104,1,270.803,11.619,77.0543,89.57,41.25
5,104,1,271.414,11.7481,76.7055,89.91,54.35
6,104,1,271.419,11.6445,76.4811,91.83,53.73
7,104,1,271.684,11.7125,76.2251,90.52,54.12
8,104,1,271.549,11.6882,76.2697,90.87,54.2
9,104,1,271.413,11.6559,76.496,93.75,54.72
10,104,1,271.741,11.6936,76.1278,88.77,55.35
11,104,1,271.55,11.6632,76.4736,92.57,53.82
12,104,1,271.57,11.6687,76.3587,93.21,51.16
13,104,0,0,0,0,0,48.37
14,104,1,271.437,11.7534,76.5446,92.77,51.97
15,104,1,271.5,11.6978,76.3651,91.87,54.72
16,104,1,271.426,11.6987,76.4587,92.94,54.29
17,104,1,271.465,11.7386,76.4774,93.32,54.74
18,104,1,271.402,11.727,76.5315,95.2,54.37
19,104,1,271.375,11.7155,76.4996,94.25,54.7
20,104,1,271.273,11.8083,76.5836,90.55,54.64
21,104,1,271.413,11.7086,76.4138,94.53,54.76
22,104,1,271.348,11.7359,76.5834,93.1,54.27
23,104,1,271.35,11.7033,76.4724,92.66,54.89
24,104,1,271.39,11.7127,76.529,93.15,54.69
25,104,1,271.351,11.7495,76.5894,92.93,55.44
26,104,1,271.46,11.7131,76.3891,95.36,54.38
27,104,1,271.306,11.7635,76.5006,92.46,55.04
28,104,1,271.435,11.7357,76.4653,93.15,54.56
29,104,1,271.694,11.7605,76.1489,93.87,54.91
30,104,1,271.321,11.7264,76.5889,94.39,54.5
31,104,1,271.343,11.7296,76.5218,93.22,55.22
32,104,1,271.215,11.7313,76.5847,95.31,55.24
33,104,1,271.454,11.76,76.3955,93.05,54.42
34,104,1,271.224,11.718,76.6236,89.03,54.85
35,104,1,271.349,11.7505,76.5364,94.93,55.25
36,104,1,271.376,11.7598,76.4462,92.46,55.41
37,104,1,271.313,11.7183,76.4746,92.62,53.88
38,104,1,271.293,11.7435,76.5202,93.61,54.16
39,104,1,271.461,11.8186,76.4522,91.42,55.01
40,104,1,271.343,11.7611,76.5818,91.65,54.1
41,104,1,271.406,11.7778,76.5088,93.98,55.64
42,104,1,271.356,11.7797,76.5956,91.85,54.92
43,104,1,271.292,11.771,76.5337,94.47,55.31
44,104,1,271.328,11.7601,76.5377,93.07,55.21
45,104,1,271.589,11.779,76.1997,91.38,54.71
46,104,1,271.555,11.8167,76.3722,91.15,55.1
47,104,1,271.256,11.7759,76.5865,93.03,55.16
48,104,1,271.336,11.7757,76.5061,94.56,54.91
49,104,1,271.193,11.7669,76.6391,92.83,54.55
50,104,1,271.444,11.7968,76.3424,92.97,55.44
51,104,1,271.539,11.8086,76.3194,90.89,55.01
52,104,1,271.373,11.7923,76.5019,93.79,55.1
53,104,1,271.239,11.8282,76.536,92.39,55.38
54,104,1,271.385,11.7976,76.4514,94.04,54.74
55,104,1,271.421,11.7871,76.4545,92.52,56
56,104,1,271.403,11.7892,76.4725,94.53,55.21
57,104,1,271.338,11.8128,76.5872,94.29,54.25
58,104,1,271.582,11.828,76.3229,93.59,55.25
59,104,1,271.309,11.7968,76.6191,91.82,55.46
60,104,1,271.393,11.7941,76.4086,93.86,54.63
61,104,1,271.369,11.804,76.5031,94.02,54.36
62,104,1,271.412,11.8546,76.4939,89.87,54.18
63,104,1,271.207,11.8024,76.6528,92.92,54.57
64,104,1,271.187,11.8742,76.6334,90.79,55.46
65,104,1,271.383,11.8287,76.5921,92.58,54.35
66,104,1,271.409,11.8108,76.4828,90.93,52.69
67,104,0,0,0,0,0,52.18
68,104,1,155.189,38.5547,51.5912,95.31,55.39
69,104,1,155.311,38.559,51.5237,92.79,55.57
70,104,1,155.262,38.58,51.57,93.56,56.16
71,104,1,155.211,38.5883,51.5641,91.32,56.13
72,104,1,155.181,38.5791,51.5803,93.37,56.3
73,104,1,155.328,38.4909,51.5164,83.56,54.24
74,104,0,0,0,0,0,52.62
75,104,1,290.73,12.637,62.4277,93.45,52.04
76,104,1,290.54,12.6287,62.5017,89.62,52.59
77,104,1,290.382,12.6495,62.7288,91.45,53.86
78,104,1,290.509,12.5626,62.47,91.1,52.51
79,104,1,290.515,12.5847,62.4995,90.21,52.76
80,104,1,290.399,12.6227,62.6159,91.73,53.38
81,104,1,290.603,12.6365,62.4552,91.51,53.52
82,104,1,290.516,12.6148,62.4797,91.2,52.56
83,104,1,290.61,12.6645,62.4834,92.5,53.48
84,104,1,290.677,12.6039,62.3845,88.66,51.8
85,104,0,0,0,0,0,51.62
86,104,0,0,0,0,0,53.87
87,104,1,274,48.9319,47.6095,95.42,57.2
88,104,1,274.056,48.9449,47.6043,93.29,57.57
89,104,1,274.077,48.9239,47.6312,89.69,60.5
90,104,1,274.083,48.8832,47.537,89.37,60
91,104,1,274.137,48.8924,47.6147,87.43,61.42
92,104,1,274.243,48.9604,47.619,96.46,61.48
93,104,1,274.161,48.9228,47.5165,89.02,61.23
94,104,1,273.998,48.9188,47.5637,88.16,60.77
95,104,1,274.105,48.9295,47.5346,90.18,60.85
96,104,1,274.1,48.9674,47.5392,89.81,61.03
97,104,1,274.122,48.9313,47.6195,96.1,61.55
98,104,1,274.076,48.8471,47.6289,94.81,61.85
99,104,1,274.145,48.9592,47.5697,89.28,61.29
100,104,1,274.193,48.9554,47.5557,88.69,60.99
101,104,1,274.125,48.9419,47.5326,88.6,61.14
102,104,1,274.06,48.9094,47.6294,90.86,60.45
103,104,1,274.078,48.9093,47.5654,90.44,60.7
104,104,1,274.008,48.9448,47.6034,88.56,61.34
105,104,1,273.994,48.9375,47.5956,88.09,61.56
106,104,1,274.093,48.9264,47.5374,88.31,61.46
107,104,1,274.098,48.9331,47.6292,96.23,61.61
108,104,1,274.015,48.8783,47.5745,88.77,60.87
109,104,1,274.158,48.9582,47.5411,88.4,61.68
110,104,1,273.987,48.8941,47.6015,90.32,61.28
111,104,1,274.004,48.8544,47.6177,96.71,61.46
112,104,1,273.982,48.9661,47.6186,92.3,60.44
113,104,1,274.049,48.9944,47.6634,89.65,61.18
114,104,1,274.188,48.9614,47.574,96.23,60.61
115,104,1,274.026,48.9499,47.6129,96.65,60.61
116,104,1,274.188,48.936,47.5309,88.05,61.37
117,104,1,274.034,48.949,47.626,91.29,60.74
118,104,1,274.139,48.9646,47.6055,88.71,61.93
119,104,1,273.981,48.9483,47.6455,88.52,61.43
120,104,1,274.037,48.9477,47.5796,88.85,61.12
121,104,1,274.146,48.9514,47.6322,93.89,61.3
122,104,1,274.002,48.9466,47.5701,95.8,60.96
123,104,1,273.975,49.0122,47.6275,86.77,61.79
124,104,1,274.073,48.9277,47.5716,90.11,60.6
125,104,1,274.033,48.9974,47.5675,88.22,60.74
126,104,1,274.132,48.9766,47.6285,86.89,60.37
127,104,1,274.165,48.9853,47.5911,87.38,61.29
128,104,1,274,48.9792,47.6531,95.4,60.83
129,104,1,274.035,48.9587,47.6517,90.11,61.13
130,104,1,274.084,48.9503,47.5982,90.93,60.78
131,104,1,274.11,49.0066,47.5427,88.36,60.64
132,104,1,273.974,48.9433,47.6245,88.78,61.3
133,104,1,273.996,48.9948,47.6133,89.04,61
134,104,1,274.072,49.0208,47.5659,88.66,61.29
135,104,1,274.085,48.9778,47.5209,89.1,61.17
136,104,1,274.006,48.9432,47.5618,88.91,60.76
137,104,1,274.042,48.9912,47.5871,89.56,60.73
138,104,1,274.044,48.9737,47.6347,90.4,60.79
139,104,1,273.975,49.0634,47.6728,87.06,60.34
140,104,1,274.06,48.9938,47.6364,90.36,60.94
141,104,1,273.908,48.9125,47.8322,79.31,60.84
142,104,1,274.023,48.987,47.6446,89.84,60.42
143,104,1,273.988,48.9687,47.6592,90.83,61.23
144,104,1,273.949,48.9846,47.6492,89.71,60.98
145,104,1,274.073,48.9994,47.6765,88.32,60.55
146,104,1,274.079,49.0177,47.6204,89.79,60.91
147,104,1,273.897,48.9909,47.6279,86.27,61.8
148,104,1,274.078,49.0206,47.622,89.57,61.05
149,104,1,274.014,48.997,47.6828,95.49,60.59
150,104,1,273.96,49.0126,47.6159,87.91,61.03
151,104,1,273.977,49.0074,47.6372,88.22,60.7
152,104,1,274.081,49.0598,47.6388,87.46,61.1
153,104,1,274.121,49.0193,47.6201,89.81,60.63
154,104,1,274.132,49.0286,47.5605,88.58,61.14
155,104,1,273.95,48.9967,47.6534,88.02,60.2
156,104,1,273.938,49.011,47.6678,88.14,60.98
157,104,1,274,49.0072,47.6928,89.92,61.43
158,104,1,274.035,49.0407,47.6175,89.4,61.55
159,104,1,274.009,49.0026,47.6756,89.53,61.12
160,104,1,274.072,49.0755,47.6138,88.21,61.15
161,104,1,273.968,49.0197,47.5896,87.11,61.58
162,104,1,274.158,49.0246,47.5468,87.22,61.11
163,104,1,273.887,49.0298,47.6554,88.24,61.62
164,104,1,273.976,49.0033,47.6653,90.07,61.11
165,104,1,273.969,49.0685,47.6688,96.53,61.33
166,104,1,273.975,49.0417,47.6807,93.39,60.09
167,104,1,273.99,49.0915,47.6488,94.23,61.38
168,104,1,274.036,49.0666,47.6438,91.48,61.03
169,104,1,273.987,49.1052,47.6374,93.36,58.51
170,104,1,273.981,49.0684,47.6019,83.65,57.72
171,104,0,0,0,0,0,57.78
172,104,0,0,0,0,0,56.11
173,104,0,0,0,0,0,56.21
174,104,1,278.399,39.9814,55.4603,90.19,59.23
175,104,1,278.521,40.0363,55.4887,90.39,60.22
176,104,1,278.465,39.9504,55.4267,95.24,59.7
177,104,1,278.485,39.9629,55.4525,94.41,59.65
178,104,1,278.484,39.9694,55.4281,90.7,58.95
179,104,1,278.497,39.9831,55.4465,93.42,59.7
180,104,1,278.432,39.9178,55.4097,94.59,60.2
181,104,1,278.424,39.9568,55.454,94.05,59.58
182,104,1,278.468,39.9538,55.4455,93.12,60.4
183,104,1,278.527,39.9936,55.4114,95.9,59.66
184,104,1,278.499,39.964,55.4502,92.11,60.36
185,104,1,278.705,40.0319,55.4153,87.74,60.38
186,104,1,278.561,39.9981,55.419,92.49,60.41
187,104,1,278.557,40.0446,55.4288,93.42,60.65
188,104,1,278.569,40.023,55.4577,92,60.28
189,104,1,278.388,39.9626,55.4267,92.04,59.86
190,104,1,278.515,39.9808,55.4224,92.35,60.17
191,104,1,278.518,40.0563,55.4053,93.57,60.49
192,104,1,278.59,40.0769,55.4548,94.98,60.46
193,104,1,278.472,40.0259,55.4151,94.25,59.91
194,104,1,278.51,40.0257,55.4132,91.34,60.43
195,104,1,278.537,40.0168,55.4297,93.88,60.53
196,104,1,278.508,39.9953,55.4264,94.03,60.62
197,104,1,278.43,40.0331,55.4245,92.3,59.14
198,104,1,278.402,40.0836,55.5049,89.6,57.58
199,104,0,0,0,0,0,56.23
200,104,1,177.57,21.5661,5.50964,91.91,57.44
201,104,1,177.741,21.5756,5.37876,91.71,57.94
202,104,1,177.595,21.5284,5.4837,91.81,58.51
203,104,1,177.652,21.5763,5.42089,93.19,58.89
204,104,1,177.636,21.5651,5.46133,92.31,58.1
205,104,1,177.667,21.5592,5.41614,91.28,57.31
206,104,1,177.42,21.5873,5.60115,93.19,54.56
207,104,0,0,0,0,0,51.85
208,104,0,0,0,0,0,51.19
209,104,1,66.411,15.4533,70.33,84.56,50.74
210,104,1,66.5084,15.5067,70.149,91.86,52.89
211,104,1,66.5737,15.4214,70.0369,86.2,53.82
212,104,1,66.4691,15.4407,70.2098,93.87,52.65
213,104,1,66.4722,15.4788,70.1286,84.74,52.7
214,104,1,66.4234,15.4865,70.2666,94.56,53.89
215,104,1,66.4093,15.4872,70.271,85.17,53.48
216,104,1,66.2606,15.5234,70.3651,86.01,53.53
217,104,1,66.3407,15.4982,70.2598,93.25,53.13
218,104,1,66.3245,15.4949,70.3802,85.71,53.68
219,104,1,66.4434,15.4617,70.222,85.01,53.34
220,104,1,66.3879,15.4879,70.2654,93.14,53.66
221,104,1,66.4333,15.4104,70.2546,93.82,53.95
222,104,1,66.4939,15.4048,70.1637,93.4,53.38
223,104,1,66.3167,15.475,70.3863,92.17,50.62
224,104,1,187.001,38.7235,81.296,87.77,53.93
225,104,1,187.159,38.6192,81.218,94.86,56.88
226,104,1,186.988,38.786,81.2664,93.75,56.66
227,104,1,186.99,38.6638,81.3106,95.08,57.11
228,104,1,186.851,38.8451,81.4514,93.93,57.76
229,104,1,187.056,38.8004,81.3283,93.26,56.93
230,104,1,187.021,38.8059,81.3425,91.38,58.21
231,104,1,186.854,38.7578,81.3498,94.92,57.72
232,104,1,186.949,38.7881,81.3517,94.6,58.68
233,104,1,187.071,38.6972,81.268,94.76,56.81
234,104,1,186.918,38.837,81.3402,93.18,57.86
235,104,1,187.025,38.6813,81.2799,94.65,56.66
236,104,0,0,0,0,0,51.64
237,104,1,66.5227,15.3579,70.1715,92.84,51.84
238,104,1,66.2254,15.4433,70.4671,85.95,52.41
239,104,1,66.1768,15.4476,70.52,93.76,53.05
240,104,1,66.4439,15.3826,70.2556,84.81,53.54
241,104,1,66.4226,15.4307,70.2156,92.52,53.23
242,104,1,66.4302,15.4054,70.2847,88.3,52.52
243,104,1,66.4435,15.3519,70.2078,84.1,53.54
244,104,1,66.5438,15.3498,70.129,91.71,53.21
245,104,1,66.6294,15.3259,70.0396,85.73,53.84
246,104,1,66.3415,15.4255,70.3145,93.52,53.46
247,104,1,66.3284,15.4126,70.3988,84.79,53.9
248,104,1,66.5236,15.3916,70.1968,93.8,53.31
249,104,0,0,0,0,0,50.85
250,104,2,346.532,44.4171,59.1891,88.71,51.09
251,104,2,346.371,44.5483,59.2048,81.69,53.73
252,104,2,346.135,44.6165,59.206,78.21,50.34
253,104,2,345.256,44.3866,59.6535,77.56,45.34
254,104,0,0,0,0,0,35.85
255,104,0,0,0,0,0,54.01
0,105,0,0,0,0,0,33.92
1,105,0,0,0,0,0,30.06
2,105,0,0,0,0,0,47.13
3,105,0,0,0,0,0,49.76
4,105,1,270.471,11.5589,77.2624,91.82,41.6
5,105,1,271.224,11.6686,76.6341,92.97,52.91
6,105,1,271.424,11.658,76.5098,92.07,53.23
7,105,1,271.296,11.6486,76.5555,92.96,53.53
8,105,1,271.368,11.7248,76.5321,92.24,54.4
9,105,1,271.356,11.6593,76.5416,93.09,53.69
10,105,1,271.288,11.6276,76.5123,91.95,54.41
11,105,1,271.588,11.6824,76.3306,93.97,54.82
12,105,1,271.218,11.632,76.6814,91.24,50.7
13,105,0,0,0,0,0,49.41
14,105,1,271.456,11.7382,76.455,93.5,52.66
15,105,1,271.536,11.7467,76.4093,93.95,53.35
16,105,1,271.477,11.7171,76.4209,91.34,52.6
17,105,1,271.464,11.6987,76.3644,93.34,53.91
18,105,1,271.486,11.7098,76.4512,93.09,55.11
19,105,1,271.605,11.7536,76.2488,90.63,54.47
20,105,1,271.619,11.773,76.2283,91.44,54.92
21,105,1,271.417,11.7145,76.4829,92.69,54.23
22,105,1,271.326,11.7251,76.5476,92.92,55.5
23,105,1,271.327,11.7923,76.547,92.65,55.18
24,105,1,271.435,11.7506,76.3425,88.96,55.48
25,105,1,271.36,11.7241,76.5504,95.2,54.61
26,105,1,271.326,11.7148,76.5679,94.75,54.9
27,105,1,271.217,11.7218,76.6099,92.61,54.68
28,105,1,271.304,11.7242,76.5639,93.81,54.87
29,105,1,271.155,11.726,76.6713,94.43,54.33
30,105,1,271.193,11.7327,76.649,92.37,54.87
31,105,1,271.317,11.7383,76.6142,92.41,53.65
32,105,1,271.33,11.7299,76.5288,93.72,54.62
33,105,1,271.288,11.714,76.583,93.62,54.43
34,105,1,271.349,11.7645,76.5694,93.69,54.9
35,105,1,271.31,11.7379,76.5916,93.59,55.07
36,105,1,271.235,11.7277,76.5258,92.49,55.22
37,105,1,271.308,11.7301,76.5142,94.94,54.43
38,105,1,271.17,11.7567,76.6707,93,55.49
39,105,1,271.369,11.8195,76.592,91.57,55.47
40,105,1,271.292,11.7285,76.4925,94.42,54.65
41,105,1,271.284,11.7825,76.6842,92.97,55.13
42,105,1,271.251,11.7352,76.5883,92.18,54.73
43,105,1,271.324,11.7273,76.4181,93.1,54.41
44,105,1,271.372,11.7819,76.5758,93.7,54.66
45,105,1,271.189,11.7942,76.7014,93.85,54.79
46,105,1,271.301,11.7563,76.4961,95.08,54.66
47,105,1,271.372,11.7861,76.5596,96.13,54.99
48,105,1,271.349,11.7825,76.5652,95.17,54.77
49,105,1,271.329,11.7762,76.4949,95.17,54.99
50,105,1,271.105,11.7392,76.7119,93.17,54.94
51,105,1,271.404,11.7816,76.438,93.3,55.13
52,105,1,271.412,11.8226,76.3874,91.09,55.15
53,105,1,271.202,11.8551,76.6495,92.96,56.19
54,105,1,271.487,11.8222,76.4206,91.43,55.02
55,105,1,271.402,11.8254,76.5737,93.8,55.28
56,105,1,271.288,11.7988,76.5901,93.21,55.15
57,105,1,271.082,11.7823,76.6935,94.22,55.72
58,105,1,271.319,11.7877,76.562,93,54.12
59,105,1,271.313,11.8301,76.6495,93.13,54.84
60,105,1,271.202,11.8082,76.6612,95.24,55.04
61,105,1,271.477,11.8468,76.4436,90.88,55.18
62,105,1,271.264,11.813,76.5346,95.17,54.54
63,105,1,271.497,11.8759,76.399,95.61,55.06
64,105,1,271.613,11.8263,76.1985,92.03,54.38
65,105,1,271.397,11.8484,76.5962,93.99,51.8
66,105,0,0,0,0,0,52.32
67,105,1,155.152,38.5898,51.6005,92.82,55.37
68,105,1,155.162,38.6099,51.5855,92.2,56.15
69,105,1,155.195,38.5658,51.5556,91.38,56.06
70,105,1,155.109,38.586,51.5917,92.42,56.7
71,105,1,155.277,38.5625,51.5424,93.55,57.27
72,105,1,155.239,38.5458,51.5369,91.88,54.36
73,105,1,290.726,12.6668,62.4994,84.74,51.74
74,105,1,290.607,12.5799,62.4132,90.54,51.87
75,105,1,290.491,12.5888,62.5359,90.93,52.8
76,105,1,290.579,12.6217,62.6259,91.05,52.3
77,105,1,290.567,12.6271,62.5302,92.01,53.19
78,105,1,290.685,12.6226,62.4635,92.81,52.68
79,105,1,290.431,12.6225,62.6682,92.9,53.84
80,105,1,290.486,12.5671,62.5561,92.46,52.47
81,105,1,290.354,12.6285,62.7618,94.43,52.67
82,105,1,290.53,12.5851,62.5538,91.78,52.66
83,105,1,290.408,12.6336,62.7248,94.11,53.35
84,105,1,290.636,12.6569,62.5419,94.99,52.57
85,105,1,290.496,12.63,62.5199,91.06,51.87
86,105,1,290.599,12.6113,62.4047,87.87,52.2
87,105,0,0,0,0,0,51.84
88,105,0,0,0,0,0,53.39
89,105,1,273.989,48.9385,47.6222,94,56.83
90,105,1,274.059,48.9426,47.6008,93.2,59.39
91,105,1,274.136,48.9347,47.5641,95.32,60.79
92,105,1,274.044,48.9044,47.5424,97.72,60.85
93,105,1,273.951,48.8893,47.5829,88.26,60.98
94,105,1,274.045,48.9111,47.6521,88.98,60.67
95,105,1,274.205,48.909,47.603,88.89,60.45
96,105,1,274.09,48.9214,47.6124,88.56,61.3
97,105,1,274.138,48.9232,47.6253,95.8,61.21
98,105,1,274.081,48.9265,47.6248,89.31,61.22
99,105,1,274.055,48.9141,47.5878,89.17,61.41
100,105,1,274.057,48.8931,47.6073,89.48,61.64
101,105,1,274.097,48.9161,47.6034,89.49,60.78
102,105,1,274.105,48.9294,47.5879,90.36,60.86
103,105,1,274.104,48.9152,47.5401,90.34,61.04
104,105,1,274.082,48.9146,47.5781,88.28,61.13
105,105,1,274.108,48.9122,47.5215,89.47,61.41
106,105,1,274.131,48.9352,47.5597,89.31,60.41
107,105,1,273.984,48.9347,47.613,89.05,60.99
108,105,1,274.005,48.9116,47.6168,89.88,61.14
109,105,1,274.055,48.9055,47.6385,89.93,61.47
110,105,1,274.094,48.9542,47.6277,89.47,61.26
111,105,1,274.059,48.9701,47.5573,89.13,60.67
112,105,1,273.999,48.9314,47.5999,89.95,61.09
113,105,1,274.132,48.9669,47.6299,90.29,61.23
114,105,1,274.014,48.979,47.5717,88.77,60.84
115,105,1,274.074,48.9338,47.5612,89.48,60.25
116,105,1,274.115,48.8904,47.532,88.16,61.45
117,105,1,274.043,48.962,47.6362,94.95,60.57
118,105,1,274.05,48.9565,47.662,89.17,61.37
119,105,1,274.066,48.944,47.4874,87.47,60.54
120,105,1,274.078,48.9606,47.6511,89.88,61.11
121,105,1,274.144,48.9846,47.6084,87.31,61.08
122,105,1,273.987,48.9728,47.5918,87.82,60.58
123,105,1,274.145,48.9852,47.5231,89.01,61.07
124,105,1,274.109,48.9932,47.5418,87.75,60.65
125,105,1,274.063,48.9982,47.596,95.98,60.62
126,105,1,274.006,49.0036,47.5924,86.1,60.51
127,105,1,274.096,48.97,47.6185,89.66,61.48
128,105,1,274.101,48.9686,47.5984,89.82,60.63
129,105,1,274.022,48.9883,47.6651,89.88,61.25
130,105,1,274.025,48.9612,47.633,89.3,61.04
131,105,1,274.064,48.9962,47.6298,87.92,61.46
132,105,1,274.034,48.9808,47.6474,88.35,61.49
133,105,1,273.961,49.0104,47.5915,86.89,60.36
134,105,1,274.044,48.9974,47.6414,90.62,60.05
135,105,1,274.053,49.0227,47.6453,89.62,61.23
136,105,1,274.021,49.0105,47.5487,88.77,61.37
137,105,1,273.997,48.9697,47.6218,96.03,61.3
138,105,1,274.011,48.9783,47.6737,88.3,61.47
139,105,1,274.041,48.9869,47.5753,90.88,60.5
140,105,1,274.034,49.0152,47.6214,90.08,60.63
141,105,1,273.917,49.0059,47.689,95.06,61.55
142,105,1,274.074,49.0044,47.6314,90.5,61.44
143,105,1,274.069,49.0079,47.5728,86.39,61.46
144,105,1,273.969,49.0132,47.684,89.4,60.16
145,105,1,274.048,48.9779,47.5362,90.18,60.83
146,105,1,274.079,49.0046,47.6112,85.01,60.32
147,105,1,274.052,49.0194,47.626,89.53,61.83
148,105,1,274.101,49.0256,47.616,89.59,61.49
149,105,1,274.082,49.0117,47.6507,87.76,60.82
150,105,1,274.072,49.0186,47.6647,89.23,61.28
151,105,1,274.041,49.0211,47.6578,89.55,61.42
152,105,1,274.005,49.0092,47.6623,88.53,60.65
153,105,1,273.912,48.9726,47.6319,97.49,61.51
154,105,1,274.017,49.0268,47.6103,88.25,60.93
155,105,1,274.033,49.0349,47.6436,95.7,60.11
156,105,1,274.094,49.0371,47.6336,95.75,60.78
157,105,1,274.035,49.0289,47.6637,89.22,61.15
158,105,1,274.093,49.0249,47.6621,90.76,61.28
159,105,1,273.994,49.0226,47.6601,90.07,60.38
160,105,1,273.893,49.0314,47.6453,87.56,60.72
161,105,1,273.99,49.0828,47.6123,83.66,58.78
162,105,1,274.026,49.0545,47.6311,95.38,61.31
163,105,1,273.933,49.061,47.6888,88.62,60.83
164,105,1,273.982,49.0485,47.6752,88.59,60.93
165,105,1,273.953,49.0292,47.6622,89.16,61.38
166,105,1,274.043,49.0604,47.6663,90.6,61.62
167,105,1,274.012,49.0529,47.6855,88.92,61.64
168,105,1,274.046,49.0752,47.7278,88.01,60.26
169,105,1,274.041,49.0593,47.7381,88.27,61.68
170,105,1,273.92,49.0505,47.6786,89.05,61.02
171,105,1,273.927,49.0513,47.637,88.13,59.45
172,105,1,273.938,49.0923,47.6586,93.14,58.45
173,105,0,0,0,0,0,55.38
174,105,1,278.527,40.0402,55.4292,84.98,58.95
175,105,1,278.49,40.0044,55.4543,93.15,58.88
176,105,1,278.483,39.9652,55.4317,91.77,58.88
177,105,1,278.464,39.9508,55.4527,92.81,60.35
178,105,1,278.515,39.9998,55.4485,90.93,59.06
179,105,1,278.576,40.0367,55.4368,91.26,59.8
180,105,1,278.563,40.0085,55.4543,92.82,60.12
181,105,1,278.463,39.9718,55.4703,94.27,60.27
182,105,1,278.563,39.9839,55.4205,94.29,60.92
183,105,1,278.449,39.9338,55.4293,95.17,59.48
184,105,1,278.555,40.0389,55.499,94.13,59.66
185,105,1,278.443,39.9779,55.4705,93.08,60.66
186,105,1,278.54,40.0304,55.431,94.1,59.83
187,105,1,278.494,39.9931,55.4071,92.12,59.5
188,105,1,278.571,40.0118,55.4203,91.93,60.03
189,105,1,278.561,40.0325,55.4246,92.68,59.23
190,105,1,278.457,39.9744,55.4609,95.12,60.04
191,105,1,278.655,40.0635,55.4189,93.82,60.31
192,105,1,278.46,40.0719,55.4245,93.01,59.74
193,105,1,278.472,40.0172,55.4179,94.51,60.31
194,105,1,278.517,40.0536,55.4005,92.35,59.5
195,105,1,278.495,40.0003,55.4179,91.36,60.69
196,105,1,278.581,40.0312,55.3816,92.53,59.31
197,105,1,278.463,40.0525,55.4333,92.19,57.96
198,105,0,0,0,0,0,57.41
199,105,1,177.723,21.5795,5.38628,92.34,57.02
200,105,1,177.596,21.5826,5.46715,93.38,58.5
201,105,1,177.76,21.5211,5.38596,91.66,58.1
202,105,1,177.585,21.545,5.46443,93.04,58.91
203,105,1,177.667,21.5765,5.48312,92.39,57.24
204,105,1,177.506,21.5783,5.49865,90.14,54.31
205,105,0,0,0,0,0,52.86
206,105,0,0,0,0,0,52.23
207,105,1,66.3299,15.5442,70.3656,83.49,51.74
208,105,1,66.3888,15.527,70.3087,93.53,52.52
209,105,1,66.6146,15.4385,69.9784,84.99,53.64
210,105,1,66.5544,15.4404,70.0748,85.26,53.16
211,105,1,66.5232,15.4557,70.0828,94.62,54.46
212,105,1,66.542,15.4623,70.1595,93.77,54.18
213,105,1,66.3195,15.4815,70.3521,83.22,53.1
214,105,1,66.4415,15.469,70.2016,85.01,54.56
215,105,1,66.5006,15.4646,70.1323,86.84,53.05
216,105,1,66.4002,15.4538,70.2536,84.93,53.49
217,105,1,66.5609,15.4713,70.0599,93.87,53.93
218,105,1,66.397,15.4888,70.2905,92.58,52.68
219,105,1,66.3616,15.4711,70.2689,93.49,53.57
220,105,1,66.269,15.5165,70.3433,85.65,52.61
221,105,1,66.3391,15.4795,70.3086,93.15,54.19
222,105,1,66.3903,15.4809,70.258,92.47,53.56
223,105,1,66.3853,15.4468,70.4031,93.32,53.08
224,105,1,186.867,38.8218,81.4152,88,52.74
225,105,1,186.835,38.8326,81.3869,92.14,56.15
226,105,1,187.027,38.6764,81.279,95.36,55.74
227,105,1,187.054,38.8193,81.2617,93.89,56.51
228,105,1,186.932,38.8256,81.3968,92.47,57.5
229,105,1,186.994,38.8167,81.3001,93.85,57.17
230,105,1,186.832,38.8265,81.4125,94.67,57.61
231,105,1,187.016,38.7896,81.3329,94.03,58.04
232,105,1,186.984,38.8018,81.356,92.35,57.78
233,105,1,186.969,38.7957,81.2657,95.38,57.08
234,105,1,186.968,38.7467,81.3417,93.45,57.97
235,105,1,187.015,38.8421,81.3554,93.52,57.87
236,105,0,0,0,0,0,53.11
237,105,1,66.2394,15.4793,70.3908,92.92,53.13
238,105,1,66.5629,15.369,70.1202,84.94,52.32
239,105,1,66.3678,15.4296,70.3105,85.3,52.93
240,105,1,66.3455,15.4376,70.295,94.6,53.32
241,105,1,66.4028,15.3762,70.2958,88.23,53.47
242,105,1,66.2972,15.4352,70.4143,86.05,54.14
243,105,1,66.5539,15.3599,70.1778,91.29,53.1
244,105,1,66.1497,15.4589,70.4599,91.56,54.39
245,105,1,66.3524,15.4345,70.2686,93.68,53.73
246,105,1,66.3296,15.4194,70.3786,93.3,52.87
247,105,1,66.4028,15.3835,70.2539,85.56,53.5
248,105,1,66.3064,15.4135,70.4551,92.44,54.13
249,105,1,66.2496,15.4582,70.4464,84.98,50.09
250,105,2,346.702,44.325,59.2789,89.64,53.33
251,105,2,346.469,44.1991,59.4393,86.57,54.51
252,105,2,346.221,44.2487,59.4631,89.08,54.59
253,105,2,346.1,44.1429,59.6856,78.35,46.29
254,105,0,0,0,0,0,35.74
255,105,0,0,0,0,0,35.62
0,106,0,0,0,0,0,33.66
1,106,0,0,0,0,0,29.9
2,106,0,0,0,0,0,33.25
3,106,0,0,0,0,0,52.01
4,106,1,270.961,11.633,77.0154,81.94,41.18
5,106,1,271.429,11.7231,76.5187,93.21,53.1
6,106,1,271.264,11.6624,76.6458,90,54.11
7,106,1,271.294,11.6504,76.5684,91.95,53.82
8,106,1,271.452,11.6737,76.4488,94.4,54.23
9,106,1,271.366,11.6418,76.5162,93.71,53.71
10,106,1,271.452,11.6658,76.4787,94.87,54.31
11,106,1,271.413,11.6469,76.5337,94.21,55.09
12,106,1,271.144,11.5707,76.7484,93.82,53.15
13,106,0,0,0,0,0,50.87
14,106,1,271.307,11.7018,76.6532,95.14,52.4
15,106,1,271.43,11.6935,76.4559,91.52,53.1
16,106,1,271.316,11.6872,76.5361,90.04,52.5
17,106,1,271.341,11.6954,76.4524,91.94,53.88
18,106,1,271.732,11.7584,76.1655,93.01,55.24
19,106,1,271.459,11.7299,76.4489,94.15,54.82
20,106,1,271.36,11.7382,76.473,95.71,54.9
21,106,1,271.23,11.7115,76.6353,94.67,55.28
22,106,1,271.333,11.7237,76.5593,93.39,54.87
23,106,1,271.41,11.7518,76.4849,94.43,54.36
24,106,1,271.465,11.7198,76.4968,93.69,54.98
25,106,1,271.12,11.775,76.6556,93.01,55.65
26,106,1,271.236,11.7272,76.6269,95.78,54.88
27,106,1,271.513,11.7423,76.4215,92.61,54.99
28,106,1,271.263,11.7587,76.6025,89.95,55.65
29,106,1,271.287,11.6619,76.6333,92.19,54.33
30,106,1,271.385,11.7425,76.5135,91.76,54.62
31,106,1,271.241,11.7461,76.6287,92.26,54.95
32,106,1,271.283,11.7377,76.5881,93.75,54.31
33,106,1,271.663,11.7599,76.1675,89.08,54.8
34,106,1,271.313,11.7181,76.5118,94.53,54.59
35,106,1,271.374,11.7373,76.5193,89.92,53.58
36,106,1,271.312,11.749,76.5481,94.58,54.01
37,106,1,271.334,11.7449,76.546,93.82,54.15
38,106,1,271.406,11.7828,76.5628,93.36,54.75
39,106,1,271.27,11.7066,76.6563,93.38,54.95
40,106,1,271.211,11.6773,76.6684,93.74,55.23
41,106,1,271.431,11.7984,76.356,92.03,54.98
42,106,1,271.205,11.7141,76.5354,94.27,55.01
43,106,1,271.479,11.8085,76.4148,90.86,54.76
44,106,1,271.334,11.7521,76.5703,93.45,54.66
45,106,1,271.455,11.839,76.4146,92.53,55.3
46,106,1,271.384,11.7428,76.4711,91.54,54.84
47,106,1,271.439,11.8227,76.4744,89.28,55.54
48,106,1,271.399,11.8294,76.5329,92.21,54.99
49,106,1,271.342,11.8004,76.6049,96.29,55.24
50,106,1,271.361,11.7432,76.4905,92.4,54.73
51,106,1,271.365,11.8293,76.5969,91,55.05
52,106,1,271.586,11.8058,76.2493,93.42,54.7
53,106,1,271.211,11.8277,76.6034,93.06,55.45
54,106,1,271.543,11.8268,76.3453,91.99,54.94
55,106,1,271.131,11.8175,76.6047,90.11,55.17
56,106,1,271.414,11.8569,76.5674,90.9,54.71
57,106,1,271.282,11.8022,76.4894,90.66,55.65
58,106,1,271.334,11.7936,76.4981,92.21,54.3
59,106,1,271.457,11.8551,76.4081,93.56,55.08
60,106,1,271.15,11.7536,76.5649,90.22,54.53
61,106,1,271.604,11.8347,76.2429,93.82,55.24
62,106,1,271.305,11.7973,76.5386,92.28,54.35
63,106,1,271.57,11.8702,76.2874,93.26,54.3
64,106,1,271.425,11.7946,76.4525,91.96,53.43
65,106,0,0,0,0,0,50.95
66,106,1,155.095,38.6028,51.6034,93.23,54.13
67,106,1,155.183,38.5978,51.5798,92.44,55.12
68,106,1,155.202,38.5934,51.5794,92.92,57.11
69,106,1,155.216,38.5568,51.5461,94.04,56.24
70,106,1,155.175,38.5814,51.5912,92.13,56.03
71,106,1,155.214,38.5655,51.5531,92.93,53.59
72,106,0,0,0,0,0,51.98
73,106,1,290.746,12.6389,62.4058,91.12,52.82
74,106,1,290.544,12.5875,62.5766,92.26,51.94
75,106,1,290.607,12.6119,62.5634,92.6,52.51
76,106,1,290.438,12.5868,62.5723,89.19,52.79
77,106,1,290.473,12.6444,62.6937,92.08,53.43
78,106,1,290.493,12.5912,62.5338,89.9,53.04
79,106,1,290.543,12.6156,62.57,91.02,53.06
80,106,1,290.423,12.6379,62.7084,95.1,53.87
81,106,1,290.505,12.624,62.5578,91.41,52.73
82,106,1,290.46,12.6034,62.5658,89.42,52.75
83,106,1,290.401,12.633,62.6393,92.17,53.55
84,106,1,290.296,12.641,62.7982,92.04,53.57
85,106,1,290.561,12.6431,62.5815,92.24,52.81
86,106,1,290.623,12.639,62.4462,92.87,53.27
87,106,1,290.596,12.624,62.4943,90.28,51.3
88,106,0,0,0,0,0,52.15
89,106,0,0,0,0,0,53.62
90,106,0,0,0,0,0,56.49
91,106,1,274.007,48.9287,47.6018,90.9,58.39
92,106,1,273.951,48.9189,47.6525,89.03,59.73
93,106,1,274.131,48.9029,47.6532,87.31,60.99
94,106,1,273.995,48.8728,47.581,88.82,59.96
95,106,1,274.147,48.9439,47.6149,89.81,61.83
96,106,1,274.153,48.935,47.5577,89.77,61.17
97,106,1,274.102,48.8552,47.6772,95.54,60.97
98,106,1,274.16,48.9521,47.5758,89.87,60.67
99,106,1,274.136,48.9391,47.5836,90.83,60.94
100,106,1,274.068,48.9134,47.5812,89.01,61.51
101,106,1,274.158,48.9305,47.6342,88.38,61.04
102,106,1,274.051,48.942,47.6051,95.33,61.75
103,106,1,274.004,48.9257,47.639,89.24,60.77
104,106,1,274.219,48.9462,47.6145,89.38,61.6
105,106,1,274.076,48.933,47.5986,98.17,60.98
106,106,1,274.088,48.9389,47.6011,89.34,61.69
107,106,1,274.046,48.9434,47.6399,89.77,61.32
108,106,1,274.164,48.9748,47.5995,87.79,61.59
109,106,1,274.027,48.9094,47.6468,89.33,61.21
110,106,1,274.024,48.9186,47.614,87.56,60.71
111,106,1,274.009,48.9176,47.6311,95.25,61.53
112,106,1,274.148,48.9365,47.6485,87.69,61.2
113,106,1,274.082,48.9535,47.6224,93.32,60.41
114,106,1,274.058,48.9123,47.6327,89.03,60.8
115,106,1,273.99,48.9664,47.589,88.35,61.5
116,106,1,274.02,48.9443,47.6146,90.53,60.37
117,106,1,274.083,48.9568,47.6445,88.71,61.07
118,106,1,274.157,48.9734,47.5389,88.79,60.95
119,106,1,274.112,48.9001,47.593,88.04,61.56
120,106,1,274.05,48.9531,47.5772,89.45,61
121,106,1,274.06,48.9381,47.6197,88.5,60.86
122,106,1,274.035,48.9642,47.6513,88.29,61.5
123,106,1,274.084,48.9753,47.5939,89.83,60.79
124,106,1,274.131,48.9777,47.5815,89.48,61.05
125,106,1,274.132,48.981,47.58,88.95,60.69
126,106,1,274.042,48.9684,47.6393,90.63,60.68
127,106,1,274.016,48.9494,47.5377,90.12,61.24
128,106,1,274.011,48.9621,47.6435,97.18,61.16
129,106,1,274.119,49.0006,47.556,90.18,61.54
130,106,1,274.104,49.0101,47.6389,88.65,60.46
131,106,1,274.007,48.9878,47.6123,88.89,61.06
132,106,1,274.01,48.9845,47.6521,88.78,60.71
133,106,1,274.08,48.9738,47.5698,89.87,60.9
134,106,1,273.932,48.996,47.6008,89.2,61.28
135,106,1,273.973,49.0183,47.6231,85.86,61.8
136,106,1,274.027,48.9623,47.5582,88.5,61.53
137,106,1,273.937,49.0156,47.688,86.56,60.52
138,106,1,274.066,48.9836,47.5461,90.13,61.23
139,106,1,274.108,49.0298,47.5921,88.85,61.1
140,106,1,274.081,49.0044,47.6341,89.4,61.19
141,106,1,274.018,48.9954,47.609,97.12,60.94
142,106,1,273.972,48.9782,47.5698,88.95,61.04
143,106,1,273.975,49.0123,47.6421,88.59,60.7
144,106,1,274.003,49.0339,47.6042,86.76,60.84
145,106,1,274.045,49.0365,47.6776,90.23,61.23
146,106,1,274.143,49.0253,47.6155,88.34,61.1
147,106,1,274.023,49.013,47.6383,89.02,61.22
148,106,1,274.006,49.0274,47.6532,88.45,61.12
149,106,1,274.006,48.9828,47.597,90.2,61.21
150,106,1,274.011,49.0149,47.6726,88.15,60.96
151,106,1,273.954,49.0042,47.6633,87.62,60.83
152,106,1,273.955,49.0445,47.61,87.99,61.03
153,106,1,273.922,49.0196,47.7038,86.81,61.41
154,106,1,273.903,49.0343,47.6006,88.22,60.2
155,106,1,274.01,49.0234,47.6335,95.22,61.31
156,106,1,273.89,49.0113,47.6407,95.84,60.87
157,106,1,274.033,49.0223,47.6275,89.6,61.63
158,106,1,273.999,49.0461,47.6456,95.98,61.32
159,106,1,274.011,49.0292,47.6221,95.35,60.62
160,106,1,273.998,49.0026,47.5848,88.1,60.06
161,106,1,274.071,49.109,47.5774,85.92,57.62
162,106,1,273.992,49.1016,47.6401,84.59,60.07
163,106,1,273.994,49.0259,47.6133,88.6,60.54
164,106,1,273.894,49.0566,47.6687,87.87,60.13
165,106,1,273.982,49.0259,47.5992,87.37,60.48
166,106,1,273.938,49.0669,47.7037,88.7,61.14
167,106,1,273.944,49.0433,47.7025,88.73,61.14
168,106,1,273.851,49.019,47.7261,87.33,60.78
169,106,1,273.858,48.9932,47.6914,87.99,61.02
170,106,1,274.001,49.0478,47.7354,88.25,61.2
171,106,1,273.953,49.087,47.7379,88.85,61.56
172,106,1,273.836,48.9944,47.6954,86.73,59.88
173,106,0,0,0,0,0,56.88
174,106,1,278.434,39.9688,55.4679,92.31,59.3
175,106,1,278.51,39.9942,55.4797,91.6,58.96
176,106,1,278.393,39.9801,55.4441,90.28,59.37
177,106,1,278.367,39.9646,55.4591,91.25,59.45
178,106,1,278.467,39.9569,55.4214,92.47,59.83
179,106,1,278.457,40.0084,55.458,91.78,59.26
180,106,1,278.5,39.9598,55.4741,93.44,59.67
181,106,1,278.491,40.0138,55.4519,95.36,60.51
182,106,1,278.571,40.0316,55.4143,93.89,59.79
183,106,1,278.59,40.0057,55.4695,96.07,60.98
184,106,1,278.558,40.0359,55.4296,94.32,60.66
185,106,1,278.595,40.0135,55.4663,94.01,60.04
186,106,1,278.577,40.0501,55.4712,93.24,60.22
187,106,1,278.495,40.0255,55.3965,93.65,60.27
188,106,1,278.586,39.9838,55.4006,93.5,60.24
189,106,1,278.476,39.976,55.4278,95.1,60.34
190,106,1,278.584,40.052,55.4455,94.48,60.25
191,106,1,278.582,40.0709,55.4116,93.83,61.13
192,106,1,278.539,40.0519,55.4212,90.61,60.54
193,106,1,278.499,40.0789,55.4126,91.33,59.72
194,106,1,278.675,40.0946,55.3789,91.74,59.95
195,106,1,278.543,40.0354,55.4683,94.55,60.58
196,106,1,278.555,40.081,55.4474,91.57,57.77
197,106,0,0,0,0,0,56.43
198,106,1,177.643,21.5749,5.4658,93.19,56.51
199,106,1,177.506,21.5552,5.48459,92.16,58.48
200,106,1,177.519,21.5754,5.53662,93.98,59
201,106,1,177.646,21.5428,5.46461,92,57.51
202,106,1,177.478,21.5311,5.52593,93.02,56.08
203,106,1,177.578,21.6085,5.48814,91.63,53.34
204,106,0,0,0,0,0,52.65
205,106,1,66.2304,15.4842,70.6145,87.72,50.19
206,106,1,66.3254,15.533,70.3368,94.16,50.67
207,106,1,66.3759,15.4864,70.367,89.43,52.43
208,106,1,66.6709,15.4357,69.9867,85.42,52.99
209,106,1,66.7023,15.4094,69.9911,86.82,53.22
210,106,1,66.4053,15.4778,70.1673,85.43,54.1
211,106,1,66.3665,15.4897,70.283,94.51,53.92
212,106,1,66.1621,15.5553,70.418,84.17,54.05
213,106,1,66.5549,15.4221,70.0475,83.78,53.05
214,106,1,66.5607,15.4258,70.1009,92.22,54.23
215,106,1,66.498,15.4383,70.1233,91.44,53.76
216,106,1,66.5596,15.4357,70.0802,94.75,53.34
217,106,1,66.4384,15.4569,70.2251,93.15,53.67
218,106,1,66.2696,15.5064,70.4492,83.4,53.77
219,106,1,66.4472,15.4822,70.264,84.02,54.25
220,106,1,66.4509,15.4167,70.152,85.5,53.6
221,106,1,66.2965,15.4696,70.3949,91.67,53.83
222,106,1,66.5944,15.3655,70.1092,82.47,53.48
223,106,1,66.5237,15.4001,70.1444,91.84,52.49
224,106,0,0,0,0,0,51.87
225,106,1,187.077,38.6697,81.288,93.76,56.51
226,106,1,187.037,38.7963,81.2766,94.61,56.29
227,106,1,186.777,38.8316,81.3903,92.25,57.9
228,106,1,187.047,38.827,81.361,93.24,56.77
229,106,1,186.996,38.7528,81.3396,92.75,57.13
230,106,1,187.02,38.6692,81.2923,93.85,57.98
231,106,1,186.969,38.8041,81.266,91.07,57.38
232,106,1,187.097,38.8334,81.2193,92.43,56.54
233,106,1,187.063,38.7614,81.3212,95.8,57.94
234,106,1,186.935,38.8331,81.3115,94.07,57.61
235,106,1,186.832,38.8459,81.4708,94.28,58.05
236,106,1,187.14,38.8231,81.2425,92.61,53.61
237,106,1,66.5464,15.371,70.1697,93.1,51.62
238,106,1,66.3165,15.4503,70.3242,93.74,52.62
239,106,1,66.3607,15.3928,70.2775,84.9,53.49
240,106,1,66.5651,15.3498,69.9575,83.41,52.68
241,106,1,66.1471,15.4632,70.486,88.22,52.66
242,106,1,66.5158,15.3796,70.1093,90.51,52.85
243,106,1,66.4816,15.386,70.2444,92.46,52.2
244,106,1,66.5975,15.3562,70.1138,91.46,52.63
245,106,1,66.5035,15.3591,70.1918,94.05,53.98
246,106,1,66.3629,15.384,70.1509,85.77,52.34
247,106,1,66.4805,15.3489,70.2132,86.4,54.53
248,106,1,66.4188,15.3429,70.2307,85.57,53.38
249,106,1,66.4344,15.408,70.1884,86.53,50.22
250,106,2,346.892,44.2365,59.4472,86.09,53.46
251,106,2,346.737,44.2679,59.3398,85.94,54.13
252,106,2,346.43,44.149,59.5818,88.05,54.17
253,106,2,346.664,44.2614,59.5319,89.56,50.32
254,106,0,0,0,0,0,36.83
255,106,0,0,0,0,0,35.13
0,107,0,0,0,0,0,31.08
1,107,0,0,0,0,0,27.54
2,107,0,0,0,0,0,32.34
3,107,0,0,0,0,0,51.29
4,107,1,42.9511,39.7973,75.0213,85.37,41.46
5,107,0,0,0,0,0,51.45
6,107,1,271.567,11.6738,76.2743,88.9,53.42
7,107,1,271.449,11.6543,76.4292,93.29,53.24
8,107,1,271.319,11.6511,76.5368,92.08,54.23
9,107,1,271.187,11.6216,76.6097,92.92,52.32
10,107,1,271.384,11.6725,76.5768,94.77,52.84
11,107,1,271.228,11.6554,76.6838,92.08,54.34
12,107,1,271.161,11.6366,76.6882,93.21,53.3
13,107,1,271.282,11.6587,76.6346,94.46,53.36
14,107,1,271.188,11.6756,76.6204,92.6,54.9
15,107,1,271.378,11.7089,76.5982,91.61,53.15
16,107,1,271.198,11.6965,76.709,89.85,51.74
17,107,1,271.41,11.7154,76.4895,92.23,53.29
18,107,1,271.421,11.6988,76.3889,94.99,54.78
19,107,1,271.435,11.7021,76.4298,91.99,54.86
20,107,1,271.401,11.757,76.501,94.9,54.29
21,107,1,271.568,11.7634,76.357,91.2,54.96
22,107,1,271.376,11.6996,76.5095,91.73,54.31
23,107,1,271.392,11.7788,76.5845,91.85,55.41
24,107,1,271.366,11.7898,76.6207,91.58,54.88
25,107,1,271.231,11.6945,76.6134,92.08,55.06
26,107,1,271.236,11.7481,76.6017,94.41,55.17
27,107,1,271.302,11.7365,76.5574,93.37,55.36
28,107,1,271.391,11.6965,76.5137,92.68,54.46
29,107,1,271.456,11.7927,76.5718,91.81,55.66
30,107,1,271.346,11.7069,76.5565,92.77,54.81
31,107,1,271.628,11.7608,76.2345,92.92,54.61
32,107,1,271.263,11.7655,76.4946,92.83,55.35
33,107,1,271.122,11.7081,76.6413,95,54.94
34,107,1,271.273,11.7228,76.5508,91.86,54.66
35,107,1,271.42,11.8134,76.3985,93.47,55.45
36,107,1,271.219,11.7634,76.6134,93.27,55.03
37,107,1,271.363,11.7754,76.472,90.34,55.31
38,107,1,271.306,11.8318,76.579,93.31,55.65
39,107,1,271.312,11.7287,76.5846,91.53,54.75
40,107,1,271.463,11.8124,76.3945,91.63,54.57
41,107,1,271.265,11.7516,76.5151,91.35,55.36
42,107,1,271.327,11.7434,76.44,91.58,55.97
43,107,1,271.278,11.6932,76.5728,91.38,54.23
44,107,1,271.292,11.764,76.5957,94.02,54.17
45,107,1,271.58,11.7986,76.3193,91.74,54.11
46,107,1,271.167,11.7777,76.6539,92.6,55.56
47,107,1,271.192,11.755,76.7037,92.86,54.27
48,107,1,271.345,11.8502,76.572,94.42,56.04
49,107,1,271.306,11.7586,76.5051,92.77,55.67
50,107,1,271.34,11.801,76.6256,94.18,54.89
51,107,1,271.415,11.8024,76.4051,94.32,54.61
52,107,1,271.424,11.7932,76.3813,93.11,54.67
53,107,1,271.611,11.809,76.1677,90.35,54.99
54,107,1,271.336,11.7765,76.5659,92.9,54.33
55,107,1,271.141,11.7716,76.6147,92.98,55.02
56,107,1,271.197,11.74,76.5253,91.41,55.25
57,107,1,271.252,11.7942,76.5902,95.47,54.56
58,107,1,271.394,11.8197,76.4446,90.05,56
59,107,1,271.283,11.7857,76.5462,91.51,54.24
60,107,1,271.582,11.8139,76.2521,92.45,55.65
61,107,1,271.178,11.8053,76.682,95.2,55.4
62,107,1,271.293,11.8526,76.5803,91.18,55.68
63,107,1,271.294,11.8243,76.5397,93.4,53.11
64,107,0,0,0,0,0,51.02
65,107,1,155.153,38.5988,51.6212,84.26,53.9
66,107,1,155.2,38.5848,51.5813,90.9,56.81
67,107,1,155.276,38.5846,51.5473,95.63,55.92
68,107,1,155.175,38.5906,51.561,94.12,57.02
69,107,1,155.276,38.5891,51.547,92.32,56.52
70,107,1,155.197,38.5573,51.5469,88.91,55.78
71,107,0,0,0,0,0,52.34
72,107,1,290.724,12.603,62.3614,88.7,51.28
73,107,1,290.499,12.5935,62.622,91.55,52.7
74,107,1,290.521,12.5756,62.4921,91.01,52.54
75,107,1,290.602,12.615,62.4631,93.33,52.64
76,107,1,290.473,12.5632,62.5698,91.9,52.73
77,107,1,290.531,12.5997,62.5536,91.58,52.53
78,107,1,290.515,12.6175,62.5983,90.72,52.73
79,107,1,290.394,12.6226,62.7608,94.52,53.15
80,107,1,290.435,12.5654,62.6029,90.4,52.45
81,107,1,290.405,12.5877,62.6247,86.4,52.21
82,107,1,290.485,12.6542,62.5935,91.18,53.23
83,107,1,290.633,12.6197,62.5133,92.94,53.23
84,107,1,290.427,12.6013,62.5611,92.22,52.37
85,107,1,290.467,12.626,62.5682,92.59,52.38
86,107,1,290.555,12.6274,62.5529,94.69,54.31
87,107,1,290.521,12.6176,62.558,92.25,52.76
88,107,1,290.589,12.6178,62.5237,92.7,52.77
89,107,1,290.581,12.6277,62.4918,87.24,52.14
90,107,0,0,0,0,0,51.99
91,107,0,0,0,0,0,55.35
92,107,1,273.971,48.9401,47.5932,93.98,57.13
93,107,1,274.1,48.9391,47.6125,88.15,59.91
94,107,1,274.003,48.9416,47.596,95.78,60.57
95,107,1,274.131,48.882,47.5953,86.64,60.38
96,107,1,273.984,48.9444,47.574,89.5,60.93
97,107,1,274.16,48.9473,47.6252,88.48,60.88
98,107,1,274.14,48.9437,47.6252,88.74,60.86
99,107,1,274.044,48.913,47.5944,89.6,60.26
100,107,1,274.071,48.9289,47.5969,88.99,60.87
101,107,1,274.101,48.9384,47.6223,88.9,60.69
102,107,1,274.074,48.9018,47.6119,87.77,61.12
103,107,1,274.09,48.9141,47.5464,89.96,61.28
104,107,1,274.042,48.8968,47.5979,88.11,60.58
105,107,1,274.028,48.869,47.5289,89.82,61.03
106,107,1,274.071,48.925,47.5921,94.14,60.34
107,107,1,274.002,48.9172,47.5782,89.68,61
108,107,1,274.053,48.9261,47.6032,88.65,61.15
109,107,1,274.123,48.9694,47.5676,90.55,61.37
110,107,1,274.091,48.9401,47.5896,90.03,61.06
111,107,1,274.103,48.9468,47.6173,89.17,61.35
112,107,1,274.137,48.9321,47.6443,94.28,60.4
113,107,1,274.066,48.9558,47.5633,89.27,61.78
114,107,1,274.039,48.8963,47.6351,89.08,61.19
115,107,1,273.985,48.9161,47.6126,94.86,60.48
116,107,1,274.042,48.9263,47.5793,90.3,61.02
117,107,1,274.105,48.949,47.5603,89.89,60.54
118,107,1,274.031,48.9431,47.6322,89.02,60.57
119,107,1,274.04,48.9462,47.5749,89.37,61.29
120,107,1,274.063,48.9439,47.6456,89.39,61.48
121,107,1,274.011,48.9599,47.626,88.06,61.86
122,107,1,274.128,48.8796,47.7892,80.29,61.19
123,107,1,274.08,48.9918,47.6392,89.13,61.2
124,107,1,273.973,48.926,47.6212,88.57,60.02
125,107,1,274.057,48.954,47.5911,96.16,61.76
126,107,1,273.995,48.9834,47.641,88.41,60.66
127,107,1,274.013,48.984,47.5241,87.96,60.98
128,107,1,274.11,48.9663,47.5478,89.67,60.99
129,107,1,274.057,48.9571,47.5935,90.21,60.93
130,107,1,273.984,48.9842,47.624,87.81,60.51
131,107,1,274.007,48.9793,47.6568,88.78,60.81
132,107,1,274.087,48.9714,47.6318,89.23,60.87
133,107,1,274.125,48.9802,47.5905,90.72,60.68
134,107,1,273.958,48.9785,47.6624,89.2,60.78
135,107,1,274.108,48.9948,47.6135,88.06,61.92
136,107,1,274.103,49.0193,47.6761,94.81,60.93
137,107,1,274.039,48.9796,47.6493,97.12,61.42
138,107,1,274.064,49.0096,47.572,87.98,61.58
139,107,1,274.059,48.9858,47.6406,88.91,60.63
140,107,1,274.01,48.9905,47.6213,95.26,60.06
141,107,1,273.954,49.0759,47.6969,88.91,60.3
142,107,1,274.117,49.0149,47.5794,90.26,60.93
143,107,1,274.019,48.9837,47.6669,88.34,60.22
144,107,1,274.022,48.9702,47.6373,89.81,61.83
145,107,1,274.052,49.0426,47.6655,88.54,60.68
146,107,1,274.101,49.0178,47.6183,87.85,60.87
147,107,1,274.042,49.0329,47.6288,91.02,61.34
148,107,1,273.983,49.0197,47.6379,95.79,62.02
149,107,1,274.001,49.0045,47.6592,88.59,60.94
150,107,1,273.959,49.0412,47.6669,94.11,61.35
151,107,1,274.03,49.0378,47.6688,88.06,60.98
152,107,1,273.968,49.0236,47.6513,87.12,61.56
153,107,1,273.976,49.0365,47.6465,88.86,60.87
154,107,1,274.034,49.0134,47.6663,89.57,61.05
155,107,1,273.994,48.9926,47.6731,87.59,61.51
156,107,1,273.884,48.9967,47.7408,89.4,61.34
157,107,1,274.053,49.0463,47.609,89.58,61.53
158,107,1,273.992,49.0072,47.6687,87.86,61.26
159,107,1,273.969,49.0258,47.6273,88.61,61.24
160,107,1,273.863,49.0258,47.6531,86.58,58.97
161,107,1,273.924,49.0929,47.6967,92.58,54.84
162,107,1,273.945,49.079,47.6719,93.47,58.87
163,107,1,274.013,49.0561,47.649,87.4,61.2
164,107,1,273.966,49.0206,47.6745,96.33,60.05
165,107,1,273.949,49.0257,47.6151,86.63,60.74
166,107,1,273.932,49.0319,47.6963,86.34,59.77
167,107,1,273.962,49.0677,47.6991,89.11,61.13
168,107,1,273.972,49.0844,47.7431,89.3,60.8
169,107,1,273.927,49.0134,47.6515,89.25,61.2
170,107,1,273.939,49.0419,47.7413,88.3,61.48
171,107,1,273.826,49.0027,47.7394,84.31,60.32
172,107,1,273.856,48.9916,47.7524,87.58,60.55
173,107,0,0,0,0,0,56.66
174,107,1,278.459,39.968,55.4844,94.06,58.28
175,107,1,278.438,39.9653,55.4879,92.32,58.72
176,107,1,278.437,39.9675,55.4886,95.59,59.65
177,107,1,278.445,39.9489,55.4783,95.01,60.18
178,107,1,278.494,39.9891,55.4791,93.43,58.96
179,107,1,278.434,39.9383,55.4728,95.62,59.77
180,107,1,278.456,39.9309,55.4701,93.26,60.77
181,107,1,278.517,39.9838,55.4675,93.17,60.4
182,107,1,278.448,39.967,55.4752,91.66,60.13
183,107,1,278.416,39.9533,55.4416,92.41,60.79
184,107,1,278.488,39.9508,55.4444,93.7,60.62
185,107,1,278.514,39.9811,55.4489,93.59,60.08
186,107,1,278.593,40.0122,55.4145,95.73,60.49
187,107,1,278.484,40.0044,55.438,93.53,59.66
188,107,1,278.559,40.0073,55.4432,93.65,60.09
189,107,1,278.502,40.0125,55.4288,90.08,59.73
190,107,1,278.459,40.0389,55.461,92.47,59.98
191,107,1,278.535,40.0677,55.4009,85.86,60.52
192,107,1,278.539,40.013,55.4078,93.93,60.56
193,107,1,278.712,40.1265,55.4248,94.73,60.85
194,107,1,278.553,40.0642,55.482,94.68,60.09
195,107,1,278.624,40.0924,55.4546,94.15,56.82
196,107,0,0,0,0,0,56.55
197,107,1,177.829,21.5634,5.34814,90.12,57.3
198,107,1,177.664,21.5425,5.42168,91.73,58.77
199,107,1,177.552,21.5425,5.46724,91,57.65
200,107,1,177.676,21.5708,5.4137,90.97,57.51
201,107,1,177.683,21.5758,5.422,92.96,54.23
202,107,0,0,0,0,0,52.44
203,107,0,0,0,0,0,51.01
204,107,1,66.4743,15.5093,70.2926,91.37,50.73
205,107,1,66.6574,15.4392,70.0569,93.54,51.75
206,107,1,66.6116,15.4516,70.0318,92.05,53.77
207,107,1,66.3964,15.524,70.2047,93.16,53.59
208,107,1,66.426,15.5263,70.2711,93.34,53.36
209,107,1,66.442,15.5105,70.1983,92.3,53.65
210,107,1,66.5242,15.4625,70.149,93.16,52.95
211,107,1,66.5372,15.4401,70.1736,92.28,52.92
212,107,1,66.462,15.4449,70.1619,91.53,54.49
213,107,1,66.4136,15.4996,70.2766,93.64,53.85
214,107,1,66.4769,15.4672,70.1899,85.58,53.69
215,107,1,66.5812,15.4326,70.0547,85.24,53.93
216,107,1,66.2248,15.508,70.3857,85.83,53.39
217,107,1,66.3081,15.5035,70.3338,86.13,53.82
218,107,1,66.6174,15.3722,70.0658,82.62,52.93
219,107,1,66.3956,15.483,70.3165,93.14,53.81
220,107,1,66.5529,15.3959,70.0943,83.79,53.43
221,107,1,66.5561,15.4148,70.0918,91.15,53.28
222,107,1,66.3539,15.4539,70.3172,93.28,53.77
223,107,1,66.4585,15.4205,70.2589,89.71,53.21
224,107,0,0,0,0,0,51.14
225,107,1,187.071,38.6986,81.2971,91.64,55.85
226,107,1,186.971,38.8008,81.2934,91.77,56.94
227,107,1,186.972,38.6663,81.3104,94.32,57.29
228,107,1,187.024,38.8254,81.2796,93.16,57.26
229,107,1,187.031,38.7922,81.2563,92.95,57.05
230,107,1,187.062,38.7432,81.2644,95.32,56.51
231,107,1,186.973,38.8481,81.3081,91.07,57
232,107,1,187.075,38.6796,81.2612,93.43,57.6
233,107,1,187.049,38.7879,81.2262,94.06,56.71
234,107,1,186.876,38.7153,81.3518,94.5,56.99
235,107,1,187.002,38.8164,81.3426,94.22,57.4
236,107,1,186.936,38.834,81.3083,93.24,55.24
237,107,0,0,0,0,0,51.69
238,107,1,66.2026,15.4681,70.4746,86.25,52.29
239,107,1,66.2969,15.4476,70.3443,93.26,53.21
240,107,1,66.3533,15.4386,70.4113,82.93,53.04
241,107,1,66.5436,15.3805,70.0626,92.44,52.63
242,107,1,66.365,15.3789,70.2782,85.44,54.36
243,107,1,66.5227,15.3902,70.0569,87.42,53.56
244,107,1,66.3963,15.3821,70.2143,94.36,54.2
245,107,1,66.3869,15.3696,70.1812,94.81,53.57
246,107,1,66.4023,15.3523,70.3098,93.45,53.71
247,107,1,66.2028,15.4386,70.4236,86.09,52.49
248,107,1,66.2022,15.4423,70.4035,86.56,53.52
249,107,1,66.2961,15.4404,70.3268,93.01,52.06
250,107,0,0,0,0,0,50.09
251,107,2,346.823,44.2484,59.4461,87.83,53.24
252,107,2,346.654,44.0987,59.6007,89.43,52.1
253,107,2,346.641,44.0379,59.6734,88.63,48.44
254,107,0,0,0,0,0,37.52
255,107,0,0,0,0,0,34.63
0,108,0,0,0,0,0,30.53
1,108,0,0,0,0,0,28.72
2,108,2,190.912,45.6493,66.3727,41.85,31.86
3,108,0,0,0,0,0,52.35
4,108,1,42.8869,39.8106,75.0359,84.07,44.58
5,108,0,0,0,0,0,51.76
6,108,1,271.635,11.6802,76.1514,86.1,51.07
7,108,1,271.308,11.6594,76.5814,92.65,53.38
8,108,1,271.175,11.641,76.6839,92.66,53.74
9,108,1,271.356,11.6645,76.502,92.26,52.61
10,108,1,271.195,11.6909,76.6761,92.63,52.85
11,108,1,271.238,11.6725,76.7063,92.84,53.85
12,108,1,271.186,11.663,76.7733,89.33,53.95
13,108,1,271.418,11.6952,76.4011,92.91,54.68
14,108,1,271.162,11.6723,76.7049,92.86,55.29
15,108,1,271.261,11.6435,76.6229,92.04,53.72
16,108,1,271.356,11.7034,76.5471,92.93,52.19
17,108,1,271.344,11.6992,76.5124,90.52,53.67
18,108,1,271.393,11.7134,76.5007,94.33,55.18
19,108,1,271.468,11.6957,76.3846,92.33,54.84
20,108,1,271.34,11.7655,76.5475,92.34,54.52
21,108,1,271.434,11.7295,76.3528,95.5,54.69
22,108,1,271.428,11.7634,76.4406,90.65,55.01
23,108,1,271.454,11.7253,76.4295,94.09,54.77
24,108,1,271.43,11.7354,76.532,94.47,54.93
25,108,1,271.321,11.7153,76.5731,91.5,55.09
26,108,1,270.743,11.8709,77.036,86.4,55.57
27,108,1,271.293,11.7288,76.5736,96.05,54.43
28,108,1,271.383,11.7103,76.5117,93.02,54.38
29,108,1,271.268,11.7192,76.5534,92.03,54.86
30,108,1,271.314,11.7518,76.6114,93.69,55.62
31,108,1,271.371,11.7293,76.5067,95.32,54.44
32,108,1,271.332,11.7719,76.5049,90.4,54.44
33,108,1,271.293,11.7474,76.6202,94.94,54.65
34,108,1,271.272,11.7491,76.6328,93.25,55.02
35,108,1,271.408,11.758,76.5305,93.65,55.25
36,108,1,271.444,11.8243,76.5069,91.53,55.25
37,108,1,271.298,11.7552,76.5308,93.11,55.47
38,108,1,271.43,11.7956,76.4321,91.67,54.76
39,108,1,271.476,11.7864,76.3383,91.18,55
40,108,1,271.13,11.7821,76.7742,93.56,55.04
41,108,1,271.322,11.7757,76.5042,91.11,54.45
42,108,1,271.589,11.8037,76.2846,93.27,54.5
43,108,1,271.349,11.7583,76.4599,92.72,54.54
44,108,1,271.284,11.8027,76.5163,93.02,55.34
45,108,1,271.269,11.7721,76.5569,94.21,55.05
46,108,1,271.325,11.7783,76.5165,94.76,54.96
47,108,1,271.45,11.7669,76.393,93.67,54.96
48,108,1,271.32,11.7778,76.5215,95.66,54.51
49,108,1,271.343,11.7893,76.5326,93.07,54.67
50,108,1,271.55,11.7906,76.2755,93.62,54.6
51,108,1,271.366,11.7853,76.5108,96.79,55.34
52,108,1,271.4,11.7863,76.4948,92.88,55.1
53,108,1,271.356,11.7995,76.4803,95.92,54.75
54,108,1,271.382,11.8065,76.4242,90.76,55.49
55,108,1,271.254,11.8218,76.644,86.05,55.58
56,108,1,271.34,11.7717,76.4698,94.87,54.25
57,108,1,271.338,11.7645,76.4962,91.91,54.43
58,108,1,271.302,11.7986,76.5719,93.9,55.03
59,108,1,271.181,11.7896,76.6568,93.44,55.33
60,108,1,271.183,11.7884,76.6985,93.06,54.39
61,108,1,271.125,11.8465,76.772,92.86,55.82
62,108,1,271.249,11.7666,76.5639,91.96,53.2
63,108,1,271.457,11.8173,76.4324,90.29,50.82
64,108,1,155.045,38.6248,51.6241,85.09,52.84
65,108,1,155.111,38.6029,51.6401,94.15,56.28
66,108,1,155.306,38.5769,51.5275,90.45,56.27
67,108,1,155.295,38.5655,51.5427,94.09,55.48
68,108,1,155.246,38.5949,51.5363,93.62,55.53
69,108,1,155.245,38.592,51.5369,93.12,55.29
70,108,0,0,0,0,0,52.63
71,108,1,290.553,12.5765,62.5065,91.89,51.53
72,108,1,290.548,12.6062,62.5682,90.62,52
73,108,1,290.56,12.6022,62.562,91.82,52.84
74,108,1,290.5,12.5735,62.5678,92.97,52.7
75,108,1,290.514,12.6033,62.6211,92.72,52.33
76,108,1,290.495,12.5989,62.5486,90.14,52.69
77,108,1,290.545,12.6229,62.6047,91.79,53.6
78,108,1,290.534,12.6233,62.5772,91.02,52.5
79,108,1,290.511,12.6045,62.5492,93.2,52.72
80,108,1,290.501,12.635,62.669,92.19,52.88
81,108,1,290.419,12.626,62.676,94.81,53.56
82,108,1,290.527,12.6181,62.5004,89.25,52.57
83,108,1,290.548,12.6197,62.5475,93.74,52.9
84,108,1,290.49,12.6249,62.6407,93.85,53.28
85,108,1,290.417,12.6072,62.6394,91.71,53.13
86,108,1,290.277,12.5748,62.7396,91.93,54.17
87,108,1,290.535,12.614,62.551,91.01,53.33
88,108,1,290.373,12.6134,62.6062,91.9,53.27
89,108,1,290.568,12.6262,62.4678,94.32,53.32
90,108,1,290.753,12.6845,62.4211,90.55,52.05
91,108,0,0,0,0,0,52.34
92,108,0,0,0,0,0,54.35
93,108,1,274.013,48.954,47.5727,85.63,56.47
94,108,1,274.058,48.9003,47.6046,87.05,59
95,108,1,274.089,48.9413,47.6079,89.18,60.35
96,108,1,274.125,48.9382,47.6173,88.3,60.83
97,108,1,274.183,48.9207,47.5793,87.35,60.95
98,108,1,274.02,48.8886,47.6023,88.7,61.02
99,108,1,274.079,48.9085,47.6013,89.88,60.58
100,108,1,274.031,48.9116,47.5698,89.58,60.8
101,108,1,274.077,48.9325,47.6281,88.16,60.48
102,108,1,274.167,48.9678,47.5995,97.23,60.58
103,108,1,274.1,48.9353,47.624,89.94,61.44
104,108,1,274.053,48.953,47.5854,89.23,60.49
105,108,1,274.047,48.9373,47.6412,90.44,61.31
106,108,1,273.996,48.9047,47.6326,89.82,61.36
107,108,1,274.009,48.924,47.6388,89.59,60.5
108,108,1,274.179,48.9446,47.6382,86.86,61.46
109,108,1,274.218,48.8726,47.5729,94.58,61.31
110,108,1,274.03,48.9313,47.6372,89.19,60.33
111,108,1,274.038,48.9362,47.6548,89.13,60.38
112,108,0,0,0,0,0,61.81
113,108,1,274.049,48.9201,47.611,90.4,61.56
114,108,1,274.087,48.9432,47.6413,89.36,60.46
115,108,1,274.091,48.9532,47.6729,86.9,60.67
116,108,1,274.116,48.981,47.6498,89.05,61.26
117,108,1,274.009,48.9713,47.632,94.37,60.03
118,108,1,274.041,48.9579,47.6434,90.94,61.05
119,108,1,274.037,48.9046,47.5849,89.23,61.23
120,108,1,274.045,48.9235,47.5457,88.59,60.68
121,108,1,274.122,48.9404,47.6176,86.98,61.36
122,108,1,273.923,48.9488,47.6649,87.98,61.4
123,108,1,274.021,48.9806,47.6378,92.61,60.32
124,108,1,274.051,48.9905,47.6479,89.45,61.24
125,108,1,274.106,48.9609,47.5981,90.02,61.1
126,108,1,273.995,48.9409,47.551,90.08,61.1
127,108,1,274.063,49.0095,47.5471,89.52,60.58
128,108,1,274.004,48.9827,47.662,89.53,60.58
129,108,1,274.123,48.9713,47.6742,87.79,61.03
130,108,1,274.08,49.0385,47.5952,84.69,60.28
131,108,1,274.085,48.9825,47.5882,89.93,60.46
132,108,1,274.055,48.9899,47.6453,88.24,60.73
133,108,1,274.056,49.0177,47.6075,86.08,60.03
134,108,1,274.038,49.0144,47.6652,87.73,60.86
135,108,1,274.198,48.9795,47.5333,88.64,61.08
136,108,1,274.119,49.0004,47.5555,89.74,61.52
137,108,1,274.048,49.0087,47.6507,89.47,60.82
138,108,1,273.985,48.9783,47.6402,87.65,60
139,108,1,274.083,48.9905,47.589,89.94,60.82
140,108,1,274.07,49.0109,47.6486,87.28,60.65
141,108,1,274.02,48.9714,47.5871,88.7,61.54
142,108,1,274.028,49.0156,47.645,96.06,60.77
143,108,1,274.043,49.0184,47.5287,87.01,61.56
144,108,1,273.988,49.0097,47.6278,88.75,61.88
145,108,1,273.993,49.0321,47.6243,87.91,61.4
146,108,1,274.275,49.0833,47.3537,84.8,61.52
147,108,1,273.982,49.0338,47.6035,87.19,60.2
148,108,1,274.05,49.0278,47.6726,88.76,62.15
149,108,1,273.99,49.0149,47.481,86.81,60.89
150,108,1,273.974,48.9962,47.6207,90.94,61.43
151,108,1,273.956,49.0075,47.6579,88.55,61.55
152,108,1,273.975,49.048,47.5878,94.01,60.91
153,108,1,274.062,49.0632,47.6765,89.05,60.56
154,108,1,273.947,49.004,47.6542,88.85,60.73
155,108,1,274.094,49.037,47.6674,88.64,60.67
156,108,1,274.173,49.0345,47.6324,94.88,60.6
157,108,1,274.023,49.0559,47.6314,88.26,61.09
158,108,1,274.039,49.0225,47.6911,96.6,60.9
159,108,1,273.974,49.0064,47.5921,88.2,60.75
160,108,1,273.9,49.0108,47.6886,93.1,57.48
161,108,1,273.909,49.1039,47.7405,89.67,54.11
162,108,1,273.899,49.0582,47.6946,94.01,57.88
163,108,1,274.033,49.0416,47.6865,89.39,60.88
164,108,1,273.979,49.0503,47.7098,88.78,61.58
165,108,1,274.064,49.0577,47.7034,87.95,61.47
166,108,1,274.008,49.0638,47.6797,94.8,61.58
167,108,1,274,49.0214,47.7166,90.69,61.37
168,108,1,273.955,49.0282,47.7215,88.66,60.4
169,108,1,273.887,49.0143,47.7079,88.4,60.49
170,108,1,273.867,49.0374,47.7893,89.02,60.78
171,108,1,338.683,50.1637,39.9233,88.68,60.5
172,108,1,273.897,48.9826,47.7086,88.25,59.92
173,108,0,0,0,0,0,56.45
174,108,1,278.39,39.962,55.4889,91.43,58.57
175,108,1,278.436,39.9534,55.4955,91.14,59.54
176,108,1,278.48,39.9984,55.4778,92.48,59.49
177,108,1,278.391,39.9537,55.5047,90.37,59.69
178,108,1,278.384,39.9824,55.5711,93.07,59.57
179,108,1,278.459,40.0115,55.4772,87.6,60.76
180,108,1,278.461,40.0058,55.4899,93.28,60.42
181,108,1,278.515,39.9575,55.5095,89.86,60.25
182,108,1,278.527,39.9999,55.4217,97.43,60.93
183,108,1,278.547,40.0058,55.4403,94.51,61.13
184,108,1,278.51,39.9796,55.519,96.11,60.62
185,108,1,278.478,39.9868,55.4702,91.13,60.24
186,108,1,278.532,40.0382,55.5053,94.17,59.84
187,108,1,278.611,40.0492,55.4651,94.93,60.27
188,108,1,278.529,40.0192,55.4228,90.49,59.32
189,108,1,278.489,40.001,55.4012,93.03,60
190,108,1,278.45,40.0561,55.413,93.59,59.99
191,108,1,278.603,40.0611,55.4553,94.55,60.59
192,108,1,278.47,40.0535,55.4361,90.33,59.53
193,108,1,278.513,40.0139,55.4126,95.95,60.53
194,108,1,278.577,40.0823,55.418,91.76,58.32
195,108,0,0,0,0,0,57.22
196,108,1,177.562,21.5594,5.46166,90.69,57.36
197,108,1,177.531,21.5879,5.49767,94.66,58.57
198,108,1,177.638,21.5376,5.45358,92.26,57.14
199,108,1,177.573,21.5595,5.47186,90.66,57.36
200,108,1,177.406,21.5733,5.57814,90.2,53.42
201,108,0,0,0,0,0,52.07
202,108,0,0,0,0,0,50.66
203,108,1,66.5718,15.4646,70.1322,93.34,51.8
204,108,1,66.4772,15.4966,70.2677,92.34,53.86
205,108,1,66.5382,15.4946,70.1404,93.59,54.01
206,108,1,66.5071,15.4855,70.1541,92.81,54.36
207,108,1,66.4967,15.4979,70.2484,92.69,53.16
208,108,1,66.5205,15.4893,70.1745,86.84,52.43
209,108,1,66.3943,15.5182,70.2941,84.27,54.53
210,108,1,66.3673,15.5402,70.2479,94.59,54.22
211,108,1,66.5995,15.4667,70.1123,90.8,53.96
212,108,1,66.5636,15.4252,70.1109,93.24,53.76
213,108,1,66.4263,15.5085,70.2489,86.31,53.73
214,108,1,66.5342,15.4228,70.0975,87.32,54.16
215,108,1,66.6461,15.4087,70.0479,84.86,53.5
216,108,1,66.4243,15.4688,70.2729,85.42,53.09
217,108,1,66.5444,15.4504,70.1628,93.71,53.93
218,108,1,66.3742,15.4877,70.2793,93.64,53.39
219,108,1,66.4187,15.4368,70.2233,92.6,54.03
220,108,1,66.5007,15.3991,70.1404,86.1,53.54
221,108,1,66.4061,15.4554,70.2796,84.09,53.62
222,108,1,66.3138,15.4605,70.3486,94.71,54.2
223,108,1,66.4405,15.4439,70.3355,91.21,53.51
224,108,1,66.3109,15.4642,70.2829,94.49,50.96
225,108,1,186.847,38.8335,81.3974,93.16,54.54
226,108,1,186.896,38.7561,81.3466,92.35,55.52
227,108,1,187.059,38.8144,81.3229,93.77,57.94
228,108,1,186.85,38.78,81.3557,94.67,56.75
229,108,1,186.94,38.7939,81.3364,93.06,57.29
230,108,1,186.997,38.8587,81.3334,92.36,57.77
231,108,1,187,38.7344,81.3459,94.76,57.41
232,108,1,186.94,38.8434,81.2999,93.88,56.88
233,108,1,187.084,38.744,81.3005,92.98,57.33
234,108,1,186.937,38.8065,81.3725,92.71,57.86
235,108,1,186.931,38.8474,81.3159,93.44,57.6
236,108,1,186.846,38.7918,81.3918,95.06,56.87
237,108,0,0,0,0,0,51.47
238,108,1,66.5959,15.3716,70.0821,93.53,52.72
239,108,1,66.3872,15.4343,70.2861,92.49,52.29
240,108,1,66.4848,15.367,70.1918,86.3,52.83
241,108,1,66.4507,15.3635,70.2654,85.25,53.48
242,108,1,66.2982,15.4061,70.3333,92.62,53.89
243,108,1,66.5452,15.3817,70.0979,83.99,53.54
244,108,1,66.3268,15.3821,70.2473,85.34,53.17
245,108,1,66.4794,15.3586,70.2165,92.95,52.98
246,108,1,66.258,15.428,70.3533,84.75,53.73
247,108,1,66.4049,15.3713,70.2485,87.15,53.57
248,108,1,66.261,15.4405,70.4088,85.77,53.8
249,108,1,66.4276,15.3719,70.1638,85.62,52.18
250,108,0,0,0,0,0,50.04
251,108,0,0,0,0,0,49.51
252,108,2,347.092,44.3337,59.4922,91.82,51.8
253,108,2,346.685,43.8037,59.897,83.08,46.53
254,108,0,0,0,0,0,36.77
255,108,0,0,0,0,0,35.6
0,109,0,0,0,0,0,31.37
1,109,0,0,0,0,0,27.97
2,109,0,0,0,0,0,32.23
3,109,0,0,0,0,0,52.27
4,109,1,42.925,39.6405,75.0024,88.21,45.86
5,109,1,42.802,39.8304,75.148,93.89,54.43
6,109,0,0,0,0,0,52.14
7,109,1,271.306,11.6367,76.5694,93.79,53.45
8,109,1,271.409,11.6817,76.5282,95.42,54.41
9,109,1,271.259,11.6595,76.5823,93.08,52.72
10,109,1,271.267,11.671,76.5897,92.46,54.05
11,109,1,271.116,11.642,76.7536,94.49,54.86
12,109,1,271.329,11.6528,76.5137,93.64,54.56
13,109,1,271.189,11.6463,76.6385,94.13,55
14,109,1,271.445,11.7051,76.3977,91.68,55.48
15,109,1,271.269,11.6805,76.6086,94.74,54.98
16,109,1,271.324,11.6887,76.5761,93.07,54.51
17,109,1,271.402,11.7136,76.5251,89.66,53.57
18,109,1,271.421,11.6514,76.3833,93.7,54.07
19,109,1,271.518,11.7111,76.3437,92.08,53.05
20,109,1,271.426,11.7209,76.4062,91.32,54.05
21,109,1,271.557,11.7089,76.2864,90.24,53.62
22,109,1,271.441,11.718,76.4696,93.34,55.16
23,109,1,271.31,11.7194,76.5829,93.1,54.96
24,109,1,271.266,11.7185,76.5905,95.89,55.77
25,109,1,271.351,11.7047,76.4895,95.45,55.01
26,109,1,271.313,11.7096,76.5704,91.15,54.42
27,109,1,271.369,11.7395,76.5558,94.1,55.13
28,109,1,271.247,11.7323,76.6624,95.66,55.26
29,109,1,271.385,11.8026,76.5411,95.27,56.22
30,109,1,271.167,11.7456,76.6763,94.79,55.71
31,109,1,271.454,11.7152,76.5395,92.01,54.01
32,109,1,271.274,11.7375,76.5715,93.14,55.45
33,109,1,271.218,11.7281,76.5455,91.99,54.53
34,109,1,271.419,11.8393,76.6475,90.25,55.96
35,109,1,271.278,11.7523,76.607,93.85,55.4
36,109,1,271.493,11.7871,76.438,91.37,55.5
37,109,1,271.144,11.7477,76.7243,92.66,55.01
38,109,1,271.198,11.7468,76.621,93.45,56.08
39,109,1,271.374,11.7488,76.493,93.23,55.14
40,109,1,271.221,11.7169,76.5561,92.32,55.54
41,109,1,271.105,11.7654,76.7328,95.02,55.45
42,109,1,271.358,11.7613,76.5467,93.67,55.27
43,109,1,271.226,11.7824,76.7083,92.91,54.81
44,109,1,271.257,11.7519,76.5442,91.28,55.1
45,109,1,271.301,11.7591,76.5452,94.6,54.92
46,109,1,271.289,11.7724,76.6018,93.03,54.44
47,109,1,271.375,11.7551,76.4448,92.96,54.02
48,109,1,271.239,11.7717,76.6227,92.06,54.79
49,109,1,271.411,11.7532,76.418,94.5,55.36
50,109,1,271.416,11.7568,76.2469,91.31,55.4
51,109,1,271.236,11.822,76.6174,92.13,54.8
52,109,1,271.284,11.7751,76.5368,93.21,54.26
53,109,1,271.297,11.7413,76.638,94.4,54.96
54,109,1,271.268,11.7741,76.4677,91.77,55.56
55,109,1,271.256,11.7831,76.5519,91.12,55
56,109,1,271.154,11.7587,76.6617,90.93,54.55
57,109,1,271.249,11.8328,76.5633,92.22,55.38
58,109,1,271.37,11.8213,76.5719,95.05,54.66
59,109,1,271.271,11.7939,76.6016,93.9,54.23
60,109,1,271.209,11.8231,76.6649,95.49,55.62
61,109,1,271.336,11.7992,76.51,92.07,53.8
62,109,1,271.528,11.8296,76.4131,92.64,51.61
63,109,0,0,0,0,0,52.6
64,109,1,155.13,38.6089,51.6091,94.41,55.21
65,109,1,155.185,38.5728,51.5714,92.17,56.29
66,109,1,155.266,38.6105,51.5367,93.52,55.56
67,109,1,155.125,38.6,51.584,91.86,57.05
68,109,1,155.218,38.6001,51.5528,91.11,55.42
69,109,1,155.183,38.5915,51.5013,84.34,53.72
70,109,1,290.642,12.5974,62.4294,90.03,52.31
71,109,1,290.509,12.5913,62.5264,93.1,51.72
72,109,1,290.672,12.6238,62.4473,95.02,53.5
73,109,1,290.525,12.6077,62.5717,91.53,52.29
74,109,1,290.518,12.5457,62.501,93.51,52.43
75,109,1,290.456,12.5957,62.6267,90.57,52.81
76,109,1,290.462,12.5919,62.583,91.96,52.68
77,109,1,290.418,12.6105,62.6379,93.61,52.95
78,109,1,290.6,12.5877,62.4166,93.25,52.61
79,109,1,290.476,12.6056,62.6218,94.04,51.93
80,109,1,290.451,12.6041,62.6106,91.48,52.48
81,109,1,290.554,12.5789,62.4678,93.24,52.7
82,109,1,290.299,12.635,62.8158,92.73,53.53
83,109,1,290.485,12.622,62.6634,89.7,52.87
84,109,1,290.55,12.6344,62.4898,91.82,51.69
85,109,1,290.63,12.6174,62.4802,95.09,53.66
86,109,1,290.443,12.628,62.6496,91.25,53.22
87,109,1,290.496,12.6148,62.5795,91.68,53.08
88,109,1,290.479,12.6363,62.5909,90.96,53.04
89,109,1,290.529,12.6477,62.579,94.74,54.25
90,109,1,290.465,12.6427,62.6397,89.17,52.76
91,109,1,290.474,12.5924,62.5609,89.56,51.96
92,109,1,290.574,12.638,62.5219,80.21,51.79
93,109,0,0,0,0,0,52.39
94,109,0,0,0,0,0,54.82
95,109,1,273.969,48.9553,47.6494,85.41,58.57
96,109,1,274.062,48.9015,47.5977,88.48,60.47
97,109,1,274.153,48.9201,47.4937,89.69,60.37
98,109,1,274.119,48.9094,47.5531,89.25,60.86
99,109,1,274.057,48.919,47.5258,88.27,60.07
100,109,1,274.066,48.9559,47.5515,97.4,60.7
101,109,1,274.021,48.9273,47.6584,89.69,61.07
102,109,1,274.039,48.8883,47.5368,89.29,60.87
103,109,1,274.08,48.9203,47.6269,89.68,60.25
104,109,1,274.113,48.9651,47.6589,88.34,60.54
105,109,1,274.139,48.9535,47.6557,89.2,60.98
106,109,1,274.14,48.9231,47.6514,94.53,62
107,109,1,274.087,48.8694,47.582,95.89,61.81
108,109,1,274.221,48.9426,47.6121,88.15,61.22
109,109,1,274.031,48.9226,47.5952,86.58,60.67
110,109,1,273.999,48.8223,47.7148,89.95,60.59
111,109,1,273.961,48.9093,47.6947,87.81,61.08
112,109,1,274.037,48.9622,47.6674,95.13,61.89
113,109,1,274.083,48.7455,47.8301,80.05,60.92
114,109,1,274.079,48.9275,47.6601,88.65,61.08
115,109,1,274.022,48.9182,47.5808,89.38,60.91
116,109,1,274.056,48.9114,47.6445,96.45,60.88
117,109,1,274.14,48.985,47.5984,90.33,60.31
118,109,1,274.145,48.9191,47.6257,87.35,60.49
119,109,1,274.025,48.9438,47.5901,96.13,61.07
120,109,1,274.104,48.9679,47.64,89.51,61.2
121,109,1,274.06,48.9487,47.6488,90.18,61.42
122,109,1,274.035,48.8704,47.6907,96.05,60.72
123,109,1,273.99,48.9744,47.5617,88.73,61.19
124,109,1,274.009,48.9466,47.6331,90.49,61.08
125,109,1,273.995,48.9692,47.6263,88.54,60.69
126,109,1,274.009,48.962,47.6599,91.14,61.02
127,109,1,274,48.9469,47.6459,89.08,60.83
128,109,1,274.067,48.9616,47.622,88.98,60.91
129,109,1,274.054,48.9751,47.6514,90.62,60.7
130,109,1,274.046,48.9324,47.7226,93.77,60.9
131,109,1,274.067,48.9651,47.6333,90.22,61.06
132,109,1,274.04,48.9831,47.6381,88.62,61.19
133,109,1,273.975,48.9499,47.6497,89.1,60.91
134,109,1,274.111,48.9934,47.6226,88.05,61.23
135,109,1,274.155,48.9873,47.6526,88.51,61.03
136,109,1,273.953,48.9321,47.6559,89.85,60.68
137,109,1,274.044,48.971,47.6661,89.77,61.38
138,109,1,274.018,49.0631,47.6734,89.45,60.23
139,109,1,274.04,48.9584,47.5598,88.45,61.55
140,109,1,273.997,48.9966,47.6678,89.7,60.5
141,109,1,274.072,48.9977,47.6139,96.97,60.36
142,109,1,274.124,48.9993,47.5425,88.42,60.89
143,109,1,274.108,49.0308,47.6145,95.08,60.95
144,109,1,273.973,49.0281,47.5956,88.47,61.06
145,109,1,274.027,48.9831,47.6231,96.89,60.6
146,109,1,274.046,49.0461,47.6724,93.85,60.93
147,109,1,274.061,49.0403,47.61,88.58,61
148,109,1,274.063,49.0197,47.6828,96.94,61
149,109,1,273.989,49.061,47.6408,93.36,61.69
150,109,1,274.002,49.0161,47.6861,88.67,61.33
151,109,1,274.003,49.0406,47.6834,88.96,60.77
152,109,1,274.038,49.0113,47.6678,96.17,61.62
153,109,1,274.057,49.0294,47.662,88.95,61.48
154,109,1,274.053,49.0128,47.5936,88.9,60.66
155,109,1,273.938,49.023,47.6371,89.25,61.59
156,109,1,274.069,49.0133,47.5638,89.91,61.51
157,109,1,273.852,48.9657,47.6166,88.82,62.11
158,109,1,274.036,49.0482,47.7154,88.29,61.67
159,109,1,274.048,49.0246,47.6765,89.64,61.73
160,109,1,273.928,49.0189,47.7036,83.58,58.67
161,109,1,273.916,49.0793,47.7151,90.51,56.17
162,109,1,273.947,49.0512,47.6849,95.52,60.35
163,109,1,273.925,49.0535,47.6869,89.25,61.53
164,109,1,273.926,49.0372,47.6547,94.24,61.31
165,109,1,273.959,49.0882,47.6536,87.53,60.86
166,109,1,273.895,49.0385,47.6853,93.67,60.99
167,109,1,273.913,49.0066,47.58,87.34,60.7
168,109,1,274.006,49.037,47.7025,88.6,61.21
169,109,1,273.859,48.9884,47.6648,88.65,60.23
170,109,1,273.915,49.018,47.666,88.33,60.17
171,109,1,273.911,49.0015,47.6471,88,60.71
172,109,1,273.987,49.0088,47.7741,86.33,60.44
173,109,0,0,0,0,0,57.04
174,109,1,278.419,39.9503,55.517,93.66,59.3
175,109,1,278.459,39.9332,55.5145,94.14,59.57
176,109,1,278.432,39.9929,55.5503,93.12,59.44
177,109,1,278.57,40.0142,55.5238,94.46,60.05
178,109,1,278.528,39.9816,55.4863,92.19,59.95
179,109,1,278.501,39.9937,55.4918,92.16,59.36
180,109,1,278.49,40.0014,55.4657,93.5,59.3
181,109,1,278.377,39.9305,55.4526,92.18,60.23
182,109,1,278.433,39.9525,55.469,93.6,59.91
183,109,1,278.451,39.9277,55.4537,94.15,59.63
184,109,1,278.456,39.989,55.4737,91.75,60.51
185,109,1,278.452,39.9869,55.4385,92.79,59.69
186,109,1,278.519,40.0028,55.4193,95.68,60.7
187,109,1,278.433,39.9666,55.414,92.17,60.82
188,109,1,278.49,39.9871,55.4298,91.57,59.67
189,109,1,278.607,40.044,55.4169,94.51,60.61
190,109,1,278.424,40.0283,55.4094,90.97,59.94
191,109,1,278.544,40.0697,55.414,94.41,60.21
192,109,1,278.55,40.07,55.4305,93.04,60.36
193,109,1,278.561,40.0579,55.3743,93.44,57.64
194,109,0,0,0,0,0,56.24
195,109,1,177.857,21.5773,5.37223,87.78,56.12
196,109,1,177.606,21.5503,5.51439,93.4,57.96
197,109,1,177.6,21.5468,5.43841,90.94,58.43
198,109,1,177.792,21.5695,5.35451,91.02,55.98
199,109,1,177.503,21.6023,5.51621,83.29,54.42
200,109,0,0,0,0,0,51.37
201,109,1,66.4665,15.4934,70.4887,81.38,49.19
202,109,1,66.3846,15.5297,70.3843,84.57,52.2
203,109,1,66.6032,15.463,69.9754,84.77,53.5
204,109,1,66.5482,15.4766,70.1665,89.53,52.71
205,109,1,66.6931,15.4178,69.9588,85.7,53
206,109,1,66.4665,15.4891,70.1848,88.98,54.21
207,109,1,66.5169,15.4869,70.1912,93.24,53.78
208,109,1,66.4747,15.4939,70.2363,87.02,53.55
209,109,1,66.6433,15.4291,70.0359,91.61,54.85
210,109,1,66.4807,15.5014,70.2415,93.03,53.35
211,109,1,66.4188,15.4953,70.1937,93.58,54.75
212,109,1,66.5429,15.4695,70.1463,85.31,54.17
213,109,1,66.4952,15.4336,70.1733,84.95,53.48
214,109,1,66.3957,15.4706,70.2871,92.95,53.37
215,109,1,66.6294,15.4155,70.0227,85.86,53.32
216,109,1,66.622,15.4103,70.1254,85.2,53.74
217,109,1,66.4157,15.4625,70.239,91.57,53.94
218,109,1,66.4006,15.4679,70.2546,90.89,53.46
219,109,1,66.4113,15.4835,70.1849,92.25,53.91
220,109,1,66.4398,15.4754,70.154,93.79,52.87
221,109,1,66.4342,15.4756,70.2379,93.99,54.33
222,109,1,66.6448,15.397,70.0957,93.22,53.77
223,109,1,66.5341,15.41,70.0735,86.42,53.06
224,109,1,66.525,15.4031,70.1627,94.38,52.51
225,109,0,0,0,0,0,53.36
226,109,1,186.91,38.6711,81.3403,93.68,55.65
227,109,1,186.926,38.7899,81.3711,93.95,57.63
228,109,1,186.922,38.7967,81.3659,93.99,57.73
229,109,1,187.071,38.8075,81.0026,86.65,56.68
230,109,1,186.909,38.8445,81.3542,94.2,56.81
231,109,1,187.073,38.7941,81.247,93.83,56.09
232,109,1,187.04,38.8061,81.2878,94.96,57.92
233,109,1,187.006,38.7976,81.2663,92.48,57.39
234,109,1,187.01,38.6868,81.3044,95.25,57.17
235,109,1,187.002,38.8534,81.3252,91.58,58.33
236,109,1,187.093,38.6483,81.2634,95.42,56.56
237,109,0,0,0,0,0,53.01
238,109,1,66.6008,15.3854,70.0246,91.88,53.14
239,109,1,66.3819,15.4473,70.2669,83.57,52.13
240,109,1,66.5667,15.3537,70.1444,90.76,53.11
241,109,1,66.295,15.4441,70.3754,85.6,53.32
242,109,1,66.431,15.3753,70.1613,84.82,53.59
243,109,1,66.291,15.4319,70.4196,91.82,53.93
244,109,1,66.4637,15.3902,70.2636,91.48,53.27
245,109,1,66.3266,15.3734,70.2542,84.97,53.58
246,109,1,66.5021,15.4148,70.1572,92.22,54.12
247,109,1,66.2389,15.4519,70.423,94.76,54.07
248,109,1,66.3959,15.3863,70.2344,93.15,53.53
249,109,1,66.3733,15.4177,70.3765,85.37,52.57
250,109,1,66.3646,15.4009,70.2848,93.56,51.37
251,109,0,0,0,0,0,49.61
252,109,2,347.182,44.5093,59.3778,84.52,48.25
253,109,2,346.918,44.2374,59.6316,81.76,45.01
254,109,0,0,0,0,0,36.22
255,109,0,0,0,0,0,34.92
0,110,0,0,0,0,0,31.35
1,110,0,0,0,0,0,29.71
2,110,0,0,0,0,0,32.73
3,110,0,0,0,0,0,52.26
4,110,1,42.6514,39.5937,75.4023,85.71,45.16
5,110,1,42.8106,39.7952,75.2334,92.78,56.25
6,110,1,42.8653,39.8062,75.1752,94.23,54.8
7,110,0,0,0,0,0,51.65
8,110,1,271.304,11.6522,76.6323,94.32,53.59
9,110,1,271.242,11.6697,76.6717,91.58,53.11
10,110,1,271.187,11.6478,76.6111,93.68,54.68
11,110,1,271.504,11.7059,76.3556,92.74,54.94
12,110,1,271.34,11.6539,76.5583,91,54.56
13,110,1,271.211,11.7134,76.7323,88.61,55.5
14,110,1,271.285,11.6534,76.6137,91.24,54.74
15,110,1,271.155,11.6875,76.722,94.16,54.83
16,110,1,271.332,11.6215,76.6183,95.02,54.24
17,110,1,271.351,11.6763,76.4489,92.79,53.61
18,110,1,271.404,11.6928,76.4833,89.84,52.35
19,110,1,271.494,11.6871,76.3961,82.46,48.81
20,110,0,0,0,0,0,49.72
21,110,1,271.582,11.7607,76.3775,90.86,54.56
22,110,1,271.478,11.7016,76.3409,93.75,53.59
23,110,1,271.393,11.6546,76.5286,91.19,54.22
24,110,1,271.522,11.7267,76.3727,94.65,54.5
25,110,1,271.37,11.7328,76.5249,95.37,54.94
26,110,1,271.304,11.7078,76.5423,91.2,54.75
27,110,1,271.279,11.7249,76.6313,92.62,55.45
28,110,1,271.345,11.7339,76.5995,92.34,55.2
29,110,1,271.552,11.7805,76.4571,90.4,54.71
30,110,1,271.261,11.7511,76.6063,94.07,55.22
31,110,1,271.224,11.7472,76.5797,92.53,55.39
32,110,1,271.234,11.7275,76.565,94.1,54.38
33,110,1,271.374,11.8106,76.5643,93.21,54.55
34,110,1,271.19,11.7139,76.5506,90.4,54.32
35,110,1,271.34,11.7911,76.5093,92.53,54.82
36,110,1,271.365,11.7557,76.5444,92.96,54.83
37,110,1,271.579,11.7868,76.3042,92.86,53.94
38,110,1,271.38,11.7913,76.576,91.57,54.56
39,110,1,271.522,11.8116,76.53,89.29,53.26
40,110,1,271.372,11.7707,76.5309,93.92,52.86
41,110,1,271.53,11.7752,76.2428,90.85,53.27
42,110,1,271.341,11.7943,76.6123,93.4,53.68
43,110,1,271.21,11.7482,76.6829,94.15,53.78
44,110,1,271.176,11.7649,76.6799,91.56,53.05
45,110,1,271.426,11.79,76.4382,91.35,54.22
46,110,1,271.211,11.7584,76.6363,94.26,54.95
47,110,1,271.373,11.766,76.5145,94.65,54.43
48,110,1,271.2,11.7821,76.6455,91.79,54.6
49,110,1,271.417,11.8449,76.5735,92.08,55.16
50,110,1,271.17,11.7813,76.7193,87.47,55.52
51,110,1,271.197,11.7629,76.6937,93.52,55.3
52,110,1,271.111,11.823,76.7037,92.33,55.49
53,110,1,271.226,11.7606,76.6208,93.16,55.01
54,110,1,271.18,11.7683,76.6292,94.25,54.58
55,110,1,271.281,11.7881,76.4875,93.16,54.81
56,110,1,271.309,11.8007,76.5647,94.69,54.46
57,110,1,271.255,11.7905,76.6028,92.94,55.19
58,110,1,271.271,11.771,76.6524,92.04,54.06
59,110,1,271.147,11.8553,76.6422,90.34,55.76
60,110,1,271.184,11.7849,76.6361,94.8,54.31
61,110,1,271.391,11.8106,76.476,93.9,52.74
62,110,0,0,0,0,0,52.02
63,110,1,155.255,38.6117,51.5561,88.62,53.83
64,110,1,155.115,38.6049,51.601,90.89,55.46
65,110,1,155.115,38.6123,51.6037,90.9,55.36
66,110,1,155.235,38.6028,51.5569,90.67,56.09
67,110,1,155.214,38.5633,51.5611,92.06,55.7
68,110,1,155.24,38.5703,51.5105,83.86,54.26
69,110,1,290.679,12.6125,62.3883,82.52,51.49
70,110,1,290.561,12.5871,62.5134,90.05,52.44
71,110,1,290.405,12.6075,62.6788,92.57,53.24
72,110,1,290.559,12.6136,62.5563,94.32,53.45
73,110,1,290.426,12.5775,62.6225,92.24,53
74,110,1,290.638,12.5772,62.4151,92.36,52.92
75,110,1,290.546,12.5664,62.5335,92.79,52.42
76,110,1,290.576,12.5948,62.5585,92.07,52.04
77,110,1,290.538,12.6353,62.576,93.65,52.72
78,110,1,290.449,12.5861,62.5828,90.79,53.58
79,110,1,290.439,12.6032,62.6215,88.9,53.51
80,110,1,290.484,12.622,62.5491,93.13,53.46
81,110,1,290.425,12.6058,62.7113,89.9,52.63
82,110,1,290.516,12.5983,62.5831,91.14,52.68
83,110,1,290.467,12.5879,62.5199,91.88,52.87
84,110,1,290.428,12.5867,62.5326,91.9,52.5
85,110,1,290.451,12.6183,62.6461,94.83,53.35
86,110,1,290.563,12.5998,62.5326,92.99,52.87
87,110,1,290.406,12.6569,62.7021,93.45,53.14
88,110,1,290.423,12.6529,62.6743,91.46,52.81
89,110,1,290.487,12.6556,62.6386,94.97,53.22
90,110,1,290.475,12.6389,62.6205,91.27,52.86
91,110,1,290.448,12.6983,62.6692,93.73,52.95
92,110,1,290.416,12.6568,62.6053,91.27,53.08
93,110,1,290.554,12.6258,62.5212,86.82,52.15
94,110,0,0,0,0,0,52.38
95,110,0,0,0,0,0,54.29
96,110,1,273.879,48.9472,47.6534,85.99,57.73
97,110,1,274.01,48.8967,47.6131,86.77,59.4
98,110,1,273.955,48.9178,47.5973,89.98,60.89
99,110,1,273.954,48.9004,47.6112,93.54,60.08
100,110,1,338.88,50.246,39.7081,88.61,60.65
101,110,1,274.137,48.9176,47.639,87.43,61.55
102,110,1,274.118,48.9663,47.5766,89.26,61.56
103,110,1,274.037,48.9279,47.6269,90.35,61.09
104,110,1,274.024,48.9235,47.6344,96.09,61.59
105,110,1,274.01,48.9217,47.6376,88.34,60.42
106,110,1,274.096,48.9203,47.6344,90.26,61.18
107,110,1,274.061,48.899,47.6322,88.84,61.15
108,110,1,274.085,48.9353,47.6481,97.78,61.16
109,110,1,274.029,48.919,47.6103,89.67,60.64
110,110,1,274.195,48.9809,47.6167,88.31,60.99
111,110,1,274.031,48.9322,47.6207,96.3,61.28
112,110,1,274.065,48.9379,47.6123,96.2,61.23
113,110,1,273.964,48.8987,47.5492,88.51,60.97
114,110,1,273.978,48.952,47.6038,87.83,60.76
115,110,1,274.011,48.9,47.6207,87.56,60.11
116,110,1,274.02,48.93,47.6518,90.17,61.02
117,110,1,274.064,48.9337,47.5759,88.19,61.29
118,110,1,274.04,48.9743,47.6426,88.85,60.56
119,110,1,274.086,48.9355,47.5424,96.98,61.11
120,110,1,274.064,48.9419,47.5604,89.67,61.01
121,110,1,273.973,48.912,47.5928,89.25,61.37
122,110,1,274.089,48.9527,47.6647,95.48,61.14
123,110,1,273.976,48.9192,47.9045,80.66,61.03
124,110,1,274.099,48.959,47.6501,89.22,60.95
125,110,1,274.095,48.9855,47.6494,89.76,61.55
126,110,1,274.119,48.9621,47.5261,89.12,60.77
127,110,1,273.977,49.0331,47.6832,88.98,60.02
128,110,1,274.049,48.9638,47.6456,89.8,60.61
129,110,1,273.952,48.9668,47.685,88.74,60.6
130,110,1,274.035,49.0276,47.6093,88.2,60.77
131,110,1,273.934,48.9876,47.6342,88.15,61.17
132,110,1,274.082,48.9531,47.5994,89.81,60.76
133,110,1,274.026,48.9862,47.6943,88.63,61.59
134,110,1,274.044,48.9757,47.6044,88.7,60.19
135,110,1,274.117,48.9588,47.6559,88.01,61.46
136,110,1,274.14,48.9991,47.6149,87.83,60.41
137,110,1,274.134,49.0057,47.5793,88.86,60.79
138,110,1,274.021,48.97,47.6513,95.53,61.42
139,110,1,274.012,48.9558,47.6556,90.26,61.56
140,110,1,274.022,48.9669,47.5633,89.44,62.02
141,110,1,274.033,48.9962,47.6448,88.53,61.13
142,110,1,274.201,49.0101,47.5502,88.35,60.69
143,110,1,273.945,48.9769,47.6367,88.64,60.52
144,110,1,273.986,48.9964,47.6529,90.44,60.89
145,110,1,274.023,49.0167,47.6825,89.73,61.33
146,110,1,273.942,49.0241,47.6722,94.95,61.31
147,110,1,273.937,48.9782,47.7027,88.8,60.23
148,110,1,274.043,49.0107,47.6605,96,61.26
149,110,1,274.065,49.0364,47.6793,88.47,61.13
150,110,1,274.011,49.0401,47.7254,86.96,61.79
151,110,1,273.896,49.0327,47.6143,88.33,60.67
152,110,1,274.066,49.0374,47.6712,96.2,61.05
153,110,1,273.942,48.9931,47.6522,89.26,60.95
154,110,1,274.049,48.9799,47.6877,87.23,61.22
155,110,1,273.948,49.028,47.6606,95.85,60.82
156,110,1,273.989,48.9849,47.6814,90.12,61.44
157,110,1,273.981,49.0005,47.6398,89.74,60.44
158,110,1,274.002,48.9869,47.5772,90.06,61.11
159,110,1,273.964,48.9849,47.6792,96.42,60.66
160,110,1,274.031,49.042,47.6977,88.46,60.53
161,110,1,273.955,49.0641,47.6543,88.34,60.8
162,110,1,273.987,49.0581,47.7278,86.38,60.44
163,110,1,273.975,49.0314,47.6867,89.96,61.22
164,110,1,274.028,49.0527,47.6949,90.12,61.07
165,110,1,274.019,49.0369,47.6856,90.27,61.36
166,110,1,273.942,49.003,47.6035,88.65,61.54
167,110,1,273.959,49.0885,47.6527,87,61.35
168,110,1,273.988,49.0737,47.691,87.5,60.83
169,110,1,273.989,49.0603,47.6931,89.17,61.09
170,110,1,273.925,49.0333,47.702,88.15,60.74
171,110,1,273.926,49.0102,47.6544,88.69,61.1
172,110,1,273.982,49.0661,47.7677,90.51,59.89
173,110,0,0,0,0,0,56.79
174,110,1,278.463,39.9368,55.4907,92,58.38
175,110,1,278.364,39.9073,55.4759,93.5,60.41
176,110,1,278.498,39.9904,55.4813,95.76,59.76
177,110,1,278.501,39.9882,55.4925,95.09,60.57
178,110,1,278.548,40.0247,55.4921,95.56,60.47
179,110,1,278.476,39.9436,55.463,95.12,59.62
180,110,1,278.471,40.0035,55.4782,93.33,59.49
181,110,1,278.406,39.9734,55.4779,92.89,59.43
182,110,1,278.492,39.9922,55.4105,91.89,59.77
183,110,1,278.468,39.9919,55.4566,92.86,59.94
184,110,1,278.486,40.0072,55.4366,94.92,59.91
185,110,1,278.531,39.9778,55.4514,93.66,59.75
186,110,1,278.481,39.989,55.4896,92.53,60.38
187,110,1,278.442,39.9652,55.4279,93.83,60.25
188,110,1,278.493,39.977,55.4286,94.21,59.73
189,110,1,278.466,39.9749,55.4166,94.31,60.49
190,110,1,278.498,40.0095,55.4103,91.48,59.96
191,110,1,278.554,40.0739,55.437,94.78,60.46
192,110,1,278.631,40.1097,55.4701,89.26,57.61
193,110,0,0,0,0,0,56.33
194,110,1,177.563,21.5034,5.55498,93,56.67
195,110,1,177.676,21.5305,5.49679,91.48,58.71
196,110,1,177.543,21.5402,5.51,92.53,56.98
197,110,1,177.474,21.537,5.51671,91.78,54.93
198,110,0,0,0,0,0,51.32
199,110,0,0,0,0,0,51.28
200,110,1,66.452,15.5156,70.3167,93.32,51.61
201,110,1,66.5798,15.5025,70.1612,91.51,52.3
202,110,1,66.4203,15.5454,70.2654,86.97,52.97
203,110,1,66.2473,15.5557,70.3763,86.54,53.69
204,110,1,66.6656,15.5037,69.9705,92.55,54.79
205,110,1,66.3227,15.5263,70.3249,86.12,54.22
206,110,1,66.5699,15.5018,70.0959,91.95,52.3
207,110,1,66.4177,15.5015,70.2992,86.09,52.89
208,110,1,66.3732,15.4669,70.2368,91.88,53.15
209,110,1,66.4435,15.4962,70.2171,83.56,54.27
210,110,1,66.4616,15.5079,70.2152,92.14,54.1
211,110,1,66.4619,15.5123,70.1601,91.26,53.65
212,110,1,66.5798,15.4781,70.1166,94.61,53.18
213,110,1,66.5931,15.4608,70.0396,90.74,54.19
214,110,1,66.5971,15.4421,70.097,95.05,53.17
215,110,1,66.3742,15.5159,70.2346,91.02,53.26
216,110,1,66.4547,15.4821,70.2056,93.5,53.88
217,110,1,66.4948,15.4042,70.1111,86.23,53.44
218,110,1,66.4754,15.4743,70.1551,93.96,53.8
219,110,1,66.4766,15.4655,70.1889,92.9,53.38
220,110,1,66.1358,15.508,70.4328,83.88,53.19
221,110,1,66.5506,15.398,70.0454,86.41,53.74
222,110,1,66.4399,15.4438,70.1829,93.38,53.49
223,110,1,66.7241,15.4343,69.8927,85.1,54.76
224,110,1,66.1956,15.4829,70.4187,92.87,52.81
225,110,0,0,0,0,0,51.82
226,110,1,186.853,38.8579,81.3839,94.44,55.68
227,110,1,186.91,38.8409,81.3526,93.29,56.36
228,110,1,187.026,38.8557,81.3163,93.39,57.54
229,110,1,187.016,38.7539,81.2587,93.11,57.03
230,110,1,186.941,38.7897,81.2897,94.92,57.38
231,110,1,186.938,38.7268,81.3396,95.38,57.14
232,110,1,186.951,38.8075,81.3483,94.08,57.47
233,110,1,186.953,38.8088,81.3525,93.01,57.76
234,110,1,186.892,38.7855,81.3021,93.95,56.94
235,110,1,186.919,38.8422,81.3381,94.72,57.26
236,110,1,186.967,38.6558,81.2936,92.39,56.88
237,110,1,187.014,38.8407,81.2633,91.73,53.63
238,110,1,66.4406,15.469,70.2601,91.57,51.44
239,110,1,66.1896,15.4562,70.5065,84.5,53.87
240,110,1,66.5273,15.3905,70.1194,94.35,52.6
241,110,1,66.2944,15.433,70.3249,92.49,53.21
242,110,1,66.4346,15.4217,70.2165,92.09,53.52
243,110,1,66.3125,15.4225,70.3203,84.59,53.16
244,110,1,66.3581,15.3725,70.2089,85.62,53.64
245,110,1,66.4379,15.3436,70.2419,92.55,53.84
246,110,1,66.4262,15.3735,70.2712,84.74,53.47
247,110,1,66.4036,15.3938,70.2624,92.37,53.75
248,110,1,66.2947,15.4223,70.3701,85.41,53.82
249,110,1,66.485,15.3336,70.1606,85.13,53.82
250,110,1,66.4668,15.4123,70.2035,94.24,51.83
251,110,1,66.5053,15.4367,70.1525,91.34,49.62
252,110,0,0,0,0,0,49.67
253,110,2,347.359,44.456,59.8187,79.31,44.27
254,110,0,0,0,0,0,36.53
255,110,0,0,0,0,0,34.99
0,111,0,0,0,0,0,32.49
1,111,0,0,0,0,0,31.16
2,111,0,0,0,0,0,32.47
3,111,0,0,0,0,0,53.85
4,111,1,42.5644,39.6411,75.4433,84.39,46.26
5,111,1,42.5324,39.6129,75.4733,84.07,56.56
6,111,1,42.8633,39.791,75.103,95.64,56.14
7,111,0,0,0,0,0,52.92
8,111,1,271.199,11.6244,76.6531,91.26,53.3
9,111,1,271.34,11.6947,76.5831,87.96,54.29
10,111,1,271.282,11.6555,76.5496,92.89,55.14
11,111,1,271.295,11.6445,76.609,92.98,54.45
12,111,1,271.242,11.6677,76.6286,92.15,53.78
13,111,1,271.422,11.6778,76.4969,95.48,54.47
14,111,1,271.294,11.6538,76.6086,95.3,54.59
15,111,1,271.127,11.6822,76.8004,94.45,55.28
16,111,1,271.312,11.6625,76.4803,92.86,54.44
17,111,1,271.36,11.6858,76.455,92.49,50.94
18,111,0,0,0,0,0,48.96
19,111,0,0,0,0,0,48.45
20,111,0,0,0,0,0,47.22
21,111,1,271.636,11.7862,76.3347,94.16,52.76
22,111,1,271.608,11.7241,76.3605,90.54,53.82
23,111,1,271.496,11.7189,76.3359,90.64,51.89
24,111,1,271.415,11.698,76.4328,91.47,53.65
25,111,1,271.299,11.7419,76.5516,93.92,54.5
26,111,1,271.243,11.6682,76.5648,92.7,54.77
27,111,1,271.298,11.6753,76.5622,94.75,54.65
28,111,1,271.113,11.7141,76.647,93.06,54.88
29,111,1,271.253,11.7112,76.5938,92.15,54.31
30,111,1,271.222,11.7198,76.6413,91.07,54.66
31,111,1,271.201,11.7354,76.5708,92.56,54.72
32,111,1,271.256,11.7155,76.5896,93.24,54.55
33,111,1,271.174,11.7311,76.6068,93.11,55.2
34,111,1,271.533,11.7923,76.3312,92.38,53.08
35,111,1,271.083,11.7097,76.6543,91.44,53.26
36,111,1,271.252,11.7765,76.654,84.52,53.33
37,111,0,0,0,0,0,53.2
38,111,1,271.132,11.7646,76.6466,85.57,53.47
39,111,1,271.074,11.7528,76.8433,81.64,53.13
40,111,0,0,0,0,0,52.07
41,111,0,0,0,0,0,52.5
42,111,0,0,0,0,0,53.75
43,111,0,0,0,0,0,52.18
44,111,0,0,0,0,0,53.01
45,111,1,271.19,11.7223,76.5862,83.65,52.68
46,111,1,271.233,11.7418,76.5109,91.8,54.98
47,111,1,271.431,11.8178,76.4458,91.96,54.65
48,111,1,271.326,11.7567,76.5445,93.81,54.33
49,111,1,271.285,11.7671,76.5529,91.44,54.99
50,111,1,271.306,11.7768,76.5545,93.5,55.27
51,111,1,271.218,11.7754,76.5926,94.42,54.88
52,111,1,271.639,11.8141,76.2307,94.44,54.65
53,111,1,271.175,11.7432,76.6208,91.85,54.24
54,111,1,271.254,11.7678,76.5914,94.85,54.72
55,111,1,271.303,11.7958,76.575,93.58,54.32
56,111,1,271.353,11.8467,76.5285,92.22,54.79
57,111,1,271.397,11.8108,76.545,94.54,55.36
58,111,1,271.269,11.7881,76.6306,92.89,54.44
59,111,1,271.308,11.8041,76.5826,93.07,54.75
60,111,1,271.317,11.7766,76.4922,95.48,53.66
61,111,1,271.418,11.8304,76.5223,85.72,51.39
62,111,1,155.144,38.6292,51.6206,89.28,53.91
63,111,1,155.165,38.621,51.5825,91.21,54.98
64,111,1,155.268,38.6126,51.5664,92.71,55.81
65,111,1,155.177,38.6041,51.5599,92.92,56.73
66,111,1,155.204,38.5926,51.576,92.46,55.35
67,111,1,155.223,38.5758,51.5397,91.34,54.68
68,111,0,0,0,0,0,52.63
69,111,1,290.539,12.6071,62.5481,91.34,52.15
70,111,1,290.598,12.6125,62.5442,90.46,52.73
71,111,1,290.618,12.5724,62.5344,93.78,52.94
72,111,1,290.462,12.6016,62.6202,94.07,52.95
73,111,1,290.501,12.5904,62.6005,89.94,53.28
74,111,1,290.486,12.5949,62.6532,92.37,52.69
75,111,1,290.312,12.6195,62.8062,93.96,53.55
76,111,1,290.397,12.5503,62.605,92.55,52.77
77,111,1,290.419,12.6206,62.6341,89.71,52.81
78,111,1,290.388,12.5967,62.5893,89.88,52.85
79,111,1,290.626,12.6144,62.5387,94.31,52.75
80,111,1,290.48,12.6072,62.6168,91.9,52.39
81,111,1,290.522,12.6047,62.5569,92.68,52.6
82,111,1,290.621,12.6232,62.4218,93.46,52.54
83,111,1,290.415,12.5759,62.6161,91.45,52.75
84,111,1,290.557,12.6364,62.4884,95.54,52.53
85,111,1,290.501,12.6424,62.6757,92.85,53.95
86,111,1,290.522,12.6375,62.6418,91.31,52.51
87,111,1,290.438,12.6414,62.6659,90.97,53.03
88,111,1,290.489,12.638,62.5797,90.73,53.34
89,111,1,290.565,12.6107,62.5284,94.43,53.48
90,111,1,290.441,12.6428,62.5979,92.85,53.67
91,111,1,290.461,12.6422,62.6712,90.3,53.17
92,111,1,290.403,12.6383,62.6652,88.89,53.14
93,111,1,290.538,12.644,62.5486,89.37,52.25
94,111,1,290.571,12.649,62.5211,89.1,52.89
95,111,0,0,0,0,0,52.68
96,111,0,0,0,0,0,54.11
97,111,1,273.962,48.961,47.6234,90.96,56.82
98,111,1,274.041,48.9221,47.6225,89,60.62
99,111,1,274.022,48.9394,47.5985,89.45,61.01
100,111,1,274.048,48.9146,47.645,89.33,60.82
101,111,1,274.057,48.9087,47.565,90.21,61.45
102,111,1,274.003,48.9504,47.6437,88.72,60.88
103,111,1,274.095,48.9308,47.6337,90.29,60.89
104,111,1,274.034,48.9397,47.6306,94.98,60.57
105,111,1,274.102,48.9329,47.5375,89.3,60.28
106,111,1,274.011,48.908,47.6318,95.94,61.36
107,111,1,274.06,48.9289,47.5813,92.57,60.76
108,111,1,274.038,48.9388,47.5811,88.15,60.82
109,111,1,274.008,48.9781,47.6443,95.37,61.3
110,111,1,274.07,48.9781,47.5824,97.34,61.02
111,111,1,274.057,48.9218,47.6033,96.39,60.54
112,111,1,273.993,48.9049,47.637,88.74,60.89
113,111,1,274.035,48.9103,47.6355,90.29,61.58
114,111,1,274.037,48.9601,47.4964,88.86,61.14
115,111,1,274.038,48.9336,47.6126,89.02,60.25
116,111,1,274.004,48.9285,47.5964,89.46,60.82
117,111,1,274.088,48.9492,47.625,89.93,61.87
118,111,1,273.99,48.9447,47.6657,90.79,60.61
119,111,1,274.068,48.9741,47.6232,96.75,61.29
120,111,1,274.07,48.9556,47.6268,97.56,62.15
121,111,1,273.97,49.0099,47.6739,87.41,60.29
122,111,1,274.09,48.9283,47.571,88.07,61.77
123,111,1,273.967,48.949,47.6954,89.58,60.53
124,111,1,274.128,48.9643,47.6687,88.91,61.6
125,111,1,273.993,48.9768,47.628,95.11,61.07
126,111,1,273.985,48.9952,47.6239,88.12,60.44
127,111,1,274.052,48.9888,47.6413,96.44,61.66
128,111,1,274.121,48.9667,47.6009,90.24,61.29
129,111,1,274.067,48.9806,47.5765,88.72,61.08
130,111,1,274.04,48.9359,47.6517,89.72,61.64
131,111,1,274.032,49.0078,47.6511,94.87,61
132,111,1,274.037,48.966,47.6479,91.12,61.15
133,111,1,274.003,48.9598,47.5928,91.11,60.92
134,111,1,274.091,48.9699,47.6476,88.39,60.99
135,111,1,274,48.947,47.6447,87.98,60.89
136,111,1,274.022,49.0233,47.6227,87.07,60.01
137,111,1,274.066,48.9737,47.5772,90.05,60.62
138,111,1,273.98,48.9705,47.6693,90.42,61.27
139,111,1,274.02,48.967,47.6124,97.2,60.95
140,111,1,273.942,48.9867,47.6097,89.41,61.13
141,111,1,273.993,48.9667,47.6692,96.21,61.13
142,111,1,274.06,49.0375,47.6115,90.17,61.06
143,111,1,274.063,48.9847,47.5752,89.22,60.92
144,111,1,274.035,49.0342,47.6756,96.89,60.47
145,111,1,274.023,48.9929,47.5836,89.11,60.77
146,111,1,273.997,48.9984,47.602,95.75,60.67
147,111,1,274.232,49.0312,47.6371,88.95,61.12
148,111,1,273.939,48.9922,47.6015,95.46,60.63
149,111,1,273.949,49.0136,47.6508,95.65,60.46
150,111,1,273.876,49.0126,47.6809,88.15,61.5
151,111,1,273.982,49.0297,47.5832,88.24,60.38
152,111,1,274.087,49.004,47.6351,95.2,60.33
153,111,1,274.168,49.0136,47.6445,89.31,60.46
154,111,1,273.958,49.0411,47.6399,87.78,61.11
155,111,1,273.994,48.9833,47.5604,88.51,61.83
156,111,1,274.021,49.0081,47.5442,88.58,61.59
157,111,1,274.021,49.0315,47.6843,89.13,61.61
158,111,1,273.979,49.0034,47.6917,88.68,61.82
159,111,1,274.054,49.0337,47.5812,88.9,60.91
160,111,1,273.947,49.0479,47.6985,89.5,60.81
161,111,1,273.939,49.0577,47.6638,88.11,60.98
162,111,1,273.94,49.026,47.7038,95.5,62.09
163,111,1,274.026,49.0465,47.7044,88.55,61.2
164,111,1,274.039,49.0008,47.6184,95.45,61.29
165,111,1,274.076,49.0448,47.6886,87.36,61.04
166,111,1,273.947,49.0221,47.6725,88.37,60.92
167,111,1,273.931,49.031,47.6938,88.63,61.24
168,111,1,273.998,49.0683,47.7086,89.53,61.13
169,111,1,273.974,49.0452,47.6876,87.48,61.72
170,111,1,273.79,48.9727,47.6977,88.11,60.89
171,111,1,273.883,49.0007,47.687,88.36,61.25
172,111,1,273.882,49.0547,47.7496,92.74,59.88
173,111,0,0,0,0,0,57.55
174,111,1,278.484,39.9333,55.4903,92.45,58.78
175,111,1,278.441,39.9668,55.5297,91.91,59.7
176,111,1,278.485,39.9617,55.4775,91.62,59.2
177,111,1,278.467,39.9608,55.4763,91.89,59.71
178,111,1,278.561,40.028,55.4742,94.46,60.22
179,111,1,278.565,40.0531,55.4998,94.02,59.69
180,111,1,278.481,39.9982,55.4917,92.26,59.83
181,111,1,278.468,39.9677,55.4588,87.51,60.34
182,111,1,278.404,39.9763,55.4559,91.76,59.42
183,111,1,278.457,40.0433,55.5224,91.2,60.21
184,111,1,278.542,40.0409,55.4249,95.27,60.43
185,111,1,278.481,39.9925,55.4747,93.85,60.38
186,111,1,278.47,39.973,55.4616,92.99,60.33
187,111,1,278.471,39.9918,55.4358,94.37,60.17
188,111,1,278.471,39.9836,55.4076,94.66,60.73
189,111,1,278.656,40.1036,55.4558,88.78,60.63
190,111,1,278.61,40.04,55.3969,93.3,60.3
191,111,1,278.589,40.0983,55.3967,91.5,58.47
192,111,0,0,0,0,0,56.71
193,111,1,177.519,21.5508,5.60276,93.02,55.9
194,111,1,177.412,21.5065,5.62715,92.83,57.68
195,111,1,177.464,21.5482,5.56097,93.35,56.33
196,111,1,177.596,21.5826,5.50015,91.48,53.7
197,111,0,0,0,0,0,50.92
198,111,1,66.2554,15.5078,70.5521,84.21,51.56
199,111,1,66.3463,15.5118,70.3662,91.48,52.31
200,111,1,66.2945,15.5315,70.4198,86.55,53.25
201,111,1,66.4504,15.523,70.1843,93.53,53.59
202,111,1,66.3956,15.519,70.2229,93.25,53.83
203,111,1,66.5462,15.4561,70.1274,85.69,53.25
204,111,1,66.4235,15.5423,70.3488,84.3,53.04
205,111,1,66.6266,15.4769,70.0047,94.11,53.92
206,111,1,66.3961,15.476,70.1968,86.99,54.56
207,111,1,66.5658,15.4424,70.1075,85.1,53.37
208,111,1,66.4156,15.5073,70.2481,84.63,53.34
209,111,1,66.6628,15.4395,70.0327,93.23,54.1
210,111,1,66.4248,15.5239,70.16,92.58,54.24
211,111,1,66.566,15.445,70.1042,85.69,54.04
212,111,1,66.6023,15.4167,70.0415,86.11,53.38
213,111,1,66.5679,15.4332,70.0372,84.29,53.18
214,111,1,66.5303,15.4949,70.1765,91.24,54.71
215,111,1,66.6237,15.4153,70.0145,90.78,54.29
216,111,1,66.502,15.4598,70.2455,92.22,54.29
217,111,1,66.5879,15.4387,69.9772,92.8,53.25
218,111,1,66.4818,15.4601,70.172,94.87,52.81
219,111,1,66.5403,15.4778,70.1493,93.14,55.03
220,111,1,66.5344,15.404,70.1073,85.28,52.77
221,111,1,66.4888,15.394,70.1593,93.61,54.4
222,111,1,66.5252,15.404,70.1958,91.95,53.97
223,111,1,66.5406,15.3872,70.0965,86.14,53.4
224,111,1,66.5148,15.4221,70.2663,92.03,53.83
225,111,0,0,0,0,0,51.75
226,111,1,186.951,38.7022,81.3643,96.43,55.08
227,111,1,186.948,38.765,81.3724,95.43,56.82
228,111,1,186.972,38.8084,81.3543,95.08,56.22
229,111,1,186.907,38.8011,81.3383,93.38,56.64
230,111,1,186.944,38.8016,81.3939,92.66,57.55
231,111,1,187.005,38.7315,81.3422,91.69,56.7
232,111,1,186.877,38.84,81.3452,94.68,57.49
233,111,1,186.905,38.7398,81.3519,94.18,56.58
234,111,1,186.918,38.7909,81.3204,93.45,57.16
235,111,1,186.988,38.8202,81.3485,93.63,58.18
236,111,1,187.051,38.7978,81.2508,95.79,57.24
237,111,1,187.105,38.8448,81.2342,93.27,55.09
238,111,1,66.4882,15.393,70.1695,85.27,51.02
239,111,1,66.5498,15.3881,70.193,86.74,53.43
240,111,1,66.3284,15.4491,70.3011,90.17,53.11
241,111,1,66.3487,15.4221,70.3402,94.71,52.55
242,111,1,66.4395,15.4246,70.3055,92.83,53.8
243,111,1,66.3658,15.4336,70.3265,92.53,52.6
244,111,1,66.5037,15.3579,70.0825,84.38,53.39
245,111,1,66.5975,15.3446,70.1106,91.1,52.59
246,111,1,66.371,15.3874,70.2655,87.57,52.78
247,111,1,66.4271,15.4286,70.2816,85.99,54.08
248,111,1,66.2274,15.4499,70.445,85.66,53.56
249,111,1,66.497,15.4008,70.1701,93.21,51.91
250,111,1,66.3666,15.4492,70.2549,92.17,50.68
251,111,1,66.656,15.3994,70.0282,95.36,51.25
252,111,0,0,0,0,0,48.7
253,111,2,347.27,44.2861,59.506,88.74,47.12
254,111,0,0,0,0,0,36.5
255,111,0,0,0,0,0,35.57
0,112,0,0,0,0,0,34.4
1,112,1,176.008,28.7583,77.5444,37.68,30.29
2,112,0,0,0,0,0,32.54
3,112,0,0,0,0,0,54.56
4,112,1,42.7352,39.613,75.1295,90.26,45.3
5,112,1,43.03,39.6495,74.8795,92.37,56.57
6,112,1,42.9526,39.5967,74.9737,91.75,56.84
7,112,1,42.7565,39.5762,75.2252,91.15,55.36
8,112,0,0,0,0,0,52.99
9,112,1,271.265,11.6583,76.6519,91.67,53.77
10,112,1,271.268,11.642,76.6348,93.48,54.19
11,112,1,271.297,11.6778,76.595,92.64,54.62
12,112,1,271.207,11.6404,76.6341,94.1,54.79
13,112,1,271.262,11.6355,76.6049,95.49,54.57
14,112,1,271.312,11.6867,76.6625,95.19,55.21
15,112,1,271.302,11.6793,76.6191,94.8,53.52
16,112,1,271.352,11.6836,76.5601,83.11,51.3
17,112,0,0,0,0,0,48.3
18,112,0,0,0,0,0,49.23
19,112,2,305.271,8.70544,3.81738,78.7,49.02
20,112,0,0,0,0,0,47.86
21,112,1,271.453,11.7674,76.4315,92.63,51.9
22,112,1,271.297,11.7135,76.5005,93.17,53.01
23,112,1,271.376,11.7598,76.644,82.58,50.97
24,112,1,271.434,11.7618,76.5458,93.31,52.86
25,112,1,271.258,11.7509,76.6411,91.77,54.74
26,112,1,271.233,11.7389,76.6452,92.52,54.88
27,112,1,271.231,11.6998,76.5998,92.75,54.78
28,112,1,271.257,11.7255,76.6075,89.63,54.06
29,112,1,271.128,11.7042,76.6096,94.87,55.02
30,112,1,271.304,11.7535,76.5954,95.28,55.29
31,112,1,271.473,11.8009,76.423,90.56,55.31
32,112,1,271.345,11.759,76.5433,91.58,54.38
33,112,1,271.296,11.7289,76.5635,91.19,52.65
34,112,0,0,0,0,0,52.96
35,112,0,0,0,0,0,53.41
36,112,0,0,0,0,0,53.93
37,112,1,42.7872,39.7374,75.1932,88.62,54.14
38,112,0,0,0,0,0,54.12
39,112,0,0,0,0,0,53.92
40,112,0,0,0,0,0,54.27
41,112,1,42.5658,39.7174,75.3281,86.28,54.8
42,112,1,42.7185,39.7222,75.2875,95.42,54.25
43,112,1,42.6908,39.7456,75.3237,93.57,54.32
44,112,1,42.6997,39.7551,75.2572,92.89,56.3
45,112,0,0,0,0,0,53.86
46,112,1,271.298,11.725,76.5802,92.34,53.14
47,112,1,271.262,11.7573,76.5066,92.17,54.54
48,112,1,271.262,11.7354,76.5779,93.2,54.3
49,112,1,271.296,11.7622,76.5871,94.49,55.64
50,112,1,271.273,11.7594,76.565,93.32,54.68
51,112,1,271.365,11.7727,76.4667,94.05,54.14
52,112,1,271.349,11.7648,76.5192,93.22,53.94
53,112,1,271.425,11.7871,76.3297,93.12,54.79
54,112,1,271.544,11.7988,76.2789,90.26,54.44
55,112,1,271.316,11.8028,76.5114,93.76,55.39
56,112,1,271.341,11.8349,76.6384,93.92,54.9
57,112,1,271.32,11.7766,76.5074,93.17,54.68
58,112,1,271.212,11.7941,76.6451,95.16,55.08
59,112,1,271.245,11.7816,76.559,93.71,53.79
60,112,1,271.529,11.8213,76.4333,94.02,52.2
61,112,1,155.322,38.6151,51.5613,81.04,52.29
62,112,1,155.1,38.6269,51.6311,92.37,55.14
63,112,1,155.147,38.6136,51.6121,90.36,55.6
64,112,1,155.189,38.6064,51.5726,91.42,56.19
65,112,1,155.281,38.6144,51.5434,91.72,55.93
66,112,1,155.235,38.5956,51.5243,89.83,53.86
67,112,0,0,0,0,0,52.75
68,112,1,290.691,12.6209,62.4822,89.32,51.65
69,112,1,290.389,12.5716,62.701,88.42,52.59
70,112,1,290.59,12.5988,62.5842,91.37,52.87
71,112,1,290.478,12.5979,62.6602,91.77,52.72
72,112,1,290.347,12.5963,62.6825,93.86,54.45
73,112,1,290.438,12.5965,62.5952,90.12,52.99
74,112,1,290.386,12.5607,62.6302,91.39,53.38
75,112,1,290.502,12.6312,62.5951,89.54,53.15
76,112,1,290.485,12.5904,62.6118,94.59,53.59
77,112,1,290.385,12.5896,62.6443,89.89,52.59
78,112,1,290.473,12.6133,62.6468,90.98,53.28
79,112,1,290.416,12.6467,62.694,93.89,53.13
80,112,1,290.362,12.5983,62.7363,92.16,52.69
81,112,1,290.51,12.598,62.54,93.66,53.53
82,112,1,290.519,12.6551,62.6428,96.14,53.68
83,112,1,290.425,12.5664,62.5899,91.05,51.87
84,112,1,290.523,12.6264,62.6779,91.37,53.22
85,112,1,290.399,12.6311,62.7905,94.13,53.74
86,112,1,290.446,12.6226,62.6269,92.36,52.82
87,112,1,290.34,12.625,62.7397,94.25,52.9
88,112,1,290.5,12.6315,62.6268,91.9,53.57
89,112,1,290.459,12.6228,62.5492,90.9,52.52
90,112,1,290.413,12.6665,62.674,94.06,53.38
91,112,1,290.493,12.6302,62.6041,91.57,52.64
92,112,1,290.385,12.6605,62.7784,94.3,53.59
93,112,1,290.446,12.6178,62.5812,91.56,52.82
94,112,1,290.463,12.6732,62.6401,91.46,53.58
95,112,1,290.435,12.6417,62.5345,90.73,52.6
96,112,1,290.636,12.6325,62.3667,90.77,52.38
97,112,0,0,0,0,0,53.47
98,112,0,0,0,0,0,55.5
99,112,1,273.959,48.9514,47.6047,88.18,60.49
100,112,1,274.171,48.9311,47.6469,87.86,60.38
101,112,1,274.109,48.9443,47.6395,88.36,60.59
102,112,1,273.983,48.9351,47.601,88.44,61.01
103,112,1,274.046,48.9067,47.652,89.67,60.49
104,112,1,274.128,48.9384,47.6299,87.61,60.51
105,112,1,274.066,48.921,47.6163,90.74,60.89
106,112,1,273.993,48.9511,47.6248,89.05,61.15
107,112,1,274.135,48.9178,47.6754,87.15,60.91
108,112,1,274.105,48.9207,47.605,90.88,61.43
109,112,1,274.079,48.9047,47.6346,90.27,60.43
110,112,1,274.012,48.9302,47.6332,87.28,61.26
111,112,1,274.023,48.9208,47.5774,88.81,60.72
112,112,1,274.068,48.9443,47.6392,89.09,60.62
113,112,1,274.012,48.9525,47.6413,87.96,60.29
114,112,1,273.931,48.9677,47.6469,88.48,61.26
115,112,1,274.112,48.8706,47.5718,97.42,61.96
116,112,1,273.967,48.9323,47.6664,87.97,61.3
117,112,1,274.051,48.9617,47.6598,89.38,61.23
118,112,1,273.985,48.9467,47.6182,88.77,61.12
119,112,1,274.072,48.9519,47.6157,89.54,61.49
120,112,1,274.129,48.956,47.6237,88.82,60.23
121,112,1,274.068,48.9574,47.5389,89.02,60.33
122,112,1,273.974,48.9154,47.6151,94.72,60.68
123,112,1,274.001,48.9499,47.5983,88.84,60.39
124,112,1,273.984,48.9887,47.6599,92.68,60.38
125,112,1,274.054,48.9503,47.6138,90.15,60.87
126,112,1,274.126,48.9701,47.5539,89.48,61.24
127,112,1,274.078,48.9681,47.575,89.35,60.69
128,112,1,273.996,48.9183,47.557,89.21,61.46
129,112,1,274.033,48.953,47.5525,86.45,61.13
130,112,1,274.003,48.9513,47.6397,88.98,60.48
131,112,1,274.017,48.9822,47.6419,89.98,61.27
132,112,1,274.006,48.9709,47.6483,89.05,61.74
133,112,1,274.098,48.9639,47.5949,90.72,60.67
134,112,1,274.044,48.9713,47.5811,89.46,61.33
135,112,1,274.033,48.9669,47.651,91.21,60.75
136,112,1,274.022,48.9754,47.6368,89.97,61.36
137,112,1,274.025,48.9838,47.6604,90.7,61.37
138,112,1,274.013,49.0038,47.6723,87.85,60.96
139,112,1,274.099,49.0136,47.6667,88.38,61.17
140,112,1,274.041,48.986,47.6665,90.67,60.99
141,112,1,274.045,48.9658,47.5894,91.01,61.41
142,112,1,274.023,49.0274,47.6468,88.74,61.22
143,112,1,274.027,49.0147,47.6794,90.55,61.63
144,112,1,273.97,49.0065,47.6738,89.37,61.25
145,112,1,273.997,48.9965,47.6681,87.62,60.41
146,112,1,274.078,49.0066,47.6575,90.03,61.35
147,112,1,273.973,49.0007,47.6891,95.49,61.52
148,112,1,274.075,49.0227,47.6589,91.27,61.08
149,112,1,273.982,49.0333,47.7108,90.13,61.6
150,112,1,274.009,49.0427,47.6166,88.48,60.64
151,112,1,274.069,49.0113,47.6053,90.84,61.33
152,112,1,273.987,49.0058,47.6587,88.74,60.59
153,112,1,274.053,49.0334,47.5823,90.35,61.04
154,112,1,273.967,49.0026,47.679,89.58,61.41
155,112,1,274.08,49.027,47.5745,88.23,60.31
156,112,1,274,48.9989,47.6953,90.23,61.27
157,112,1,273.994,49.0611,47.6428,86.77,61.06
158,112,1,273.98,49.0261,47.6113,86.41,60.83
159,112,1,273.966,48.971,47.6883,88.59,61.48
160,112,1,273.88,49.0372,47.6769,94.09,61.72
161,112,1,274.06,49.0735,47.6464,85.8,60.67
162,112,1,273.986,49.0236,47.6351,90.47,60.98
163,112,1,273.983,49.0484,47.6784,87.97,60.82
164,112,1,273.998,48.959,47.7274,87.7,61.06
165,112,1,273.908,49.0565,47.6623,87.98,60.57
166,112,1,274.002,49.0544,47.7069,89.22,60.83
167,112,1,273.971,49.0431,47.6388,87.67,61.06
168,112,1,273.901,49.0362,47.678,87.6,60.8
169,112,1,274.046,49.0339,47.6357,89.33,61.02
170,112,1,273.937,49.0166,47.7175,89.9,60.99
171,112,1,273.966,49.0183,47.7395,88.55,61.13
172,112,1,273.857,48.9741,47.7063,86.58,59.84
173,112,0,0,0,0,0,56.39
174,112,1,278.462,39.9419,55.5113,92.59,59.69
175,112,1,278.441,39.9499,55.5136,91.41,59.83
176,112,1,278.496,39.9272,55.4674,94.75,59.79
177,112,1,278.501,39.9636,55.4725,92.82,59.82
178,112,1,278.418,39.9096,55.4799,93.71,59.48
179,112,1,278.437,39.9793,55.5031,92.76,59.91
180,112,1,278.424,39.9795,55.4766,91.17,59.69
181,112,1,278.508,39.9481,55.4679,94.24,60.29
182,112,1,278.494,40.0001,55.4747,94.2,59.21
183,112,1,278.439,39.9642,55.4812,93.7,60.18
184,112,1,278.486,39.9969,55.4777,93.49,59.76
185,112,1,278.521,39.9987,55.4571,94.18,60.83
186,112,1,278.465,39.9996,55.4336,93.95,59.65
187,112,1,278.546,39.9722,55.409,93.73,60.21
188,112,1,278.535,40.0381,55.3976,93.69,60.98
189,112,1,278.634,40.0674,55.3988,94.48,60.84
190,112,1,278.588,40.1014,55.3606,89.83,57.23
191,112,0,0,0,0,0,57.05
192,112,1,177.603,21.533,5.49052,92.71,57.02
193,112,1,177.608,21.5186,5.55489,92.17,57.99
194,112,1,177.492,21.5423,5.55023,90.24,55.98
195,112,1,177.37,21.5483,5.59761,92.37,54.5
196,112,0,0,0,0,0,51.83
197,112,1,66.4178,15.493,70.3825,91.45,50.88
198,112,1,66.4358,15.5425,70.2469,93.02,52.04
199,112,1,66.4414,15.4913,70.2684,93.26,52.89
200,112,1,66.3862,15.5118,70.3223,86.27,54.08
201,112,1,66.6148,15.4726,70.0156,93.06,53.78
202,112,1,66.2784,15.5727,70.3501,86.81,54.14
203,112,1,66.6867,15.4277,70.0124,81.98,53.94
204,112,1,66.6201,15.4563,69.9869,94.12,53.58
205,112,1,66.4405,15.5152,70.2163,95.84,53.17
206,112,1,66.568,15.4816,70.0681,86,54.38
207,112,1,66.4849,15.4704,70.1226,92.56,53.47
208,112,1,66.69,15.4381,69.9681,83.1,53.9
209,112,1,66.3936,15.5166,70.2293,85.97,53.48
210,112,1,66.69,15.4615,69.9328,86.17,54.98
211,112,1,66.6421,15.4292,69.9035,86.73,54.08
212,112,1,66.4867,15.5203,70.2573,84.22,53.95
213,112,1,66.6794,15.4028,70.0564,87.26,54.14
214,112,1,66.7027,15.3787,69.9814,85.4,53.62
215,112,1,66.5153,15.4734,70.1533,86.96,54.64
216,112,1,66.429,15.4826,70.155,85.67,53.52
217,112,1,66.5685,15.4568,70.1314,93.14,53.54
218,112,1,66.4486,15.4691,70.1621,93.9,54.15
219,112,1,66.424,15.4615,70.2734,92.93,54.2
220,112,1,66.5483,15.4206,70.2252,90.56,53.53
221,112,1,66.2823,15.4782,70.3969,85.92,53.89
222,112,1,66.5359,15.3763,70.0983,85,53.39
223,112,1,66.4056,15.3938,70.2002,83.3,54.18
224,112,1,66.5447,15.415,70.1178,84.11,53.52
225,112,1,66.411,15.4593,70.25,92.19,51.1
226,112,1,187.006,38.7909,81.3037,88.77,54.9
227,112,1,186.931,38.8221,81.3826,92.56,57.41
228,112,1,186.995,38.663,81.2731,94.08,57.03
229,112,1,186.926,38.8733,81.3198,91.16,56.73
230,112,1,186.884,38.7048,81.3384,94.17,56.96
231,112,1,186.972,38.7326,81.3344,91.37,56.69
232,112,1,186.878,38.8013,81.3776,92.41,56.53
233,112,1,186.816,38.8709,81.4466,94.21,58.01
234,112,1,186.959,38.8587,81.3328,92.87,57.99
235,112,1,187.003,38.8145,81.3227,92.98,57.85
236,112,1,187.086,38.7783,81.2728,95.85,57.55
237,112,1,187.125,38.8532,81.231,92.93,56.51
238,112,0,0,0,0,0,52.46
239,112,1,66.606,15.3414,70.1198,91.81,52.14
240,112,1,66.4955,15.3687,70.056,85.61,53.31
241,112,1,66.4184,15.4092,70.2019,90.78,53.03
242,112,1,66.3276,15.4328,70.3466,92.39,54.1
243,112,1,66.539,15.4094,70.1329,81.55,53.14
244,112,1,66.3844,15.4084,70.338,93.3,54.5
245,112,1,66.2623,15.4323,70.4373,87.1,53.16
246,112,1,66.6874,15.3345,70.0055,84.22,53.21
247,112,1,66.5649,15.3852,70.1794,93.67,53.73
248,112,1,66.4764,15.3961,70.1709,93.21,53.51
249,112,1,66.5285,15.3201,70.1739,93.23,51.72
250,112,0,0,0,0,0,49.45
251,112,0,0,0,0,0,47.82
252,112,0,0,0,0,0,48.48
253,112,0,0,0,0,0,45.96
254,112,0,0,0,0,0,35.88
255,112,0,0,0,0,0,35.17
0,113,0,0,0,0,0,34.4
1,113,0,0,0,0,0,31.57
2,113,0,0,0,0,0,33.46
3,113,0,0,0,0,0,54.58
4,113,1,42.6324,39.6118,75.2468,89.02,46.74
5,113,1,42.8026,39.6167,75.1796,89.54,56.53
6,113,1,42.8894,39.7747,75.1639,92.93,57.32
7,113,1,42.7216,39.5904,75.2679,91.87,57.8
8,113,1,42.7243,39.7376,75.305,87.53,52.39
9,113,1,271.173,11.6313,76.6707,87.7,52
10,113,1,271.196,11.679,76.7162,92.29,53.91
11,113,1,271.315,11.6849,76.6123,94.43,54.77
12,113,1,271.533,11.6956,76.2058,91.64,54.12
13,113,1,271.299,11.6759,76.6046,94.46,54.87
14,113,1,271.304,11.6778,76.6921,93.68,55.2
15,113,1,271.663,11.6905,76.2463,93.27,51.8
16,113,0,0,0,0,0,49.96
17,113,0,0,0,0,0,48.84
18,113,0,0,0,0,0,48.52
19,113,0,0,0,0,0,48.67
20,113,0,0,0,0,0,49.75
21,113,1,271.18,11.7684,76.7144,90.02,54.49
22,113,1,271.341,11.7453,76.6069,90.79,53.76
23,113,1,271.29,11.7439,76.5286,92.46,50.98
24,113,1,271.279,11.7549,76.6668,91.92,52.88
25,113,1,271.443,11.739,76.449,93.87,54.21
26,113,1,271.374,11.7112,76.452,94.02,53.74
27,113,1,271.306,11.7133,76.4969,93.85,54.91
28,113,1,271.321,11.7157,76.5065,92.58,54.5
29,113,1,271.365,11.7266,76.501,93.1,55.21
30,113,1,271.3,11.7489,76.6044,93.87,55.01
31,113,1,271.188,11.7462,76.6507,92.54,54.77
32,113,1,271.253,11.7774,76.609,91.89,55.5
33,113,1,271.184,11.7529,76.6862,83.39,52.87
34,113,0,0,0,0,0,53.01
35,113,1,42.7472,39.7255,75.2398,91.18,54.02
36,113,1,42.6181,39.7831,75.2456,94.76,56.06
37,113,1,42.6616,39.7394,75.2936,94.4,55.99
38,113,1,42.7602,39.7314,75.2669,91.84,55.95
39,113,1,42.7215,39.7379,75.2464,95.03,55.98
40,113,1,42.8346,39.7332,75.1628,91.85,57.06
41,113,1,42.6425,39.7743,75.4852,91.06,57.19
42,113,1,42.7533,39.7101,75.2797,95.04,57.76
43,113,1,42.6564,39.5688,75.2959,88.12,57.45
44,113,1,42.5718,39.7735,75.4141,92.15,57.62
45,113,1,42.6493,39.7311,75.3708,90.34,54.94
46,113,0,0,0,0,0,51.62
47,113,1,271.204,11.7588,76.6613,92.59,54.24
48,113,1,271.257,11.7606,76.655,92.59,53.61
49,113,1,271.29,11.775,76.624,92.17,54.6
50,113,1,271.156,11.8164,76.6257,91.27,55.04
51,113,1,271.258,11.7566,76.5534,93.31,54.6
52,113,1,271.312,11.7998,76.5434,95.38,54.69
53,113,1,271.179,11.8224,76.6195,89.65,55.48
54,113,1,271.391,11.8088,76.3946,91.68,54.86
55,113,1,271.188,11.7616,76.6151,92.78,55.05
56,113,1,271.249,11.7693,76.5769,94.17,54.9
57,113,1,271.225,11.7339,76.6905,90.82,53.59
58,113,1,271.267,11.7784,76.5798,93.07,54.68
59,113,1,271.347,11.7975,76.5679,92.53,52.97
60,113,0,0,0,0,0,50.59
61,113,1,155.167,38.621,51.6108,90.7,54.03
62,113,1,155.143,38.6141,51.5878,94.52,56.12
63,113,1,155.183,38.607,51.5814,90.16,55.72
64,113,1,155.186,38.6051,51.5767,92.8,56.4
65,113,1,155.234,38.6092,51.5596,94.64,55.57
66,113,0,0,0,0,0,53.03
67,113,1,290.647,12.5824,62.4102,92.12,52.57
68,113,1,290.487,12.5866,62.5691,92.02,52.69
69,113,1,290.362,12.6286,62.7888,92.69,52.6
70,113,1,290.535,12.6162,62.53,90.96,53.35
71,113,1,290.415,12.5893,62.7077,91.22,52.76
72,113,1,290.465,12.5748,62.4816,91.29,52.36
73,113,1,290.457,12.5796,62.5065,92.26,52.99
74,113,1,290.445,12.5994,62.5702,91.44,52.46
75,113,1,290.544,12.602,62.5916,92.7,52.25
76,113,1,290.342,12.6176,62.7397,92.7,53.17
77,113,1,290.328,12.6189,62.8087,95.29,53.46
78,113,1,290.651,12.6356,62.4642,93.26,53.09
79,113,1,290.549,12.6158,62.5329,89.15,51.27
80,113,1,290.422,12.5811,62.6655,92.41,53.4
81,113,1,290.517,12.6179,62.6344,93.93,53.57
82,113,1,290.418,12.5961,62.6442,90.9,52.71
83,113,1,290.47,12.6431,62.6396,94.66,53.47
84,113,1,290.459,12.6035,62.6201,92.36,52.79
85,113,1,290.346,12.6356,62.8237,93.7,52.52
86,113,1,290.348,12.6115,62.6505,93.49,53.22
87,113,1,290.41,12.6308,62.6782,91.66,52.88
88,113,1,290.485,12.659,62.6505,93.59,52.98
89,113,1,290.339,12.61,62.6825,88.88,53.43
90,113,1,290.403,12.6049,62.6559,89.63,51.98
91,113,1,290.399,12.6547,62.6725,93.9,53.09
92,113,1,290.383,12.6386,62.6741,93.51,53.12
93,113,1,290.417,12.6299,62.7208,91.63,53.39
94,113,1,290.369,12.6613,62.6916,90.75,52.84
95,113,1,290.46,12.6571,62.6599,92.06,52.97
96,113,1,290.403,12.6381,62.6469,88.99,52.01
97,113,1,290.518,12.655,62.6035,90.62,52.74
98,113,0,0,0,0,0,53.85
99,113,0,0,0,0,0,56.26
100,113,1,273.949,48.8909,47.6086,87.84,59.34
101,113,1,274.114,48.9809,47.6197,94.51,60.88
102,113,1,273.995,48.8848,47.608,87.02,59.83
103,113,1,274.105,48.9569,47.6423,90.81,61.08
104,113,1,274.11,48.947,47.6383,88.33,61.29
105,113,1,273.979,48.9092,47.5836,89.99,61.22
106,113,1,274.01,48.936,47.5879,89.88,60.68
107,113,1,274.106,48.9304,47.6503,89.5,61.24
108,113,1,274.135,48.9335,47.5502,87.84,60.58
109,113,1,274.047,48.9321,47.6001,90.45,60.64
110,113,1,274.032,48.9231,47.6357,87.89,61.17
111,113,1,274.016,48.9246,47.6597,87.85,61.43
112,113,1,274.029,48.905,47.6541,90.25,61.13
113,113,1,274.056,48.9233,47.6309,91.22,61.09
114,113,1,274.056,48.9428,47.6575,90.73,61.54
115,113,1,274.026,48.9191,47.6614,95.22,61.35
116,113,1,274.136,48.8753,47.5358,96.68,61.34
117,113,1,273.995,48.9764,47.6439,88.5,61.13
118,113,1,274.062,48.9616,47.5836,90.08,60.99
119,113,1,273.896,48.9327,47.6501,88.2,60.81
120,113,1,273.973,48.9092,47.5129,88.08,60.6
121,113,1,274.041,48.9545,47.6829,89.64,61.05
122,113,1,274.023,48.9458,47.6568,96.88,60.65
123,113,1,274.036,48.968,47.6798,89.39,60.27
124,113,1,274.054,48.9555,47.6444,90.06,61.14
125,113,1,273.973,48.9478,47.6541,88.93,61.15
126,113,1,274.085,48.977,47.611,87.93,61.63
127,113,1,273.985,48.9848,47.5993,86.74,59.9
128,113,1,274.06,48.9656,47.6441,88.7,60.87
129,113,1,274.076,48.9451,47.601,90.72,60.44
130,113,1,274.038,48.9532,47.6489,89.92,61.47
131,113,1,274.046,48.9509,47.6379,89.86,61.14
132,113,1,274.039,48.8845,47.6861,89.33,61.18
133,113,1,274.087,48.9873,47.6601,89.9,61.44
134,113,1,273.944,48.9887,47.6917,87.85,60.58
135,113,1,273.983,49.0172,47.5783,88.58,61.83
136,113,1,274.115,48.9213,47.6555,95.01,61.22
137,113,1,274.027,48.9845,47.6878,88.65,61.13
138,113,1,273.925,49.0027,47.6411,87.49,61.03
139,113,1,274.017,49.0053,47.698,88.03,60.93
140,113,1,274.081,48.9931,47.6923,97.25,61.61
141,113,1,274.054,48.9807,47.6797,89.02,61.67
142,113,1,273.89,48.9952,47.702,89,61.87
143,113,1,274.142,49.017,47.5783,90.19,60.25
144,113,1,274.052,49.0036,47.6773,88.99,61.16
145,113,1,274.045,49.0039,47.6207,95.77,61.1
146,113,1,274.025,49.0034,47.6123,95.67,60.8
147,113,1,273.891,48.9719,47.5876,89.56,61.26
148,113,1,274.011,49.0179,47.7043,90.15,62
149,113,1,273.955,49.0333,47.58,86.55,61.6
150,113,1,274.007,49.0463,47.673,86.28,61.09
151,113,1,274.019,49.0221,47.7238,96.16,61.72
152,113,1,273.935,48.9669,47.6724,89.91,60.6
153,113,1,273.954,48.9685,47.6273,89.22,61.85
154,113,1,273.929,49.0109,47.619,86.75,60.52
155,113,1,273.961,48.9446,47.6781,89.08,60.65
156,113,1,274.045,49.0393,47.5924,87.92,60.8
157,113,1,273.971,49.034,47.693,89.78,61.73
158,113,1,273.876,49.0098,47.6798,87.78,60.76
159,113,1,273.958,49.0486,47.6093,87.2,61.22
160,113,1,273.919,49.0352,47.6704,88.33,60.96
161,113,1,273.919,49.0286,47.6406,88.5,60.96
162,113,1,274.009,49.0814,47.7122,88.43,60.68
163,113,1,274.011,49.0558,47.6917,88.68,61.79
164,113,1,274.027,49.0418,47.5879,89.12,61.22
165,113,1,273.882,49.0249,47.676,87.47,60.27
166,113,1,273.982,49.0506,47.6754,87.87,61.54
167,113,1,273.892,49.0257,47.6497,88.9,60.81
168,113,1,273.955,49.0349,47.6889,90.29,61.36
169,113,1,274.008,49.0558,47.6409,87.94,61.32
170,113,1,273.899,49.0143,47.6299,89.87,60.34
171,113,1,273.879,49.0158,47.6585,89.3,60.99
172,113,1,273.886,49.0002,47.6957,93.9,59.86
173,113,0,0,0,0,0,56.99
174,113,1,278.39,39.9367,55.5123,91.14,59.77
175,113,1,278.519,40.0175,55.5227,92.26,58.78
176,113,1,278.558,40.0635,55.5224,92.36,59.6
177,113,1,278.463,39.9372,55.5073,92.42,60.53
178,113,1,278.532,40.0025,55.506,94.05,59.97
179,113,1,278.406,39.9769,55.5808,91.93,59.92
180,113,1,278.491,39.9851,55.4837,93.15,59.79
181,113,1,278.567,40.0428,55.4451,93.08,59.75
182,113,1,278.476,40.0108,55.4719,93.89,60.66
183,113,1,278.458,39.9722,55.4521,92.61,60.01
184,113,1,278.485,40.0001,55.4405,94.65,60.16
185,113,1,278.433,40.0155,55.5331,94.81,60.43
186,113,1,278.482,39.9891,55.4639,94.53,61
187,113,1,278.537,40.0092,55.4328,92.78,60.51
188,113,1,278.518,40.0301,55.4327,94.38,59.59
189,113,1,278.613,40.0736,55.4313,91.65,58.06
190,113,0,0,0,0,0,57.19
191,113,1,177.557,21.553,5.60221,91.91,56.86
192,113,1,177.544,21.4944,5.56435,92.15,57.58
193,113,1,177.63,21.512,5.53003,91.45,55.82
194,113,0,0,0,0,0,51.58
195,113,0,0,0,0,0,51.68
196,113,1,66.3923,15.5119,70.3385,90.55,51.4
197,113,1,66.4371,15.5148,70.3315,92.88,53.54
198,113,1,66.5791,15.4769,70.053,91.9,53.05
199,113,1,66.652,15.4435,70.0449,91.36,54.18
200,113,1,66.4538,15.5302,70.2371,87.17,54.13
201,113,1,66.5817,15.4564,70.0355,85.36,53.81
202,113,1,66.4858,15.4955,70.1409,91.99,53.21
203,113,1,66.4848,15.4772,70.0715,93.04,54.36
204,113,1,66.3904,15.5045,70.2728,85.54,53.2
205,113,1,66.3854,15.5275,70.2751,91.42,53.87
206,113,1,66.4626,15.4902,70.189,85.43,53.41
207,113,1,66.4401,15.4964,70.2466,92.47,54.1
208,113,1,66.5545,15.4625,70.1374,92.94,53.89
209,113,1,66.8044,15.3834,69.99,84.14,53.01
210,113,1,66.7227,15.4211,69.8414,86.23,53.74
211,113,1,66.6262,15.4702,70.0114,91.95,53.18
212,113,1,66.5771,15.4504,70.026,92.77,54.4
213,113,1,66.458,15.4977,70.2314,94.09,53.74
214,113,1,66.6656,15.425,69.9888,86.15,52.5
215,113,1,66.431,15.4966,70.2625,86.85,53.91
216,113,1,66.5406,15.4492,70.0259,92.15,53.76
217,113,1,66.6434,15.3913,69.957,86.99,54.66
218,113,1,66.7288,15.3985,69.8726,83.87,54.19
219,113,1,66.4793,15.4634,70.1865,85.04,52.88
220,113,1,66.4529,15.4546,70.2405,83.55,54.22
221,113,1,66.6622,15.3776,70.054,92.55,53.75
222,113,1,66.6314,15.373,70.084,91.24,54.44
223,113,1,66.366,15.4769,70.2068,92.88,54.48
224,113,1,66.3691,15.4365,70.3237,92.77,53.48
225,113,1,66.423,15.4562,70.2372,94.11,54.36
226,113,0,0,0,0,0,51.9
227,113,1,186.969,38.7742,81.3361,94.55,55.31
228,113,1,186.969,38.8356,81.2924,93.23,55.98
229,113,1,187.088,38.7,81.2701,93.55,56.69
230,113,1,186.917,38.8197,81.3991,92.53,57.7
231,113,1,186.839,38.8171,81.3806,93.26,58.25
232,113,1,186.902,38.8743,81.4263,93.03,57.55
233,113,1,186.897,38.7732,81.3708,94.07,57.84
234,113,1,186.968,38.7671,81.344,92.92,58.38
235,113,1,187.069,38.8209,81.2202,92.48,57.51
236,113,1,187.037,38.6425,81.2348,94.42,57.64
237,113,1,187.028,38.7343,81.3027,95.61,57.41
238,113,0,0,0,0,0,51.91
239,113,1,66.4457,15.4308,70.3194,92.55,53.04
240,113,1,66.5517,15.3805,70.0918,91.4,53.63
241,113,1,66.5423,15.3948,70.0678,92.42,53.62
242,113,1,66.3738,15.4281,70.2983,94.32,53.12
243,113,1,66.3286,15.4504,70.33,85.8,53.42
244,113,1,66.3247,15.4049,70.3667,85.81,53.56
245,113,1,66.5129,15.3686,70.0978,84.21,53.62
246,113,1,66.5901,15.3609,70.1039,91.55,52.18
247,113,1,66.6179,15.3673,70.0585,93.75,53.31
248,113,1,66.254,15.4157,70.3992,93.23,54.49
249,113,1,66.2983,15.3903,70.4758,93.76,52.11
250,113,0,0,0,0,0,49.76
251,113,0,0,0,0,0,48.28
252,113,0,0,0,0,0,47.68
253,113,0,0,0,0,0,43.88
254,113,0,0,0,0,0,35.83
255,113,0,0,0,0,0,35.24
0,114,0,0,0,0,0,34.5
1,114,0,0,0,0,0,31.1
2,114,0,0,0,0,0,33.07
3,114,0,0,0,0,0,53.7
4,114,1,42.8072,39.5566,75.3485,85.99,45.74
5,114,1,42.9393,39.7725,75.1437,91.46,56.85
6,114,1,42.7593,39.7906,75.1466,94.46,56.68
7,114,1,42.7897,39.6028,75.1009,92.5,57.12
8,114,1,42.7618,39.8109,75.2557,93.48,56.43
9,114,0,0,0,0,0,52.43
10,114,1,271.334,11.6705,76.5384,84.21,53.08
11,114,1,271.248,11.66,76.6872,92.27,54.74
12,114,1,271.251,11.6586,76.6281,92.38,54.39
13,114,1,271.299,11.6515,76.5446,95.04,55.34
14,114,1,271.404,11.6569,76.4427,92.31,55.16
15,114,1,271.221,11.6193,76.5945,94.03,52.43
16,114,0,0,0,0,0,48.32
17,114,0,0,0,0,0,49.54
18,114,0,0,0,0,0,48.92
19,114,0,0,0,0,0,48.96
20,114,1,271.176,11.788,76.8077,93.05,52.94
21,114,1,271.15,11.7641,76.7467,90.92,54.26
22,114,1,271.161,11.7322,76.7305,94.33,53.76
23,114,1,271.167,11.6881,76.7851,93.17,53.27
24,114,1,271.324,11.6928,76.568,92.61,53.52
25,114,1,271.408,11.7517,76.5372,93.04,54.67
26,114,1,271.23,11.7661,76.6792,91.9,55.37
27,114,1,271.343,11.7315,76.5711,91.31,54.57
28,114,1,271.356,11.7355,76.565,94.87,54.75
29,114,1,271.346,11.7531,76.5994,92.1,53.86
30,114,1,271.206,11.7249,76.6132,93.58,54.71
31,114,1,271.223,11.7459,76.6645,94.41,55.2
32,114,1,271.394,11.7762,76.5907,92.58,55.18
33,114,1,271.254,11.7683,76.6319,86.92,52.7
34,114,1,42.674,39.6841,75.3831,85.36,54.32
35,114,1,42.8538,39.7158,75.2392,90.67,56.4
36,114,1,42.7031,39.4972,75.3523,85.45,57.59
37,114,1,42.8075,39.7261,75.1797,94.48,58.3
38,114,1,42.6671,39.5124,75.355,91.1,58.21
39,114,1,42.5217,39.4521,75.483,86.58,57.92
40,114,1,42.5375,39.7607,75.4093,92.78,57.74
41,114,1,42.5306,39.5397,75.4753,88.15,58.39
42,114,1,42.778,39.5761,75.0283,90.28,57.46
43,114,1,42.6791,39.7785,75.3795,92.27,58.61
44,114,1,42.6623,39.5057,75.3591,90.96,57.39
45,114,1,42.7723,39.724,75.2672,92.45,56.96
46,114,0,0,0,0,0,53.97
47,114,1,271.095,11.7217,76.6059,92.69,53.93
48,114,1,271.154,11.7595,76.6668,94.54,55.07
49,114,1,271.096,11.7722,76.7774,94.52,54.88
50,114,1,271.098,11.7815,76.7481,92.9,54.59
51,114,1,271.102,11.7542,76.7165,94.61,54.28
52,114,1,271.036,11.747,76.7463,92.63,54.06
53,114,1,271.166,11.749,76.7187,93.31,54.7
54,114,1,271.366,11.7839,76.5526,92.67,54.74
55,114,1,271.352,11.8059,76.4741,90.11,54.6
56,114,1,271.079,11.8021,76.8311,93.61,55.26
57,114,1,271.083,11.7609,76.6953,91.37,54.98
58,114,1,271.473,11.8171,76.4722,93.34,52.26
59,114,0,0,0,0,0,50.75
60,114,1,155.168,38.6047,51.6075,91.33,53.85
61,114,1,155.257,38.62,51.5688,92.84,55.48
62,114,1,155.147,38.6345,51.5846,92.54,55.43
63,114,1,155.234,38.6322,51.5627,91.99,56.44
64,114,1,155.216,38.6119,51.5587,91.05,54.83
65,114,1,155.319,38.5917,51.4942,85.57,53.98
66,114,1,290.963,12.5742,62.2312,90.2,52.09
67,114,1,290.499,12.5648,62.5718,91.35,52.16
68,114,1,290.459,12.559,62.5472,92.8,52.01
69,114,1,290.414,12.5483,62.5983,91.95,51.77
70,114,1,290.411,12.5756,62.6194,90.14,52.75
71,114,1,290.288,12.5616,62.7103,89.28,52.62
72,114,1,290.479,12.609,62.6374,92.16,52.55
73,114,1,290.459,12.578,62.578,91.06,53.35
74,114,1,290.489,12.5942,62.6213,91.38,52.63
75,114,1,290.467,12.6209,62.5217,91.44,52.65
76,114,1,290.25,12.603,62.7615,93.14,53.16
77,114,1,290.348,12.5996,62.7309,90.15,52.92
78,114,1,290.389,12.5505,62.6117,89.67,53.07
79,114,1,290.407,12.6079,62.677,92.36,53.23
80,114,1,290.421,12.6095,62.6558,90.1,53.11
81,114,1,290.441,12.5844,62.6257,92.28,52.34
82,114,1,290.396,12.638,62.7094,92.76,53.51
83,114,1,290.452,12.6036,62.5708,93.53,52.44
84,114,1,290.386,12.6042,62.6918,88.9,53.17
85,114,1,290.286,12.6287,62.7557,93.6,53.38
86,114,1,290.462,12.6161,62.6292,94.85,54.19
87,114,1,290.412,12.6446,62.6909,92.48,53.8
88,114,1,290.257,12.6419,62.8925,94.82,54.27
89,114,1,290.42,12.6763,62.739,93.67,53.34
90,114,1,290.383,12.6367,62.656,90.18,51.74
91,114,1,290.417,12.6418,62.6206,92.88,52.92
92,114,1,290.456,12.6729,62.6479,93.81,53.55
93,114,1,290.45,12.6619,62.6862,90.77,53.09
94,114,1,290.317,12.6102,62.7667,94.25,53.61
95,114,1,290.429,12.6742,62.6059,92.76,53.16
96,114,1,290.413,12.6249,62.6309,91.76,52.9
97,114,1,290.38,12.6385,62.633,89.76,52.74
98,114,1,290.472,12.6409,62.5592,91.32,51.69
99,114,0,0,0,0,0,52.35
100,114,1,273.988,48.96,47.5742,84.07,55.03
101,114,1,274.02,48.9676,47.646,93.77,57.15
102,114,1,274.01,48.957,47.6385,93.71,59.36
103,114,1,274.002,48.9453,47.6272,90.95,58.54
104,114,1,273.996,48.9335,47.6416,94.19,58.5
105,114,1,273.974,48.9142,47.6253,87.74,59.96
106,114,1,274.008,48.9214,47.6403,89.63,60.79
107,114,1,274.066,48.932,47.651,95.03,61.33
108,114,1,274.057,48.9338,47.5724,90.42,60.6
109,114,1,274.031,48.9034,47.5726,90.98,61.44
110,114,1,274.097,48.9501,47.6557,89.78,60.67
111,114,1,274.072,48.9651,47.6266,88.23,60.9
112,114,1,274.05,48.9368,47.606,89.62,61.03
113,114,1,274.058,48.9146,47.6048,94.5,61.1
114,114,1,274.055,48.9541,47.6371,96.41,61.16
115,114,1,274.104,48.9591,47.6426,89.24,60.84
116,114,1,274.006,48.9656,47.6652,89.08,61.2
117,114,1,274,48.9139,47.6546,89.53,61.81
118,114,1,274.155,48.9628,47.614,88.38,61.11
119,114,1,274.032,48.943,47.606,89.32,61.13
120,114,1,274.056,48.9868,47.5836,92.4,59.73
121,114,1,274.082,48.986,47.6682,88.71,60.98
122,114,1,274.009,48.934,47.6681,90.39,61.02
123,114,1,273.885,48.9506,47.6931,87.86,60.93
124,114,1,274.03,48.9451,47.6489,89.03,60.83
125,114,1,274.064,48.9533,47.673,89.13,60.85
126,114,1,274.085,48.9515,47.6753,88.73,61.51
127,114,1,274.119,48.9565,47.6721,95.13,60.74
128,114,1,274.081,48.967,47.6314,90.46,61
129,114,1,274.097,48.9408,47.6604,86.85,61.33
130,114,1,274.076,48.9578,47.6109,90.19,61.24
131,114,1,273.978,48.9535,47.6814,89.68,61.39
132,114,1,274.091,48.985,47.6429,90.01,61.35
133,114,1,274.069,49.0038,47.6645,96.22,60.36
134,114,1,273.992,48.9852,47.678,86.77,61.17
135,114,1,273.911,48.9501,47.7268,88.81,61.21
136,114,1,274.09,48.9963,47.6538,89.09,61.21
137,114,1,274.079,48.9596,47.6354,89.45,61.1
138,114,1,274.074,48.9942,47.6786,88.74,61.5
139,114,1,274.129,48.975,47.6507,89.3,61.09
140,114,1,273.982,48.9526,47.5648,89.25,60.68
141,114,1,274.016,48.986,47.6153,88.15,60.89
142,114,1,273.971,48.9513,47.6543,89.05,61.47
143,114,1,273.984,48.9942,47.6889,89.58,61.5
144,114,1,273.964,48.9653,47.5855,89.04,61.59
145,114,1,274.096,49.0013,47.6939,94.37,60.44
146,114,1,274.029,48.9719,47.6248,94.66,60.46
147,114,1,273.997,48.964,47.5234,88.78,61.29
148,114,1,274.094,49.0232,47.6901,96.44,62.2
149,114,1,274.044,49.0005,47.6036,89.81,61.21
150,114,1,273.96,49.0331,47.6419,87.53,61.23
151,114,1,274.045,48.9887,47.6172,90.83,60.63
152,114,1,273.939,48.9979,47.686,97.62,60.87
153,114,1,273.926,49.0057,47.6847,88.26,60.79
154,114,1,273.995,49.0204,47.6642,89.01,61.55
155,114,1,274.1,49.0252,47.6348,85.68,60.92
156,114,1,274.021,49.0168,47.6883,89.52,61.23
157,114,1,273.996,48.9858,47.594,88.4,61.3
158,114,1,274.076,49.0452,47.6518,91.31,60.98
159,114,1,273.98,48.9942,47.5991,87.37,61.16
160,114,1,273.856,49.0358,47.6993,88.39,60.51
161,114,1,273.954,49.0091,47.614,89.14,60.9
162,114,1,274.025,49.0276,47.5979,87.33,61.54
163,114,1,273.978,49.04,47.6297,87.53,61.37
164,114,1,273.955,49.0211,47.6872,90.12,61.18
165,114,1,274.116,49.0692,47.6468,87.84,60.99
166,114,1,274.076,49.0828,47.6476,94.37,61.94
167,114,1,273.935,49.0461,47.6738,94.82,61.08
168,114,1,273.994,49.0286,47.6949,90.43,61.49
169,114,1,273.884,49.0366,47.6572,88.06,60.41
170,114,1,273.85,48.9943,47.6966,87.45,61.22
171,114,1,273.95,49.0177,47.6998,88.46,61.02
172,114,1,273.948,48.9952,47.6364,94.27,59.93
173,114,0,0,0,0,0,56.92
174,114,1,278.433,39.9412,55.504,91.59,58.67
175,114,1,278.488,39.9715,55.5104,92.09,60.63
176,114,1,278.54,39.9957,55.5548,90.31,59.78
177,114,1,278.543,39.9741,55.4658,93.13,60.1
178,114,1,278.433,39.9791,55.5117,91.98,58.81
179,114,1,278.559,40.0535,55.5002,92.51,59.04
180,114,1,278.435,39.976,55.4878,91.85,59.52
181,114,1,278.454,39.9874,55.4827,91.06,59.55
182,114,1,278.475,39.9825,55.4812,90.84,60.09
183,114,1,278.417,39.9901,55.4568,91.83,59.57
184,114,1,278.479,39.9939,55.466,91.07,60
185,114,1,278.431,40.0209,55.4799,92.22,60.33
186,114,1,278.586,40.0136,55.439,93.68,60.57
187,114,1,278.5,39.9843,55.4652,95.05,59.75
188,114,1,278.557,40.0576,55.4048,93.5,56.86
189,114,0,0,0,0,0,57.21
190,114,1,177.725,21.6122,5.42064,90.52,56.7
191,114,1,177.487,21.5611,5.60338,91.85,57.94
192,114,1,177.585,21.5245,5.58313,91.84,55.45
193,114,0,0,0,0,0,52.89
194,114,0,0,0,0,0,50.77
195,114,1,66.4198,15.5078,70.3843,91.08,52.45
196,114,1,66.4212,15.534,70.278,92.32,52.26
197,114,1,66.4368,15.5185,70.2341,93.16,53.62
198,114,1,66.4455,15.5116,70.2047,92.01,53.18
199,114,1,66.6747,15.4382,70.0391,92.74,54.05
200,114,1,66.5098,15.4633,70.1882,85.12,53.06
201,114,1,66.5788,15.4835,70.0907,92.16,54.04
202,114,1,66.3825,15.5424,70.2819,94.21,53.47
203,114,1,66.4008,15.5454,70.1711,92.75,53.35
204,114,1,66.5995,15.4591,70.0514,95.31,54.34
205,114,1,66.4173,15.5109,70.2907,87.78,52.06
206,114,1,66.4518,15.4947,70.2029,93.3,53.54
207,114,1,66.6672,15.4515,69.9511,84.48,53.32
208,114,1,66.6817,15.4522,69.9795,91.85,54.1
209,114,1,66.3797,15.4986,70.3038,86.3,53.62
210,114,1,66.4991,15.4982,70.2166,85.09,53.78
211,114,1,66.4679,15.4656,70.1015,94.45,53.46
212,114,1,66.6881,15.435,69.9307,92.11,53.89
213,114,1,66.5896,15.419,70.077,86.63,52.91
214,114,1,66.6531,15.4239,70.0128,94.1,54.19
215,114,1,66.4269,15.4858,70.1957,85.64,54.36
216,114,1,66.5056,15.4815,70.0521,92.02,53.16
217,114,1,66.4325,15.4898,70.1599,93.26,53.73
218,114,1,66.5227,15.4424,70.1364,92.58,53.8
219,114,1,66.2453,15.4875,70.3596,86.08,54.4
220,114,1,66.5136,15.465,70.1924,85.74,54.4
221,114,1,66.4696,15.444,70.209,94.61,53.39
222,114,1,66.7221,15.4363,69.8737,87.44,54.57
223,114,1,66.6092,15.3783,70.0517,95.34,53.45
224,114,1,66.4904,15.4355,70.1361,92.13,52.86
225,114,1,66.4661,15.4455,70.1756,92.13,53.53
226,114,0,0,0,0,0,51.66
227,114,1,186.957,38.7344,81.3314,95.18,55.9
228,114,1,187.126,38.7052,81.2681,92.03,56.01
229,114,1,186.947,38.837,81.2813,91.96,56.39
230,114,1,186.954,38.8501,81.3903,93.46,57.52
231,114,1,186.928,38.7979,81.2822,94.47,56.28
232,114,1,186.916,38.6529,81.3415,92.48,56.86
233,114,1,186.901,38.8603,81.3329,93.57,56.13
234,114,1,186.858,38.7853,81.4394,92.52,57.47
235,114,1,187.002,38.8352,81.2375,92.85,56.92
236,114,1,186.793,38.6897,81.335,93.6,56.85
237,114,1,187.005,38.8308,81.3204,92.35,57.83
238,114,1,187.019,38.8258,81.2694,87.35,53.69
239,114,1,66.5997,15.3776,70.0423,92.09,52.5
240,114,1,66.3431,15.4234,70.4207,92.51,52.99
241,114,1,66.34,15.4349,70.3158,92.68,52.5
242,114,1,66.42,15.4116,70.2844,91.39,53.73
243,114,1,66.4022,15.3883,70.1902,83.12,52.94
244,114,1,66.5313,15.3722,70.0428,85.53,54.36
245,114,1,66.5495,15.4011,70.1545,93.19,53.61
246,114,1,66.3326,15.4215,70.3751,88.8,54.23
247,114,1,66.3681,15.4048,70.3426,95.84,53.11
248,114,1,66.2849,15.4294,70.3168,85.83,53.44
249,114,1,66.5507,15.3225,70.0957,92.84,52.91
250,114,0,0,0,0,0,49.44
251,114,2,347.055,44.0754,59.377,80.52,51.53
252,114,0,0,0,0,0,47.26
253,114,0,0,0,0,0,41.62
254,114,0,0,0,0,0,35.84
255,114,0,0,0,0,0,35.35
0,115,0,0,0,0,0,34.42
1,115,0,0,0,0,0,30.79
2,115,0,0,0,0,0,34.46
3,115,0,0,0,0,0,53.88
4,115,1,42.3995,39.6756,75.4026,86.04,46.73
5,115,1,42.7747,39.5743,75.2042,89.49,56.95
6,115,1,42.8162,39.5935,75.1908,88.57,57.74
7,115,1,42.701,39.5675,75.2446,92.22,58.1
8,115,1,42.6312,39.5481,75.3283,87.34,57.82
9,115,1,42.8204,39.799,75.1885,94.06,54.4
10,115,1,271.303,11.6654,76.6048,81.62,51.85
11,115,1,271.254,11.6759,76.6505,91.77,53.34
12,115,1,271.232,11.7869,76.7575,86.17,54.45
13,115,1,271.55,11.7309,76.3905,93.65,54.78
14,115,1,271.543,11.6867,76.3136,90.68,55.24
15,115,1,271.272,11.6885,76.6921,92.05,52.19
16,115,1,270.805,11.6402,77.02,81.41,49.51
17,115,0,0,0,0,0,50.17
18,115,1,270.927,11.7423,77.0089,92.1,51.47
19,115,1,270.866,11.7155,76.9519,92.78,52.21
20,115,1,270.995,11.7344,76.8483,91.46,55.22
21,115,1,271.256,11.7534,76.6342,91.69,54.49
22,115,1,271.154,11.7185,76.7667,92.03,54.08
23,115,1,271.128,11.7199,76.7178,93.38,54.13
24,115,1,271.142,11.721,76.6552,93.01,55.21
25,115,1,271.327,11.7434,76.5847,92.51,55.61
26,115,1,271.463,11.7535,76.3508,91.05,55.03
27,115,1,271.569,11.7985,76.4626,92.76,55.34
28,115,1,271.257,11.7318,76.6335,91.89,54.07
29,115,1,271.212,11.751,76.6249,89.27,54.91
30,115,1,271.128,11.738,76.7132,92.77,55.36
31,115,1,271.373,11.7552,76.5551,94.56,54.12
32,115,1,271.266,11.7589,76.636,94.57,55.42
33,115,1,271.087,11.7038,76.6533,92.57,53.88
34,115,0,0,0,0,0,52.02
35,115,1,42.8007,39.7385,75.2022,92.05,56.29
36,115,1,42.877,39.5658,75.0208,91.6,57.16
37,115,1,42.6764,39.727,75.2191,92.89,57.35
38,115,1,42.6724,39.5196,75.3506,89.72,58.09
39,115,1,42.8717,39.5551,75.1128,91.2,57.4
40,115,1,42.7122,39.7953,75.3595,92.64,57.7
41,115,1,42.9263,39.5252,75.1407,89.38,57.91
42,115,1,42.5729,39.7892,75.4159,92.95,57.11
43,115,1,42.646,39.532,75.2997,90.2,57.6
44,115,1,42.8478,39.5413,75.0942,91.13,56.96
45,115,1,42.7508,39.6925,75.2944,92.4,57.68
46,115,1,42.7427,39.727,75.2659,92.12,55.79
47,115,0,0,0,0,0,53.45
48,115,1,271.213,11.7367,76.5891,94.07,54.32
49,115,1,271.154,11.756,76.6814,92.12,53.94
50,115,1,271.307,11.7633,76.5434,92.81,54.12
51,115,1,271.203,11.7928,76.658,92.78,54.87
52,115,1,271.098,11.7581,76.6828,95.41,54.84
53,115,1,271.117,11.7878,76.7432,85.96,54.54
54,115,1,271.2,11.7651,76.6812,94.41,55.25
55,115,1,271.205,11.7627,76.6855,91.52,54.58
56,115,1,271.402,11.792,76.4945,94.14,53.79
57,115,1,271.256,11.8079,76.624,92.94,53.6
58,115,1,271.335,11.7869,76.5672,85.98,51.06
59,115,1,155.249,38.6042,51.5712,85.32,52.93
60,115,1,155.217,38.6371,51.561,91.45,54.71
61,115,1,155.272,38.6042,51.5586,94.27,56.94
62,115,1,155.246,38.6189,51.5407,91.94,55.96
63,115,1,155.211,38.6039,51.5673,95.21,56.22
64,115,1,155.236,38.5801,51.5503,90.24,54.66
65,115,0,0,0,0,0,52.45
66,115,1,290.517,12.5691,62.586,91.93,52.57
67,115,1,290.434,12.5723,62.6933,89.38,52.11
68,115,1,290.471,12.5649,62.5803,92.13,52.79
69,115,1,290.43,12.6026,62.6224,90.13,52.68
70,115,1,290.481,12.5947,62.6559,91.11,51.65
71,115,1,290.348,12.5626,62.6495,91.72,52.18
72,115,1,290.451,12.5985,62.7245,91.1,52.49
73,115,1,290.433,12.6068,62.6666,93.11,53.45
74,115,1,290.453,12.6233,62.6478,91.39,52.92
75,115,1,290.402,12.6177,62.594,92.22,53.31
76,115,1,290.453,12.6013,62.5889,91.26,52.94
77,115,1,290.46,12.601,62.5825,90.62,53.68
78,115,1,290.337,12.5803,62.7121,90.99,52.34
79,115,1,290.448,12.6223,62.6808,92.22,53.22
80,115,1,290.363,12.5897,62.7019,91.6,53.09
81,115,1,290.44,12.6149,62.6442,88.17,52.55
82,115,1,290.436,12.6469,62.6551,92.7,54.12
83,115,1,290.457,12.6381,62.6473,92.07,53.56
84,115,1,290.33,12.6152,62.8263,93.43,53.49
85,115,1,290.395,12.6044,62.6349,91.4,53.06
86,115,1,290.361,12.611,62.6782,89.07,52.75
87,115,1,290.482,12.5807,62.5552,93.76,52.24
88,115,1,290.401,12.6243,62.663,93.74,53.11
89,115,1,290.298,12.5842,62.7477,91.43,53.01
90,115,1,290.45,12.636,62.7095,93.93,53.19
91,115,1,290.383,12.6194,62.6723,91.02,52.88
92,115,1,290.459,12.6207,62.6523,91.15,52.92
93,115,1,290.42,12.6335,62.5946,91.23,53.52
94,115,1,290.39,12.6583,62.7551,96.31,53.09
95,115,1,290.33,12.6541,62.8351,93.32,53.72
96,115,1,290.537,12.638,62.5876,91.64,53.56
97,115,1,290.321,12.6427,62.7725,92.08,54.48
98,115,1,290.439,12.663,62.6415,91.36,53.12
99,115,1,290.533,12.6234,62.6026,91.71,51.32
100,115,0,0,0,0,0,51.93
101,115,0,0,0,0,0,53.95
102,115,0,0,0,0,0,55.38
103,115,0,0,0,0,0,55.75
104,115,0,0,0,0,0,56.17
105,115,0,0,0,0,0,57.51
106,115,1,273.979,48.9576,47.6581,84.87,58.27
107,115,1,273.975,48.9342,47.6448,92.45,57.47
108,115,1,273.989,48.9454,47.6465,92.07,57.49
109,115,1,273.994,48.9523,47.6633,92.53,58.4
110,115,1,274.013,48.96,47.6593,92.5,59.44
111,115,1,273.972,48.9523,47.6412,90.91,59.03
112,115,1,274.013,48.9528,47.6359,92.76,58.98
113,115,1,273.968,49.004,47.6784,88.24,59.74
114,115,1,274.117,48.9182,47.6264,87.84,60.52
115,115,1,273.944,48.9542,47.633,88.47,60.31
116,115,1,274.021,48.9281,47.6503,90.51,60.28
117,115,1,273.999,48.9246,47.6536,89.62,61.29
118,115,1,274.124,48.9371,47.6848,85.98,61.77
119,115,1,274.068,48.9291,47.5583,89.3,60.71
120,115,1,274.062,48.9525,47.6774,90.6,60.54
121,115,1,274.058,48.9389,47.6552,90,60.77
122,115,1,273.999,48.9387,47.629,94.41,61.27
123,115,1,273.997,48.9179,47.6162,90.39,61.26
124,115,1,274.066,48.9705,47.697,89.8,61.81
125,115,1,273.981,48.9577,47.701,95.52,61.5
126,115,1,274.013,48.9723,47.6957,95.59,61.06
127,115,1,274.027,48.9518,47.6659,89.16,61.69
128,115,1,274.041,48.9817,47.6679,88.65,61.17
129,115,1,273.939,48.9591,47.6297,89.64,60.39
130,115,1,274.048,48.9422,47.6687,88.67,61.89
131,115,1,274.051,48.939,47.5499,89.08,61.71
132,115,1,274.071,48.9597,47.6617,89.08,60.84
133,115,1,274.046,48.9687,47.6351,91.31,61.48
134,115,1,274.059,48.9946,47.6256,90.84,61.31
135,115,1,274.005,49.0074,47.68,87.36,60.42
136,115,1,274.028,48.9983,47.6835,89.1,60.76
137,115,1,274.021,48.9536,47.5692,87.11,61.55
138,115,1,274.01,48.9778,47.6659,95.51,61.15
139,115,1,273.997,48.9963,47.618,88.05,61.41
140,115,1,273.99,48.9727,47.6502,89.52,61.54
141,115,1,274,49.0132,47.5638,87.57,60.64
142,115,1,274.068,48.9793,47.5922,87.99,61.55
143,115,1,274.058,49.0257,47.6928,89.07,61.94
144,115,1,274.017,48.9972,47.6693,89.77,61.39
145,115,1,273.945,48.9826,47.6877,87.94,61.16
146,115,1,274.032,49.0036,47.6752,88.32,61.23
147,115,1,274.107,49.0353,47.6928,97.68,61.23
148,115,1,274.058,49.0096,47.6943,96.38,60.39
149,115,1,274.096,49.0011,47.6728,87.93,61.23
150,115,1,273.967,48.9772,47.6869,88.26,61.09
151,115,1,274.123,49.0036,47.6964,87.96,61.84
152,115,1,273.993,49.0414,47.6177,88.42,61.31
153,115,1,273.946,49.005,47.5182,88.08,61.57
154,115,1,274.041,49.016,47.6895,90.16,60.66
155,115,1,274.01,49.0122,47.6243,88.34,60.79
156,115,1,274.002,49.0238,47.6831,88.28,60.93
157,115,1,273.985,49.0185,47.5982,87.88,61.1
158,115,1,273.909,48.979,47.6761,89.52,61.63
159,115,1,273.963,49.0149,47.7101,88.66,61.52
160,115,1,273.964,49.0095,47.6312,88.56,61.02
161,115,1,274.075,49.0262,47.5748,90.08,60.95
162,115,1,274.105,49.0322,47.7314,86.18,60.89
163,115,1,273.925,49.0646,47.6812,88.69,61.47
164,115,1,273.953,49.0252,47.6936,87.5,60.98
165,115,1,274.033,49.0676,47.6877,88.13,60.54
166,115,1,274.029,49.0657,47.6942,90,60.12
167,115,1,273.91,49.0033,47.6177,88.32,60.87
168,115,1,273.934,49.0437,47.6865,87.59,61.2
169,115,1,273.921,49.0443,47.7072,88.53,60.3
170,115,1,274.038,49.0311,47.6819,89.39,60.87
171,115,1,273.995,49.0472,47.7185,89.13,60.65
172,115,1,273.894,49.0013,47.6405,87.47,59.68
173,115,0,0,0,0,0,57.39
174,115,1,278.439,39.9346,55.4872,93.7,60.25
175,115,1,278.497,39.9291,55.4657,94.75,59.43
176,115,1,278.479,40.0147,55.4743,92.78,59.68
177,115,1,278.442,39.9166,55.4701,91.99,60.02
178,115,1,278.473,39.9605,55.469,93.72,59.62
179,115,1,278.488,40.033,55.5781,94.38,60.64
180,115,1,278.633,40.0077,55.4648,95.58,60.43
181,115,1,278.403,40.0102,55.5215,92,59.91
182,115,1,278.477,39.987,55.4772,92.91,59.93
183,115,1,278.537,40.0179,55.4619,93.46,60.44
184,115,1,278.519,40.0124,55.4953,92.15,60.67
185,115,1,278.509,39.991,55.4974,92.79,60.25
186,115,1,278.439,40.0151,55.4905,92.53,59.32
187,115,1,278.412,40.0252,55.4855,91.39,58.38
188,115,0,0,0,0,0,56.23
189,115,1,177.659,21.6047,5.50185,91.74,56.56
190,115,1,177.519,21.5795,5.53864,92.53,57.16
191,115,1,177.603,21.5894,5.56039,89.91,54.24
192,115,0,0,0,0,0,52.79
193,115,1,66.4182,15.5109,70.3687,84.17,50.41
194,115,1,66.3805,15.5177,70.3179,94.32,52.94
195,115,1,66.6641,15.447,70.0335,93.12,53.54
196,115,1,66.6634,15.4194,70.0115,85.9,52.94
197,115,1,66.6364,15.4497,70.0436,92.83,53.34
198,115,1,66.4771,15.4875,70.1161,93.75,53.8
199,115,1,66.4803,15.4363,70.1347,84.72,53.94
200,115,1,66.5495,15.4688,70.1613,85.25,54.24
201,115,1,66.3661,15.488,70.3072,86.38,53.66
202,115,1,66.4491,15.485,70.1321,89.41,53.22
203,115,1,66.5401,15.5039,70.1536,93.07,53.72
204,115,1,66.3434,15.518,70.3347,87.67,53.93
205,115,1,66.6308,15.4774,70.1215,92.24,53.77
206,115,1,66.6616,15.4451,69.9604,94.11,53.6
207,115,1,66.4618,15.4671,70.1802,86.22,53.93
208,115,1,66.3677,15.5153,70.2134,92.1,53.98
209,115,1,66.4999,15.515,70.1378,94.71,53.49
210,115,1,66.44,15.509,70.2571,84.74,53.85
211,115,1,66.4913,15.4986,70.1762,92.76,54.64
212,115,1,66.6677,15.4441,69.9727,94.55,53.58
213,115,1,66.4672,15.4847,70.2747,94.51,54.21
214,115,1,66.4448,15.4994,70.1243,91.9,53.2
215,115,1,66.5717,15.477,70.1861,94.38,52.82
216,115,1,66.5886,15.4048,70.0923,86.85,53.51
217,115,1,66.6638,15.4215,69.9893,94.28,53.69
218,115,1,66.6553,15.4704,70.0088,85.96,55.21
219,115,1,66.5188,15.4314,70.1747,94.97,54.91
220,115,1,66.4396,15.4636,70.2596,92.41,52.87
221,115,1,66.6806,15.3695,70.0231,85.76,54.26
222,115,1,66.4924,15.4488,70.1314,90.45,54.45
223,115,1,66.553,15.3652,70.0779,84.54,53.61
224,115,1,66.5749,15.4014,69.9777,85.1,53.67
225,115,1,66.5514,15.4403,70.0884,93.88,54.39
226,115,0,0,0,0,0,51.69
227,115,1,187.063,38.7918,81.2542,88.18,54.15
228,115,1,187.001,38.7379,81.2653,93.93,56.35
229,115,1,186.999,38.6979,81.2944,94.95,57
230,115,1,186.902,38.8556,81.3875,93.17,57.74
231,115,1,187.055,38.8407,81.2887,92.58,57.07
232,115,1,186.933,38.7176,81.3186,95.11,57.13
233,115,1,186.97,38.8215,81.3482,92.61,57.55
234,115,1,186.961,38.8164,81.2577,94.9,56.83
235,115,1,186.925,38.7974,81.4209,94.25,57.36
236,115,1,186.836,38.8326,81.3966,91.95,58.46
237,115,1,187.034,38.8712,81.3001,90.49,58.09
238,115,1,187.207,38.859,81.187,93.87,55.57
239,115,0,0,0,0,0,51.36
240,115,1,66.2929,15.4592,70.3596,86.01,52.24
241,115,1,66.5062,15.4099,70.1632,92.93,53.11
242,115,1,66.5158,15.3498,70.1118,84.78,53.72
243,115,1,66.503,15.4152,70.118,92.22,53.31
244,115,1,66.5014,15.3524,70.1353,93.59,53.82
245,115,1,66.3121,15.4144,70.3581,91.43,53.63
246,115,1,66.3969,15.4126,70.2647,85.31,54.35
247,115,1,66.4364,15.3809,70.2258,92.87,52.66
248,115,1,66.5199,15.3827,70.1488,92.66,53.16
249,115,1,66.4888,15.3321,70.1126,88.26,54.19
250,115,1,66.3045,15.3019,70.3541,84.6,49.9
251,115,2,346.917,44.0883,59.4188,82.5,50.71
252,115,2,346.914,44.1235,59.4482,89.29,49.66
253,115,0,0,0,0,0,40.98
254,115,0,0,0,0,0,35.58
255,115,0,0,0,0,0,34.43
0,116,0,0,0,0,0,34.9
1,116,0,0,0,0,0,31.75
2,116,0,0,0,0,0,34.29
3,116,0,0,0,0,0,35.55
4,116,1,42.7598,39.6033,75.2009,88.99,47.52
5,116,1,42.7922,39.6196,75.1918,89.31,56.79
6,116,1,42.9965,39.5942,75.0165,91.1,57.61
7,116,1,42.9822,39.6091,74.9428,92.18,57.48
8,116,1,42.8365,39.7823,75.1825,92.7,57.23
9,116,1,42.7369,39.8361,75.3284,91.21,56.11
10,116,0,0,0,0,0,53.15
11,116,1,271.479,11.6775,76.3643,90.49,52.7
12,116,1,271.541,11.7035,76.2923,91.16,54.89
13,116,1,271.261,11.6949,76.6916,92.03,54.75
14,116,1,271.236,11.6535,76.6551,90.94,54.99
15,116,1,271.039,11.618,76.8166,92.81,53.85
16,116,1,270.792,11.5844,77.0826,91.02,53.59
17,116,1,270.975,11.6759,76.8844,93.78,52.78
18,116,1,270.979,11.7103,76.9083,91.87,52.87
19,116,1,271.088,11.7861,76.8102,91.38,55.15
20,116,1,271.362,11.7657,76.4892,91.55,54.93
21,116,1,271.251,11.739,76.6375,95.49,53.83
22,116,1,271.323,11.7381,76.3916,89.29,54.52
23,116,1,271.117,11.7471,76.729,93.75,55.17
24,116,1,271.138,11.7327,76.7532,91.82,55.15
25,116,1,271.422,11.7974,76.4602,93.73,54.94
26,116,1,271.46,11.7422,76.3915,92.07,54.72
27,116,1,271.315,11.7434,76.5905,92.94,54.59
28,116,1,271.164,11.7318,76.66,94.6,55.21
29,116,1,271.578,11.7698,76.3107,91.11,54.18
30,116,1,271.231,11.7537,76.673,93.91,54.82
31,116,1,271.211,11.717,76.6235,91.4,54.81
32,116,1,271.3,11.7633,76.4596,91.91,54.66
33,116,1,271.185,11.6978,76.6097,93.27,54.96
34,116,1,270.944,11.7071,76.8392,90.81,52.85
35,116,1,42.848,39.7054,75.258,85.32,53.63
36,116,1,42.7894,39.7262,75.1072,93.22,55.97
37,116,1,42.7783,39.7239,75.274,94.46,57.41
38,116,1,42.7385,39.7127,75.2184,94.54,57.5
39,116,1,42.6847,39.7552,75.411,94.1,57.69
40,116,1,42.8177,39.7176,75.1096,96.59,57.6
41,116,1,42.7416,39.7403,75.2355,93.37,57.71
42,116,1,42.4685,39.5427,75.505,87.25,58.36
43,116,1,42.5462,39.4454,75.5154,87.21,58.31
44,116,1,42.5944,39.7486,75.4249,92.96,57.04
45,116,1,42.8949,39.5294,75.1012,93.87,58.09
46,116,1,42.7007,39.5555,75.2848,90.01,56.78
47,116,1,42.6838,39.7483,75.3286,86.72,54.17
48,116,1,271.157,11.7316,76.6021,84.34,51.99
49,116,1,271.216,11.7792,76.5931,91.92,54.91
50,116,1,271.174,11.7408,76.6359,95.38,54.99
51,116,1,271.168,11.7405,76.6102,94.56,54.93
52,116,1,271.206,11.771,76.6242,92.33,54.83
53,116,1,271.172,11.7574,76.6582,94.75,55.73
54,116,1,271.27,11.8329,76.712,93.96,55.05
55,116,1,271.456,11.7964,76.3181,90.87,54.96
56,116,1,271.169,11.782,76.6631,91.83,54.64
57,116,1,271.198,11.7669,76.6521,89.09,51.62
58,116,1,155.065,38.6304,51.6069,83.46,52.63
59,116,1,155.16,38.6285,51.5929,91,54.77
60,116,1,155.313,38.6262,51.5242,90.4,55.43
61,116,1,155.198,38.6219,51.5901,92.66,55.31
62,116,1,155.306,38.5994,51.5331,92.43,56.23
63,116,1,155.373,38.6037,51.5128,90.05,54.2
64,116,0,0,0,0,0,52.69
65,116,1,290.488,12.5736,62.5916,89.85,51.41
66,116,1,290.529,12.5947,62.5663,94.67,52.9
67,116,1,290.467,12.5702,62.5741,92.56,52.21
68,116,1,290.424,12.5534,62.5862,92.74,52.72
69,116,1,290.395,12.5586,62.7376,90.83,52.96
70,116,1,290.437,12.567,62.6192,94.52,53.2
71,116,1,290.294,12.583,62.7334,93.82,53.22
72,116,1,290.314,12.5963,62.8105,92.43,52.73
73,116,1,290.505,12.6062,62.6475,90.4,52.74
74,116,1,290.373,12.5883,62.6907,90.98,52.35
75,116,1,290.436,12.6249,62.7338,92.76,53.95
76,116,1,290.418,12.5781,62.7103,89.75,53.45
77,116,1,290.357,12.6309,62.8139,91.79,53.26
78,116,1,290.329,12.6349,62.744,93.91,53.21
79,116,1,290.573,12.6216,62.5718,94.89,53.31
80,116,1,290.485,12.5818,62.5426,91.36,52.84
81,116,1,290.405,12.6307,62.6431,92.8,53.09
82,116,1,290.39,12.5286,62.8804,93.58,53.34
83,116,1,290.375,12.5859,62.6803,90.6,53.13
84,116,1,290.405,12.6143,62.6892,91.06,53.35
85,116,1,290.435,12.6251,62.5714,91.93,52.52
86,116,1,290.409,12.6292,62.6625,92.1,52.82
87,116,1,290.459,12.63,62.689,92.32,53.24
88,116,1,290.391,12.6208,62.7098,90.65,54.11
89,116,1,290.352,12.6291,62.7406,87.71,52.97
90,116,1,290.45,12.6263,62.6176,90.85,52.78
91,116,1,290.382,12.6322,62.6435,91.78,52.44
92,116,1,290.435,12.6659,62.6814,93.72,53.26
93,116,1,290.365,12.6286,62.7064,90.13,53.1
94,116,1,290.465,12.652,62.6275,92.41,52.88
95,116,1,290.158,12.6394,62.9001,93.25,52.68
96,116,1,290.236,12.6818,62.9038,92.66,53.67
97,116,1,290.552,12.6748,62.5153,92.66,52.55
98,116,1,290.385,12.6921,62.7634,92.45,52.76
99,116,0,0,0,0,0,52.91
100,116,1,155.368,38.5091,51.3903,78.97,52.62
101,116,1,45.4894,19.4968,11.621,93.82,54.31
102,116,1,45.5714,19.0211,11.6487,81.18,54.95
103,116,1,45.8302,19.1269,11.1531,78.45,54.87
104,116,1,45.3473,19.5422,11.698,94.75,55.33
105,116,1,45.2774,19.5547,11.833,88.22,54.82
106,116,0,0,0,0,0,55.23
107,116,0,0,0,0,0,55.64
108,116,0,0,0,0,0,56.16
109,116,0,0,0,0,0,56.33
110,116,0,0,0,0,0,55.82
111,116,0,0,0,0,0,57.37
112,116,0,0,0,0,0,58.18
113,116,1,273.923,48.9501,47.6871,85.34,57.1
114,116,1,273.958,48.9274,47.6451,93.01,57.02
115,116,1,273.933,48.9442,47.6461,92.57,57.77
116,116,1,273.929,48.9496,47.6492,90.29,58.33
117,116,1,273.955,48.9234,47.6334,95.41,59.54
118,116,1,274.009,48.948,47.6944,88.42,60.67
119,116,1,274.052,48.9466,47.6931,89.18,61.76
120,116,1,274.015,48.9362,47.6592,98.25,60.56
121,116,1,274.015,48.9533,47.7559,89.67,61.53
122,116,1,273.996,48.9236,47.7355,94.91,61.51
123,116,1,273.961,48.9211,47.7423,88.6,61.26
124,116,1,273.993,48.9306,47.7263,89.11,61.12
125,116,1,274.014,48.9055,47.7132,96.85,61.11
126,116,1,274.041,48.9609,47.6803,90.2,61.04
127,116,1,273.97,48.9365,47.6481,88.68,60.33
128,116,1,273.901,48.9645,47.6626,88.48,61.21
129,116,1,273.885,48.9501,47.6937,88.86,60.93
130,116,1,273.92,48.9785,47.6934,87.71,60.81
131,116,1,274.092,48.9604,47.6349,89.63,60.68
132,116,1,274.18,48.9915,47.6648,88.17,60.85
133,116,1,273.998,48.9901,47.645,88.45,60.54
134,116,1,273.987,48.9231,47.5975,88.53,60.95
135,116,1,273.996,48.9427,47.6407,90.48,60.88
136,116,1,274.044,48.9784,47.6961,89.99,61.27
137,116,1,274.063,48.9766,47.6575,91.28,60.93
138,116,1,273.897,48.9785,47.7307,88.29,60.89
139,116,1,274.047,48.9993,47.6372,90.55,61.28
140,116,1,273.943,48.8636,47.7314,85.73,61.54
141,116,1,273.986,48.9005,47.7485,88.82,61.01
142,116,1,273.987,48.98,47.6551,89.69,60.91
143,116,1,273.857,48.9952,47.6842,87.18,60.72
144,116,1,274.015,48.982,47.6762,88.76,61.66
145,116,1,273.916,49.0241,47.6539,95.96,61.23
146,116,1,274.122,48.9963,47.6892,88.09,61.13
147,116,1,273.932,48.969,47.6792,88.44,61.1
148,116,1,274.01,49.0298,47.6759,87.73,61.36
149,116,1,273.878,48.9944,47.6513,88.97,60.59
150,116,1,273.941,49.0039,47.6631,88.46,60.82
151,116,0,0,0,0,0,61.18
152,116,1,273.975,48.9844,47.6236,88.51,61.38
153,116,1,273.934,48.9633,47.6263,90.32,60.85
154,116,1,273.982,49.0165,47.6384,96.57,60.96
155,116,1,273.977,49.0266,47.6653,87.92,61.3
156,116,1,273.973,49.0089,47.644,95.39,60.43
157,116,1,273.864,49.0038,47.7002,90.24,60.73
158,116,1,274.054,49.0424,47.5877,88.63,60.48
159,116,1,274.033,49.0369,47.6958,96.75,60.81
160,116,1,273.975,49.0101,47.6649,88.27,61.02
161,116,1,274.044,49.0432,47.6372,88.48,61.57
162,116,1,274.014,49.0333,47.6124,88.32,61.12
163,116,1,273.882,49.0057,47.582,90.07,61.28
164,116,1,273.949,49.0534,47.6505,88.87,61.14
165,116,1,274,49.008,47.7142,91,60.94
166,116,1,273.949,49.026,47.6994,89.99,61.39
167,116,1,273.912,49.0537,47.6833,88.31,60.53
168,116,1,273.996,49.0692,47.6706,89.77,60.83
169,116,1,273.899,49.0245,47.6568,89.3,60.78
170,116,1,273.988,49.0488,47.7286,86.85,60.68
171,116,1,273.889,49.0162,47.7289,90,60.14
172,116,1,273.889,49.0157,47.6747,84.79,59.96
173,116,0,0,0,0,0,57.67
174,116,1,278.428,39.9572,55.4796,92.65,59.46
175,116,1,278.472,39.971,55.49,89.79,59.8
176,116,1,278.434,39.9392,55.4565,92.81,59.36
177,116,1,278.439,39.9645,55.4862,92.64,59.25
178,116,1,278.466,39.9794,55.4465,90.78,59.91
179,116,1,278.434,39.9626,55.4475,90.74,58.54
180,116,1,278.435,39.921,55.4289,94.6,59.69
181,116,1,278.586,40.0146,55.4781,92.63,60
182,116,1,278.493,39.9449,55.4166,94.7,60.18
183,116,1,278.457,39.9462,55.4385,94.78,60.45
184,116,1,278.484,39.9957,55.4649,93.45,58.79
185,116,1,278.526,40.0135,55.4692,93.93,59.54
186,116,1,278.578,40.0462,55.456,93,56.99
187,116,0,0,0,0,0,57.63
188,116,1,177.902,21.561,5.39377,94.69,58.52
189,116,1,177.282,21.5631,5.66928,91,57.21
190,116,1,177.508,21.5451,5.60193,91.23,54.72
191,116,0,0,0,0,0,50.06
192,116,1,66.3806,15.4927,70.4017,85.22,50.98
193,116,1,66.5408,15.5178,70.0922,94.45,52.49
194,116,1,66.3464,15.5455,70.3396,85.03,53.36
195,116,1,66.5088,15.475,70.2675,94.1,53.54
196,116,1,66.4735,15.4775,70.2851,91,53.22
197,116,1,66.4911,15.5132,70.2208,93.18,53.8
198,116,1,66.5116,15.4951,70.2327,93.03,53.57
199,116,1,66.5235,15.4859,70.1344,92.17,53.77
200,116,1,66.5043,15.5031,70.1895,91.87,53.78
201,116,1,66.7169,15.422,70.0355,84.69,54.86
202,116,1,66.258,15.5348,70.3272,86.22,54.71
203,116,1,66.5214,15.5098,70.1707,93.82,52.91
204,116,1,66.3336,15.5203,70.3124,86.46,53.48
205,116,1,66.4902,15.5008,70.2063,95.39,53.85
206,116,1,66.619,15.4239,70.1228,91.51,53.7
207,116,1,66.564,15.4925,70.1234,93.2,54.07
208,116,1,66.6478,15.429,70.0228,94.04,53.88
209,116,1,66.3898,15.5159,70.2763,86.87,53.7
210,116,1,66.4569,15.4869,70.1462,93.39,53.92
211,116,1,66.4286,15.4868,70.2189,92.81,54.74
212,116,1,66.3734,15.4535,70.1933,85.97,54.43
213,116,1,66.63,15.4786,70.0192,92.74,54.17
214,116,1,66.4797,15.5048,70.2045,84.18,53.38
215,116,1,66.3382,15.505,70.3038,86.9,53.04
216,116,1,66.625,15.4345,70.1336,91.4,53.94
217,116,1,66.5692,15.4146,69.9871,84.72,52.64
218,116,1,66.6629,15.3803,70.0024,91.46,54.05
219,116,1,66.4963,15.4375,70.1838,86.27,51.95
220,116,1,66.6077,15.3842,70.0172,93.7,53.7
221,116,1,66.5918,15.4308,70.1095,92.83,53.97
222,116,1,66.5436,15.4098,70.0738,87.59,54.22
223,116,1,66.5539,15.4434,70.1136,92.96,53.96
224,116,1,66.478,15.4043,70.1466,83.97,54.37
225,116,1,66.1821,15.4669,70.4624,88.54,53.73
226,116,1,66.5978,15.3921,70.0795,86.41,51.79
227,116,0,0,0,0,0,54.23
228,116,1,187.049,38.7333,81.3015,94.9,55.82
229,116,1,186.888,38.8099,81.3062,94.75,56.58
230,116,1,187.042,38.7005,81.2841,95.02,57.25
231,116,1,187.001,38.8333,81.2394,91.79,56.68
232,116,1,186.684,38.7944,81.1017,78.35,58.28
233,116,1,187.046,38.6811,81.2487,94.52,57.65
234,116,1,187.059,38.7915,81.3463,94.28,57.46
235,116,1,186.886,38.6893,81.3036,95.24,57.19
236,116,1,187.158,38.8574,81.2372,91.09,56.92
237,116,1,186.998,38.772,81.3252,92.36,57.98
238,116,1,187.139,38.6566,81.2184,93.81,55.44
239,116,0,0,0,0,0,51.62
240,116,1,66.3618,15.4412,70.2948,92.98,52.76
241,116,1,66.4067,15.4243,70.3011,90.34,53.42
242,116,1,66.5202,15.376,70.1761,85.91,52.77
243,116,1,66.4678,15.4022,70.0615,84.56,52.66
244,116,1,66.5618,15.3758,70.1003,85.19,53.89
245,116,1,66.383,15.4309,70.2153,90.52,53.29
246,116,1,66.3578,15.4099,70.3328,85.41,52.9
247,116,1,66.5248,15.3982,70.16,93.74,53.78
248,116,1,66.4082,15.4041,70.2829,91.17,54.46
249,116,1,66.4778,15.3643,70.0668,86.97,53.29
250,116,1,66.5222,15.3282,70.0557,85.41,49.71
251,116,0,0,0,0,0,50.35
252,116,2,347.001,44.1945,59.3572,89.92,51.63
253,116,0,0,0,0,0,44.8
254,116,0,0,0,0,0,35.86
255,116,0,0,0,0,0,35.41
0,117,0,0,0,0,0,33.86
1,117,0,0,0,0,0,49.74
2,117,0,0,0,0,0,34.3
3,117,0,0,0,0,0,53.45
4,117,1,42.9705,39.6345,74.9163,88.99,47.34
5,117,1,43.0583,39.6422,74.908,92.28,55.95
6,117,1,42.7621,39.5574,75.2729,89.75,58.04
7,117,1,42.7804,39.566,75.2521,88.98,58.13
8,117,1,42.5812,39.5987,75.4304,86.78,57.88
9,117,1,42.7037,39.537,75.3285,91.1,57.21
10,117,1,42.9007,39.7695,75.1917,93.26,55.03
11,117,1,271.095,11.6551,76.7438,83.66,52.22
12,117,1,271.264,11.6477,76.5626,93.51,53.57
13,117,1,271.3,11.641,76.4714,93.51,53.89
14,117,1,271.399,11.6499,76.52,91.91,54.68
15,117,1,271.194,11.6818,76.6722,95.54,54.69
16,117,1,270.968,11.6781,76.8904,93.6,55.02
17,117,1,270.894,11.6859,76.953,91.99,55.08
18,117,1,270.754,11.6878,77.055,91.8,54.7
19,117,1,271.012,11.685,76.8171,92.99,54.77
20,117,1,270.949,11.7083,76.9135,92.27,54.07
21,117,1,271.05,11.7191,76.7949,93.15,55.36
22,117,1,271.009,11.7435,76.8114,90.65,54.78
23,117,1,271.232,11.75,76.6911,95.57,55.67
24,117,1,271.377,11.7722,76.5763,91.83,54.11
25,117,1,271.259,11.7189,76.5289,93.49,54.32
26,117,1,271.113,11.7507,76.6302,90.81,54.55
27,117,1,271.172,11.7253,76.6837,94.28,54.98
28,117,1,271.195,11.7143,76.6509,92.83,54.87
29,117,1,271.322,11.7587,76.5615,93.85,55.18
30,117,1,271.356,11.7558,76.6266,90.32,54.37
31,117,1,271.145,11.7374,76.6892,94.01,55.43
32,117,1,271.134,11.757,76.7251,93.93,55.09
33,117,1,271.115,11.7471,76.8671,93.38,55.16
34,117,1,271.162,11.7169,76.7791,93.49,54.42
35,117,0,0,0,0,0,53.29
36,117,1,42.7991,39.7317,75.2425,94.28,55.87
37,117,1,42.5558,39.7605,75.4396,90.31,56.41
38,117,1,42.7651,39.6933,75.2778,94.99,57.71
39,117,1,42.6902,39.7274,75.2588,93.81,56.78
40,117,1,42.5172,39.5147,75.5059,88.03,58.39
41,117,1,42.7168,39.5405,75.2519,91.91,57.4
42,117,1,42.6957,39.7015,75.2972,93.23,57.69
43,117,1,42.5994,39.5145,75.3283,90.49,57.86
44,117,1,42.6129,39.7336,75.4214,92.1,57.73
45,117,1,42.7853,39.7146,75.2585,94.43,58.27
46,117,1,42.497,39.7611,75.4989,89.58,57.93
47,117,1,42.7146,39.7259,75.2984,93.59,55.37
48,117,1,271.123,11.7745,76.7274,85.37,53.6
49,117,1,271.307,11.7649,76.5989,92.22,53.73
50,117,1,271.252,11.782,76.6915,93.46,54.21
51,117,1,271.207,11.7833,76.67,93.23,54.85
52,117,1,271.268,11.7617,76.6202,93.96,54.01
53,117,1,271.436,11.7749,76.248,90.76,55.05
54,117,1,271.261,11.7994,76.5948,95.54,54.95
55,117,1,271.352,11.7904,76.5462,92.57,53.77
56,117,1,271.368,11.7789,76.4798,91.86,51.69
57,117,0,0,0,0,0,51.72
58,117,1,155.175,38.6342,51.5672,90.29,54.65
59,117,1,155.21,38.5851,51.6029,92.25,55.63
60,117,1,155.215,38.6138,51.5925,93.47,56.56
61,117,1,155.184,38.6284,51.5838,91.74,56.66
62,117,1,155.282,38.5936,51.5398,90.2,54.38
63,117,0,0,0,0,0,52.08
64,117,1,290.503,12.5857,62.6102,89.81,51.07
65,117,1,290.412,12.5634,62.5371,93.99,51.86
66,117,1,290.533,12.5684,62.5082,92.39,52.59
67,117,1,290.362,12.5727,62.6907,87.21,52.65
68,117,1,290.426,12.5691,62.5589,90.86,53.42
69,117,1,290.382,12.5622,62.6895,89.84,52.84
70,117,1,290.307,12.5343,62.6796,90.04,52.78
71,117,1,290.383,12.5789,62.7053,90.63,52.66
72,117,1,290.341,12.5874,62.719,93.44,53.48
73,117,1,290.515,12.599,62.4994,91.01,51.96
74,117,1,290.469,12.6024,62.639,89.82,53.31
75,117,1,290.368,12.6142,62.6865,94.44,53.56
76,117,1,290.435,12.5983,62.6184,91.95,53.32
77,117,1,290.422,12.6135,62.7158,93.85,53.18
78,117,1,290.239,12.5655,62.7798,90.74,53.21
79,117,1,290.162,12.6022,62.8392,92.34,53.35
80,117,1,290.365,12.5861,62.74,89.1,53.03
81,117,1,290.476,12.5989,62.5561,94.07,52.91
82,117,1,290.402,12.5901,62.6328,90.35,52.89
83,117,1,290.398,12.5814,62.6712,89.73,53.07
84,117,1,290.357,12.6021,62.7435,92.3,52.82
85,117,1,290.272,12.5969,62.8076,87.38,53.7
86,117,1,290.394,12.615,62.6899,89.46,53.26
87,117,1,290.384,12.5657,62.6496,92.34,52.67
88,117,1,290.421,12.6275,62.6592,92.36,53.06
89,117,1,290.447,12.6422,62.5999,92.79,53.24
90,117,1,290.365,12.6056,62.6961,90.22,53.22
91,117,1,290.413,12.6291,62.6293,90.69,52.87
92,117,1,290.448,12.6544,62.698,94.85,53.76
93,117,1,290.461,12.6613,62.7001,93.44,53.84
94,117,1,290.453,12.6556,62.685,91.74,52.17
95,117,1,290.404,12.6669,62.6651,94.2,53.44
96,117,1,290.305,12.6596,62.7671,91.92,53.15
97,117,1,290.47,12.6845,62.6513,92.34,52.77
98,117,1,290.955,12.7154,62.2583,84.62,52.84
99,117,0,0,0,0,0,54.14
100,117,1,155.388,38.5166,51.3852,92.93,54.67
101,117,1,45.3922,19.4743,11.6187,95.19,55.62
102,117,1,45.4605,19.4703,11.6496,93.06,58.11
103,117,1,45.3667,19.471,11.8044,96.52,57.35
104,117,1,45.2946,19.5522,11.6836,92.83,56.94
105,117,1,45.4532,19.5043,11.5843,95.6,57.28
106,117,1,45.4693,19.4855,11.6805,95.56,57.74
107,117,1,45.3967,19.4873,11.7871,96.09,57.18
108,117,1,45.3606,19.5319,11.6824,94.54,56.14
109,117,1,45.2646,19.5107,11.766,90.83,56.45
110,117,1,45.3017,19.5064,11.7542,94.42,56.4
111,117,0,0,0,0,0,55.43
112,117,0,0,0,0,0,55.14
113,117,0,0,0,0,0,55.03
114,117,0,0,0,0,0,54.88
115,117,0,0,0,0,0,56.55
116,117,0,0,0,0,0,56.7
117,117,1,273.935,48.9552,47.6654,91.75,56.98
118,117,1,273.94,48.9603,47.6829,91.64,58.17
119,117,1,273.919,48.89,47.678,89.95,59.81
120,117,1,273.931,48.8945,47.7475,89.92,60.31
121,117,1,273.921,48.876,47.6769,90.21,60.85
122,117,1,273.864,48.8811,47.7728,88.58,60.95
123,117,1,273.87,48.8828,47.7464,89.49,61.21
124,117,1,274.014,48.8988,47.7891,94.19,60.88
125,117,1,274.003,48.9286,47.7887,89.99,61.63
126,117,1,274.038,48.9151,47.6495,89.29,60.77
127,117,1,274.013,48.9322,47.7245,88.9,60.93
128,117,1,273.93,48.9032,47.6545,89.74,61.85
129,117,1,273.99,48.9715,47.6374,89.04,61.42
130,117,1,274.024,48.9475,47.672,90.58,61.37
131,117,1,274.036,48.958,47.6372,91.09,60.75
132,117,1,274.149,48.9837,47.6962,88.02,60.51
133,117,1,274.045,48.9699,47.6402,90.85,60.92
134,117,1,274.007,48.9412,47.6231,89.33,60.59
135,117,1,274.032,48.9561,47.6899,90.43,60.71
136,117,1,273.98,48.9536,47.6732,89.32,60.34
137,117,1,274.045,48.9705,47.6977,90.42,62.37
138,117,1,274.096,48.9916,47.5918,90.36,60.94
139,117,1,274.15,48.9703,47.4678,93.76,61.67
140,117,1,338.699,50.1957,39.7984,88.37,61.26
141,117,1,273.923,49.0083,47.6762,87.25,61.1
142,117,1,273.926,48.992,47.6325,96.37,61.31
143,117,1,273.932,48.9645,47.68,90.12,61.75
144,117,1,273.97,48.9703,47.5751,87.89,61.05
145,117,1,273.934,49.0127,47.6664,93.36,60.37
146,117,1,273.978,48.9665,47.6715,88.35,61.07
147,117,1,274.016,49.0012,47.7004,90.03,61.17
148,117,1,274.04,48.9982,47.61,91.19,60.93
149,117,1,274.043,48.9975,47.6141,89.85,61.25
150,117,1,274.067,49.0091,47.5679,88.76,61.38
151,117,1,273.987,48.9539,47.6082,89.14,61.15
152,117,1,274.006,48.981,47.6879,89.62,61.34
153,117,1,274.142,49.0271,47.6505,89.3,61.15
154,117,1,274.021,49.0057,47.6915,90.24,60.54
155,117,1,273.888,48.9962,47.6687,88.58,61.5
156,117,1,273.946,49.0044,47.6792,89.31,61.37
157,117,1,273.941,49.0269,47.6394,88.04,60.63
158,117,1,274.037,49.0247,47.6942,89.18,60.4
159,117,1,274.024,49.057,47.7033,87.76,61.43
160,117,1,273.907,49.02,47.6171,89.87,61.77
161,117,1,273.991,48.9974,47.6438,96.48,61.22
162,117,1,274.03,49.0706,47.6931,90.51,60.95
163,117,1,273.904,49.0547,47.6904,95.59,60.81
164,117,1,273.993,49.0235,47.7066,96.04,61.32
165,117,1,274.004,49.0333,47.6152,89.19,61.55
166,117,1,273.916,49.0377,47.6742,89.15,61
167,117,1,273.891,49.0567,47.7093,94.52,61.33
168,117,1,273.966,49.0431,47.701,88.84,60.98
169,117,1,273.901,49.0287,47.7124,86.02,60.31
170,117,1,273.979,49.058,47.7393,87.56,60.98
171,117,1,273.891,49.0135,47.7269,87.72,61.48
172,117,1,273.83,49.0371,47.7235,91.87,58.6
173,117,1,278.387,39.9317,55.4616,81.44,56.77
174,117,1,278.445,39.9391,55.4656,93.84,59.41
175,117,1,278.442,39.9678,55.5056,93.55,59.04
176,117,1,278.45,39.9668,55.4961,92.17,59.97
177,117,1,278.487,39.9622,55.4751,92.45,59.51
178,117,1,278.543,39.9975,55.4917,93.76,59.96
179,117,1,278.399,39.9826,55.5127,93.6,60.47
180,117,1,278.451,39.9737,55.445,92.86,59.88
181,117,1,278.627,40.0082,55.4191,93.59,60.84
182,117,1,278.498,39.9857,55.4748,92.3,60.26
183,117,1,278.44,39.9383,55.464,94.24,59.98
184,117,1,278.493,39.9578,55.4354,94.8,60.12
185,117,1,278.588,40.0538,55.437,91.28,57.96
186,117,0,0,0,0,0,56.98
187,117,1,177.595,21.5824,5.55812,90.43,56.24
188,117,1,177.464,21.601,5.6236,91.63,56.73
189,117,1,177.547,21.5988,5.58298,92.78,54.02
190,117,0,0,0,0,0,51.2
191,117,1,66.4417,15.4981,70.1356,85.26,50.87
192,117,1,66.6155,15.4694,70.0822,86.95,53.66
193,117,1,66.5164,15.498,70.1811,84.58,52.81
194,117,1,66.3824,15.5413,70.2685,85.72,52.49
195,117,1,66.551,15.517,70.0902,92.25,53.68
196,117,1,66.7325,15.4242,69.9428,84.02,54.2
197,117,1,66.5853,15.4842,70.094,94.17,53.41
198,117,1,66.504,15.5204,70.1406,88.28,53.23
199,117,1,66.4515,15.4917,70.2296,87.13,54.11
200,117,1,66.5042,15.533,70.1558,85.99,52.9
201,117,1,66.5238,15.4906,70.1666,93.75,53.61
202,117,1,66.4588,15.5047,70.1923,91.67,54.16
203,117,1,66.4813,15.4982,70.1928,93.02,53.64
204,117,1,66.3597,15.5238,70.352,86.21,52.84
205,117,1,66.3493,15.528,70.2202,83.38,52.99
206,117,1,66.5297,15.4984,70.1126,92.86,53.43
207,117,1,66.6718,15.4115,69.9342,87.32,52.86
208,117,1,66.5735,15.4811,70.097,83.76,52.68
209,117,1,66.5777,15.4951,70.0674,93.88,53.39
210,117,1,66.5837,15.4176,70.0451,84.05,54.48
211,117,1,66.6259,15.417,70.0799,93.29,54.38
212,117,1,66.5978,15.4343,69.9632,87.94,54.79
213,117,1,66.4458,15.4967,70.2011,83.53,54.23
214,117,1,66.7075,15.4369,69.9491,92.08,54.71
215,117,1,66.4121,15.4768,70.1963,93.16,54.18
216,117,1,66.7966,15.3943,69.8908,84.95,54.11
217,117,1,66.5411,15.4543,70.1583,95.5,53.58
218,117,1,66.5415,15.4474,70.0685,91.07,54.22
219,117,1,66.4022,15.4393,70.1601,84.98,53.17
220,117,1,66.5582,15.3845,70.0779,86.63,53.5
221,117,1,66.6786,15.3641,70.0591,86.46,53.83
222,117,1,66.5121,15.4606,70.123,93.78,53.87
223,117,1,66.6261,15.4124,70.099,93.11,53.33
224,117,1,66.4213,15.4785,70.1888,92.98,54.42
225,117,1,66.3945,15.3994,70.246,86.37,54.19
226,117,1,66.6253,15.3989,70.0541,91.91,53.57
227,117,0,0,0,0,0,51.73
228,117,1,186.993,38.8315,81.2656,93.26,55.82
229,117,1,187.115,38.6696,81.257,92.92,55.85
230,117,1,186.957,38.8304,81.2828,91.42,57.27
231,117,1,186.811,38.854,81.3591,95.34,57.01
232,117,1,186.839,38.8315,81.3914,94.94,57.89
233,117,1,186.765,38.8898,81.4683,94.2,57.86
234,117,1,186.865,38.7358,81.3378,91.63,57.36
235,117,1,186.997,38.8273,81.278,93.74,57.42
236,117,1,186.922,38.8098,81.2802,93.52,56.95
237,117,1,186.841,38.8158,81.3866,93.25,57.04
238,117,1,187.041,38.8115,81.206,93.77,56.85
239,117,0,0,0,0,0,52.74
240,117,1,66.5573,15.3707,70.046,93.72,52.06
241,117,1,66.4764,15.393,70.3159,92.86,53.28
242,117,1,66.3322,15.4376,70.2711,88.19,52.49
243,117,1,66.3579,15.4231,70.2568,92.47,53.55
244,117,1,66.4151,15.4166,70.3465,92.83,54.77
245,117,1,66.4022,15.4182,70.2671,93.35,53.59
246,117,1,66.7009,15.3211,70.0554,92.65,54.26
247,117,1,66.5689,15.3783,70.1172,93.19,53.96
248,117,1,66.4298,15.4136,70.1479,93.54,53.9
249,117,1,66.4522,15.4242,70.1907,92.72,53.54
250,117,1,66.4519,15.3027,70.2917,82.12,50.21
251,117,0,0,0,0,0,49.69
252,117,2,346.867,44.1636,59.3811,90.91,52.74
253,117,2,346.732,44.3352,59.5455,90.91,47.42
254,117,0,0,0,0,0,35.89
255,117,0,0,0,0,0,34.61
0,118,0,0,0,0,0,34.67
1,118,0,0,0,0,0,48.54
2,118,1,65.1344,48.6129,31.0683,24.78,47.46
3,118,0,0,0,0,0,35.29
4,118,1,42.9278,39.6047,75.0659,90.66,48.76
5,118,1,42.8447,39.8243,75.1392,94.44,56.72
6,118,1,43.0573,39.6471,74.89,91.5,56.48
7,118,1,42.7347,39.5317,75.24,88.44,58.28
8,118,1,42.8723,39.7586,75.1656,93.57,57.66
9,118,1,42.4949,39.57,75.5088,87.43,57.52
10,118,1,42.6193,39.6051,75.3974,91.08,57.37
11,118,0,0,0,0,0,53.57
12,118,1,271.233,11.6321,76.5887,84.46,49.68
13,118,1,271.306,11.6731,76.6627,90.28,51.97
14,118,1,271.303,11.7029,76.649,91.54,54.43
15,118,1,271.178,11.6913,76.7492,90.03,54.71
16,118,1,271.102,11.6766,76.73,94.98,54.64
17,118,1,271.111,11.7153,76.8224,93.08,54.71
18,118,1,271.369,11.7508,76.5302,89.99,54.57
19,118,1,271.04,11.7638,76.8138,95.49,54.94
20,118,1,271.103,11.733,76.8071,94.36,55.51
21,118,1,271.104,11.7603,76.8737,95.14,54.72
22,118,1,271.125,11.7534,76.7218,90.79,54.73
23,118,1,271.043,11.7831,76.8092,90.65,54.88
24,118,1,271.221,11.7365,76.6134,92.67,54.77
25,118,1,271.31,11.8049,76.6745,93.35,54.9
26,118,1,271.199,11.814,76.7696,91.42,55.09
27,118,1,271.17,11.7924,76.6725,93.7,55.1
28,118,1,271.002,11.7814,76.7754,91.96,55.2
29,118,1,271.415,11.8141,76.5583,91.76,54.97
30,118,1,271.364,11.792,76.4654,92.29,54.21
31,118,1,271.187,11.7269,76.6188,93.67,54.28
32,118,1,271.229,11.8037,76.6686,93.23,54.74
33,118,1,271.397,11.7978,76.486,92.32,55.44
34,118,1,271.449,11.8175,76.4465,92.91,55.14
35,118,1,271.153,11.7641,76.7034,90.89,53.77
36,118,1,42.8627,39.6918,75.1387,86.09,54
37,118,1,42.5913,39.4832,75.4303,88.24,56.85
38,118,1,42.7067,39.7156,75.2587,93.05,56.92
39,118,1,42.7694,39.7021,75.2746,93.43,57.4
40,118,1,42.6445,39.4818,75.3803,90.58,57.55
41,118,1,42.5211,39.7753,75.4102,93.9,57.89
42,118,1,42.8308,39.681,75.2831,93.49,57.74
43,118,1,42.7419,39.7243,75.2689,92.35,57.18
44,118,1,42.7669,39.7088,75.2846,95.82,57.83
45,118,1,42.798,39.714,75.1309,96.93,56.92
46,118,1,42.7093,39.6938,75.3009,93.67,57.93
47,118,1,42.6039,39.4529,75.438,88.03,58.19
48,118,1,42.6872,39.7324,75.2995,84.32,54.72
49,118,1,271.082,11.7252,76.7108,86.29,52.4
50,118,1,271.167,11.7082,76.6617,92.6,54.31
51,118,1,271.062,11.7161,76.635,90.86,54.32
52,118,1,271.192,11.7557,76.6613,91.98,53.95
53,118,1,271.356,11.8121,76.4486,90.83,54.44
54,118,1,271.304,11.7833,76.501,91.13,54.58
55,118,1,271.43,11.8089,76.3949,90.37,52.13
56,118,0,0,0,0,0,50.65
57,118,1,155.152,38.6327,51.6069,92.09,53.19
58,118,1,155.315,38.6116,51.5508,95.18,55.61
59,118,1,155.169,38.628,51.6103,94.18,56.16
60,118,1,155.19,38.6347,51.5752,90.07,56.93
61,118,1,155.277,38.6209,51.5206,93.46,55.28
62,118,1,155.306,38.5924,51.5152,85.39,52.67
63,118,1,290.469,12.5755,62.7236,88.34,52.34
64,118,1,290.441,12.5914,62.7126,91.33,53.79
65,118,1,290.547,12.5961,62.6007,93.88,52.75
66,118,1,290.246,12.5552,62.7735,90.37,52.99
67,118,1,290.425,12.5404,62.6332,92.79,52.43
68,118,1,290.455,12.5779,62.472,89.71,52.85
69,118,1,290.367,12.5747,62.6817,90.46,52.64
70,118,1,290.375,12.5831,62.7084,90.09,52.34
71,118,1,290.442,12.5743,62.7036,92.32,52.02
72,118,1,290.45,12.5626,62.6265,90.93,52.74
73,118,1,290.353,12.5343,62.6517,91.57,53
74,118,1,290.543,12.6238,62.5762,91.6,53.15
75,118,1,290.407,12.5768,62.6608,90.09,52.99
76,118,1,290.398,12.5854,62.63,90.85,52.38
77,118,1,290.428,12.6027,62.6875,90.82,53.04
78,118,1,290.334,12.6022,62.7265,92.67,53.8
79,118,1,290.399,12.6014,62.6795,91.61,52.65
80,118,1,290.447,12.5889,62.6498,93.19,53.96
81,118,1,290.479,12.6257,62.7262,92.58,53.14
82,118,1,290.462,12.5911,62.6273,91.31,53.61
83,118,1,290.329,12.5811,62.6411,93.67,52.9
84,118,1,290.434,12.6036,62.6548,93.78,53.17
85,118,1,290.408,12.6207,62.703,92.36,53.11
86,118,1,290.226,12.6103,62.7958,90.93,52.96
87,118,1,290.404,12.6415,62.6222,91.21,53.2
88,118,1,290.437,12.6486,62.6837,93.65,53.53
89,118,1,290.377,12.6231,62.733,91.61,52.87
90,118,1,290.401,12.6158,62.6736,91.32,53.05
91,118,1,290.267,12.5883,62.7446,91.56,52.85
92,118,1,290.17,12.6625,62.9561,93.56,53.6
93,118,1,290.153,12.6206,62.9101,94.24,53.3
94,118,1,290.353,12.6224,62.664,89.89,53.27
95,118,1,290.283,12.6574,62.8191,91.82,53.59
96,118,1,290.27,12.6111,62.7307,89.08,52.97
97,118,1,290.455,12.6829,62.7319,93.45,52.02
98,118,0,0,0,0,0,54.23
99,118,1,155.363,38.5369,51.4223,93.68,56.1
100,118,1,155.316,38.5613,51.4148,89.26,54.75
101,118,1,45.5575,19.4893,11.5964,92.02,55.83
102,118,1,45.4712,19.4654,11.6072,86.28,58.24
103,118,1,45.3733,19.562,11.7898,88.26,58.43
104,118,1,45.3831,19.4993,11.7215,96.77,57.58
105,118,1,45.3543,19.5208,11.7284,96.52,57.78
106,118,1,45.4172,19.485,11.7082,95.65,59.01
107,118,1,45.3507,19.5187,11.6839,94.93,58.09
108,118,1,45.4318,19.4446,11.7076,94.81,58.97
109,118,1,45.587,19.4741,11.5468,95.24,58.35
110,118,1,45.4088,19.4489,11.7069,88.72,58.06
111,118,1,45.398,19.4956,11.743,94.84,57.54
112,118,1,45.5335,19.4806,11.6178,94.16,57.75
113,118,1,45.3297,19.5072,11.6518,93.87,57.32
114,118,1,45.3204,19.4827,11.797,96.28,57.03
115,118,1,45.3162,19.4983,11.7865,95.55,55.54
116,118,0,0,0,0,0,55.07
117,118,0,0,0,0,0,55.21
118,118,0,0,0,0,0,56.09
119,118,0,0,0,0,0,56.56
120,118,0,0,0,0,0,56.91
121,118,1,273.832,48.9077,47.8391,91.6,58.24
122,118,1,273.815,48.8968,47.8693,93.98,58.98
123,118,1,273.77,48.8722,47.8995,86.69,60.71
124,118,1,273.839,48.9035,47.8865,92,60.32
125,118,1,273.804,48.8683,47.8545,89.62,60.36
126,118,1,273.958,48.9007,47.814,88.72,60.84
127,118,1,273.875,48.8732,47.7653,90.57,60.98
128,118,1,273.936,48.8773,47.735,89.03,61.06
129,118,1,273.964,48.9661,47.7306,88.92,60.66
130,118,1,274.012,48.9322,47.7613,89.5,61.05
131,118,1,274.007,48.9264,47.738,90.11,60.88
132,118,1,274.145,48.9595,47.6843,88.4,60.44
133,118,1,274.015,48.9749,47.7086,90.75,61.37
134,118,1,273.988,48.9224,47.7022,89.16,60.7
135,118,1,273.867,48.97,47.7511,88.97,61.65
136,118,1,274.034,48.9892,47.7072,90.63,60.51
137,118,1,274.035,48.9806,47.592,89.26,61.36
138,118,1,273.948,48.9625,47.6398,90.22,60.52
139,118,1,273.97,48.9628,47.6085,88.31,60.84
140,118,1,273.978,48.9984,47.6936,89.27,61.21
141,118,1,273.984,48.9826,47.6626,96.33,61.19
142,118,1,274.102,48.9982,47.6878,88.16,60.18
143,118,1,273.99,49.0036,47.6857,89.35,60.7
144,118,1,273.872,49.0652,47.7586,88.28,60.32
145,118,1,274.102,49.0253,47.6695,93.94,61.71
146,118,1,274.047,48.912,47.6727,94.82,61.77
147,118,1,274.022,48.9755,47.7048,89.32,61.2
148,118,1,274.02,48.9953,47.696,89.55,60.95
149,118,1,273.968,48.9976,47.6889,89.3,60.66
150,118,1,274.016,49.0171,47.6952,87.88,60.51
151,118,1,274.054,49.0056,47.6468,88.4,61.05
152,118,1,274.03,48.9873,47.682,90.41,61.28
153,118,1,273.97,49.0054,47.6922,97.45,62.21
154,118,1,274.038,49.0359,47.6886,87.82,61.17
155,118,1,273.961,48.99,47.6418,88.53,61.41
156,118,1,273.965,48.9969,47.6803,89.98,60.87
157,118,1,273.944,49.025,47.7032,90.1,60.69
158,118,1,273.976,49.0451,47.679,89.25,61.36
159,118,1,274.018,49.0167,47.6118,88.78,61.58
160,118,1,273.985,49.0451,47.5404,88.85,60.48
161,118,1,273.977,49.0376,47.6067,87.86,60.59
162,118,1,274.123,49.0641,47.7101,87.97,61.07
163,118,1,273.923,49.0344,47.6999,87.87,60.91
164,118,1,273.936,48.9936,47.6156,88.93,60.73
165,118,1,274.07,49.0582,47.7156,96.51,61.09
166,118,1,273.926,49.0154,47.7349,90.61,61.25
167,118,1,273.923,49.0185,47.7098,90.33,61.65
168,118,1,273.868,49.0249,47.7555,89.1,61.86
169,118,1,273.966,49.0283,47.674,96.34,60.86
170,118,1,273.95,49.0041,47.7009,92.93,60.14
171,118,1,273.906,49.0216,47.71,96.55,60.71
172,118,1,273.822,49.0756,47.7441,92.14,60.02
173,118,1,278.417,39.9363,55.4556,89.45,58.23
174,118,1,278.604,39.9814,55.4558,94.97,60.63
175,118,1,278.4,39.9851,55.4953,93.05,59.1
176,118,1,278.576,40.012,55.4682,92.19,58.98
177,118,1,278.498,39.92,55.4669,93.48,60.23
178,118,1,278.491,39.9583,55.4714,91.58,59.61
179,118,1,278.574,40.0179,55.4442,92.69,59.39
180,118,1,278.447,39.9667,55.4288,92.39,59.93
181,118,1,278.591,40.0165,55.4069,92.56,60.35
182,118,1,278.472,39.9925,55.4584,94.52,59.67
183,118,1,278.447,40.0363,55.4591,92.96,59.31
184,118,1,278.644,40.0832,55.4817,94.32,58.55
185,118,0,0,0,0,0,56.92
186,118,1,177.492,21.5958,5.54963,92.61,56.61
187,118,1,177.544,21.5878,5.59025,91.8,56.89
188,118,1,177.345,21.5918,5.68524,92.6,53.27
189,118,0,0,0,0,0,51.04
190,118,1,66.5247,15.5023,70.1818,92.08,51.77
191,118,1,66.7233,15.4567,69.9385,94.33,52.55
192,118,1,66.5153,15.4979,70.1025,94.47,53.73
193,118,1,66.6987,15.4601,69.8556,85.68,52.77
194,118,1,66.6441,15.4414,70.0237,83.55,53.89
195,118,1,66.4439,15.5266,70.2461,85.6,53.58
196,118,1,66.7106,15.4333,69.9825,91.87,52.99
197,118,1,66.3965,15.5169,70.2216,95.17,54.06
198,118,1,66.6824,15.4663,70.0425,95.21,53.77
199,118,1,66.6522,15.4902,70.0287,89.96,52.74
200,118,1,66.508,15.4602,70.1525,94.17,54.2
201,118,1,66.6815,15.4428,69.9628,93.44,53.96
202,118,1,66.6725,15.4371,69.9413,86.55,53.12
203,118,1,66.7381,15.4218,69.8702,86.54,53.95
204,118,1,66.5951,15.4957,70.1545,92.85,54.34
205,118,1,66.5296,15.458,70.0572,86.15,54.17
206,118,1,66.6062,15.4855,70.0636,93.13,53.97
207,118,1,66.6808,15.4276,70.0299,91.25,53.22
208,118,1,66.4512,15.5108,70.2231,94.29,53.74
209,118,1,66.6845,15.4343,70.0062,85.66,53.43
210,118,1,66.5615,15.4771,70.1534,92.23,53.02
211,118,1,66.4969,15.4699,70.2223,92.49,53.72
212,118,1,66.5682,15.4638,70.1489,93.34,53.99
213,118,1,66.3873,15.5012,70.2618,85.77,54.16
214,118,1,66.5293,15.4693,70.1161,86.94,53.82
215,118,1,66.669,15.3873,70.0313,86.39,53.52
216,118,1,66.4753,15.4678,70.2062,93.04,53.38
217,118,1,66.6781,15.4283,70.0881,93.4,53.59
218,118,1,66.7117,15.4578,69.9599,85.72,55.12
219,118,1,66.538,15.4616,70.0888,93.61,54.9
220,118,1,66.7709,15.3775,69.9059,92.86,53.53
221,118,1,66.5521,15.4617,70.0746,95.01,54.04
222,118,1,66.6641,15.4024,69.9318,92.72,55.38
223,118,1,66.5308,15.4057,70.0239,85.43,52.61
224,118,1,66.6196,15.3962,70.0272,93.54,54.49
225,118,1,66.4693,15.4484,70.2257,90.63,53.05
226,118,1,66.5404,15.3936,70.0686,93.66,54.32
227,118,0,0,0,0,0,50.24
228,118,1,187.07,38.8124,81.267,83.03,53.98
229,118,1,186.924,38.7228,81.3249,91.92,57.46
230,118,1,186.971,38.8345,81.2887,93.04,57.08
231,118,1,186.822,38.8572,81.3729,94,57.77
232,118,1,187.203,38.7062,81.2312,91.88,57.26
233,118,1,186.784,38.8227,81.4196,94.72,57.71
234,118,1,186.976,38.6512,81.2742,94.78,57.25
235,118,1,186.867,38.7553,81.3846,94.01,57.11
236,118,1,186.988,38.8215,81.3175,92.33,57.86
237,118,1,186.925,38.731,81.3233,95.12,57.45
238,118,1,187.04,38.8548,81.2486,92.65,56.34
239,118,1,187.059,38.8537,81.2477,93.46,53.29
240,118,1,66.4445,15.4266,70.245,91.33,51.74
241,118,1,66.3809,15.4202,70.326,92.95,53.37
242,118,1,66.3686,15.4105,70.3182,94.52,52.43
243,118,1,66.4031,15.4219,70.2482,94.2,54.01
244,118,1,66.4299,15.4214,70.1752,92.35,53.52
245,118,1,66.6251,15.3538,69.9795,85.45,53.34
246,118,1,66.5564,15.3323,70.1094,87.39,52.64
247,118,1,66.5233,15.3806,70.1444,91.18,53.14
248,118,1,66.4927,15.3556,70.1085,93.07,54.11
249,118,1,66.5867,15.3665,70.0337,94.11,51.82
250,118,0,0,0,0,0,48.4
251,118,0,0,0,0,0,51.58
252,118,2,346.626,44.2454,59.3439,88.88,52.86
253,118,2,346.527,44.373,59.5167,88.55,48.4
254,118,0,0,0,0,0,35.94
255,118,0,0,0,0,0,34.87
0,119,0,0,0,0,0,35.07
1,119,0,0,0,0,0,35.35
2,119,0,0,0,0,0,34.13
3,119,0,0,0,0,0,35.08
4,119,1,43.032,39.6178,74.9476,91.38,48.85
5,119,1,42.6538,39.5427,75.3371,88.89,56.87
6,119,1,42.7907,39.7942,75.1851,92.89,57.11
7,119,1,42.8701,39.6471,74.9954,92.15,57.92
8,119,1,42.9222,39.605,75.0097,92.26,57.56
9,119,1,42.9528,39.6218,74.8932,92.23,57.84
10,119,1,42.8209,39.8019,75.1407,92.82,56.19
11,119,1,42.8735,39.7968,75.1229,91.78,55.61
12,119,0,0,0,0,0,49.05
13,119,1,271.33,11.6903,76.5402,91.25,52.25
14,119,1,271.397,11.6832,76.4609,93.38,54.71
15,119,1,271.094,11.6751,76.7456,93.38,54.9
16,119,1,271.156,11.7085,76.6862,95.89,55.21
17,119,1,271.016,11.6606,76.7689,92.36,55.74
18,119,1,271.146,11.7745,76.7957,94.38,55.14
19,119,1,271.067,11.6882,76.7066,93.43,54.77
20,119,1,271.251,11.7827,76.6612,94.41,54.94
21,119,1,271.15,11.7868,76.6978,91.56,55.55
22,119,1,271.132,11.7289,76.7239,93.15,55
23,119,1,271.091,11.7076,76.7848,92.3,54.55
24,119,1,271.106,11.7329,76.7494,93.43,55.23
25,119,1,271.012,11.7176,76.8821,91.76,55.35
26,119,1,271.249,11.7039,76.6773,95.78,55.17
27,119,1,271.179,11.7621,76.7424,94.69,55.97
28,119,1,271.15,11.6848,76.7464,92.38,53.92
29,119,1,271.064,11.7881,76.6855,90.38,55.24
30,119,1,271.277,11.7301,76.5588,94.21,54.57
31,119,1,271.101,11.7519,76.7172,93.06,54.92
32,119,1,271.172,11.7407,76.6987,93.83,54.81
33,119,1,271.155,11.75,76.714,93.93,55.16
34,119,1,271.144,11.7208,76.7197,93.42,54.53
35,119,1,271.221,11.7438,76.7107,92.83,53.41
36,119,0,0,0,0,0,52.02
37,119,1,42.771,39.7404,75.2346,92.65,56.39
38,119,1,42.7915,39.6995,75.2545,94.72,57.36
39,119,1,42.622,39.5114,75.3227,91.69,57.85
40,119,1,42.8641,39.6927,75.1083,92.35,57.75
41,119,1,42.5094,39.5126,75.4823,88.04,57.38
42,119,1,42.6912,39.5063,75.3261,89.62,57.21
43,119,1,42.7451,39.7068,75.2617,94.09,57.94
44,119,1,42.6073,39.5315,75.3439,90.2,57.85
45,119,1,42.8558,39.5634,75.0226,90.97,57.46
46,119,1,42.7887,39.6938,75.2985,93.54,57.33
47,119,1,42.5418,39.5434,75.547,87.17,58.26
48,119,1,42.7703,39.7099,75.2939,91.51,56.02
49,119,0,0,0,0,0,52.09
50,119,1,271.06,11.7057,76.8104,93.94,54.21
51,119,1,271.461,11.792,76.271,92.78,54.87
52,119,1,271.28,11.7627,76.6074,92.05,53.27
53,119,1,271.191,11.791,76.7485,93.94,54.65
54,119,1,271.073,11.7464,76.7101,92.01,53.46
55,119,1,271.287,11.8332,76.6327,84.07,51.04
56,119,1,155.151,38.6143,51.6274,83.7,53.24
57,119,1,155.285,38.6271,51.5703,93.87,54.84
58,119,1,155.35,38.611,51.5225,92.15,55.6
59,119,1,155.24,38.6466,51.5559,91.77,55.64
60,119,1,155.261,38.6312,51.5482,90.99,55.38
61,119,1,155.346,38.6026,51.5604,91.39,54.07
62,119,1,290.495,12.5743,62.5859,84.25,53
63,119,1,290.503,12.5932,62.6453,92.03,51.96
64,119,1,290.487,12.6038,62.7049,94.14,53.25
65,119,1,290.466,12.5905,62.6058,93.49,52.55
66,119,1,290.444,12.5896,62.6109,92.14,53.54
67,119,1,290.431,12.5671,62.6569,93.27,52.24
68,119,1,290.369,12.5896,62.6804,94.69,53.46
69,119,1,290.352,12.5836,62.7536,91.5,53.12
70,119,1,290.403,12.5592,62.7095,88.37,53.48
71,119,1,290.49,12.6221,62.6745,92.86,53.69
72,119,1,290.397,12.5984,62.6796,91.52,52.37
73,119,1,290.422,12.6163,62.7302,90.11,52.81
74,119,1,290.353,12.5705,62.6785,89.06,52.84
75,119,1,290.463,12.5628,62.5869,91.72,52.7
76,119,1,290.277,12.5837,62.7528,93.38,53.82
77,119,1,290.464,12.5995,62.6059,91.18,52.83
78,119,1,290.274,12.5706,62.722,93.12,53.11
79,119,1,290.399,12.6069,62.7003,91.08,52.83
80,119,1,290.387,12.5827,62.559,91.61,52.42
81,119,1,290.293,12.6115,62.8381,93.51,53.48
82,119,1,290.429,12.6204,62.6717,91.1,52.58
83,119,1,290.333,12.6188,62.7325,90.76,53.18
84,119,1,290.304,12.6252,62.8131,94.64,54.29
85,119,1,290.404,12.6345,62.624,92.76,53.27
86,119,1,290.37,12.6071,62.707,91.92,53.61
87,119,1,290.242,12.6191,62.7775,91.53,52.99
88,119,1,290.182,12.6225,62.8994,93.8,54.45
89,119,1,290.356,12.6067,62.6751,92.99,53.13
90,119,1,290.318,12.6178,62.7409,89.82,52.11
91,119,1,290.354,12.6231,62.7284,90.46,52.98
92,119,1,290.398,12.6309,62.6541,90.69,52.75
93,119,1,290.418,12.6378,62.7472,89.88,52.33
94,119,1,290.307,12.612,62.7125,90.88,52.1
95,119,1,290.342,12.6102,62.663,93.09,52.76
96,119,1,290.305,12.6373,62.7448,90.54,52.16
97,119,0,0,0,0,0,53.34
98,119,1,155.309,38.5564,51.4217,93.44,55.91
99,119,1,155.353,38.5323,51.4363,92.06,56.57
100,119,1,155.276,38.5449,51.4161,91.59,55.2
101,119,1,45.3737,19.4628,11.8264,91.12,55.11
102,119,1,45.5676,19.4533,11.562,94.65,57.69
103,119,1,45.4013,19.4349,11.7116,86.93,58.19
104,119,1,45.3886,19.4872,11.7501,93.87,57.58
105,119,1,45.5418,19.4728,11.5982,94.26,57.74
106,119,1,45.4831,19.4637,11.5316,86.31,57.83
107,119,1,45.4624,19.5581,11.444,87.67,57.96
108,119,1,45.4419,19.5205,11.5692,92.16,57.99
109,119,1,45.4827,19.4303,11.7068,95.51,58.12
110,119,1,45.4323,19.4521,11.6773,95.02,59
111,119,1,45.343,19.4525,11.8138,86.56,59.02
112,119,1,45.3385,19.4382,11.7517,87.92,57.93
113,119,1,45.3918,19.4285,11.7775,94.23,58.88
114,119,1,45.4565,19.4184,11.7125,87.38,58.53
115,119,1,45.3963,19.4409,11.6863,88.53,58.52
116,119,1,45.4385,19.4535,11.6606,95.38,57.31
117,119,1,45.3529,19.4872,11.7849,94.48,57.12
118,119,1,45.5468,19.4519,11.5908,95.58,56.61
119,119,1,45.3074,19.5261,11.7326,85.95,55.71
120,119,0,0,0,0,0,55.06
121,119,0,0,0,0,0,55.9
122,119,0,0,0,0,0,55.97
123,119,0,0,0,0,0,58.34
124,119,1,273.796,48.8638,47.9143,91.37,58.08
125,119,1,273.852,48.8825,47.8774,93.75,58.58
126,119,1,273.833,48.9014,47.8409,92.83,59.42
127,119,1,273.958,48.8826,47.7661,95.74,61.15
128,119,1,273.955,48.8482,47.8201,95.41,60.55
129,119,1,273.955,48.9535,47.715,86.62,59.42
130,119,1,273.99,48.9204,47.7607,87.98,61.39
131,119,1,274.029,48.9402,47.7648,87.25,61.53
132,119,1,274.024,48.913,47.7171,89.78,61.26
133,119,1,274.113,48.9694,47.7346,96.17,60.81
134,119,1,274.091,48.9465,47.7199,94.52,61.48
135,119,1,274.036,48.9609,47.7133,88.13,60.94
136,119,1,274.005,48.969,47.6171,89.78,61.8
137,119,1,273.97,48.963,47.724,89.98,61.8
138,119,1,274.086,48.979,47.6954,87.48,62.14
139,119,1,273.897,48.9627,47.7021,88.02,60.23
140,119,1,273.908,48.9878,47.7108,95.07,61.22
141,119,1,274.076,48.9963,47.6958,90.49,61.18
142,119,1,273.983,49.0858,47.7451,87.55,60
143,119,1,273.951,49.012,47.6907,95.21,61.35
144,119,1,273.914,48.9609,47.6747,89.46,61.57
145,119,1,273.947,48.9857,47.6886,87.8,60.39
146,119,1,273.952,48.9736,47.7102,87.5,61.33
147,119,1,274.011,48.9823,47.6822,90.13,61.4
148,119,1,274.035,48.9813,47.7111,90.18,61.71
149,119,1,273.978,49.0143,47.6881,88.64,61.03
150,119,1,273.936,48.9663,47.7044,86.72,61.13
151,119,1,273.931,48.9803,47.6272,89.46,61.24
152,119,1,273.929,48.986,47.7112,88.85,61.61
153,119,1,274.011,49.0203,47.7029,89.32,61.91
154,119,1,273.95,49.031,47.5965,88.59,60.55
155,119,1,273.897,48.9598,47.619,89.2,61.26
156,119,1,274.049,49.0252,47.7061,88.24,61.24
157,119,1,273.998,49.011,47.6897,89.75,60.9
158,119,1,273.9,49.03,47.6333,86.08,61.17
159,119,1,274.053,49.0588,47.6908,89.25,61.77
160,119,1,274.046,49.013,47.6554,84.5,60.7
161,119,1,274.009,48.9981,47.7101,89.63,61.18
162,119,1,273.971,49.0338,47.6116,87.4,61.8
163,119,1,273.944,49.0456,47.7013,88.35,61.2
164,119,1,273.921,48.995,47.684,89.03,61.25
165,119,1,274.013,49.0383,47.7248,89.05,61.55
166,119,1,273.917,49.0473,47.741,89.6,60.66
167,119,1,273.87,49.0058,47.7158,94.36,60.17
168,119,1,273.868,49.0355,47.7169,88.63,61.29
169,119,1,273.939,48.9931,47.671,89.53,60.69
170,119,1,273.921,49.024,47.7156,87.81,60.61
171,119,1,273.957,49.013,47.6389,88.2,61.15
172,119,1,273.863,49.0898,47.7321,93.36,58.13
173,119,1,278.497,39.9428,55.4461,90.03,58.46
174,119,1,278.396,39.9834,55.501,91.22,59.84
175,119,1,278.468,39.9459,55.4733,92.92,59.88
176,119,1,278.49,39.9766,55.4647,93.01,59.42
177,119,1,278.472,39.9679,55.4679,95.43,59.89
178,119,1,278.494,39.977,55.4602,94.45,59.72
179,119,1,278.47,39.9238,55.4783,92.96,59.31
180,119,1,278.644,39.9973,55.4528,93.26,60.37
181,119,1,278.458,39.9668,55.4544,93.92,60.3
182,119,1,278.4,39.9667,55.441,92.59,59.79
183,119,1,278.528,40.0587,55.5098,91.39,58.54
184,119,0,0,0,0,0,56.42
185,119,1,177.521,21.5387,5.58536,92.1,57.63
186,119,1,177.523,21.5773,5.59353,91.82,55.2
187,119,1,177.352,21.6121,5.63927,91.69,52.46
188,119,0,0,0,0,0,50.77
189,119,1,66.5553,15.5118,70.1931,91.56,52.02
190,119,1,66.6236,15.5022,70.0046,93.61,53
191,119,1,66.6245,15.5064,70.0848,94.16,53.56
192,119,1,66.6325,15.4717,70.057,84.9,53.2
193,119,1,66.7924,15.4397,69.8647,86.35,53.99
194,119,1,66.5023,15.542,70.1426,93.53,53.45
195,119,1,66.8183,15.4353,69.8812,87.02,53.67
196,119,1,66.5939,15.5178,70.0285,94.6,54.58
197,119,1,66.5604,15.5081,70.0783,93.32,53.71
198,119,1,66.4352,15.4574,70.1956,86.03,53.61
199,119,1,66.4812,15.5266,70.1412,92.81,54.09
200,119,1,66.527,15.475,70.2306,92.46,53.75
201,119,1,66.6184,15.4621,70.0825,94.5,53.85
202,119,1,66.4847,15.4888,70.2822,85.56,53.94
203,119,1,66.4995,15.446,70.0735,85.61,54.37
204,119,1,66.3978,15.5144,70.3113,87.29,54.11
205,119,1,66.3946,15.5099,70.2482,85.4,53.64
206,119,1,66.2504,15.5518,70.4054,84.61,52.79
207,119,1,66.5871,15.4278,70.0222,87.88,53.17
208,119,1,66.6245,15.5007,70.0408,91.92,53.08
209,119,1,66.5257,15.5008,70.1301,94.06,50.72
210,119,1,66.5888,15.4545,70.0916,91.73,51.75
211,119,1,66.5959,15.4524,70.0281,93.4,54.12
212,119,1,66.7253,15.3591,70.085,85.7,54.44
213,119,1,66.5069,15.4777,70.1554,93.33,53.88
214,119,1,66.5164,15.4679,70.1807,94.14,54.6
215,119,1,66.4321,15.5089,70.1994,85.75,54.1
216,119,1,66.3465,15.4913,70.248,93.88,54.88
217,119,1,66.6064,15.4405,70.0568,95.13,53.41
218,119,1,66.563,15.4763,70.073,92.65,53.9
219,119,1,66.5882,15.4379,70.1136,87.2,53.45
220,119,1,66.5356,15.4642,70.0977,92.9,54.61
221,119,1,66.4032,15.4707,70.2513,85.91,54.04
222,119,1,66.7371,15.3858,69.9049,92.27,54.36
223,119,1,66.4781,15.4658,70.1469,94.89,53.6
224,119,1,66.2637,15.4896,70.2951,91.75,54.26
225,119,1,66.4516,15.4433,70.1647,87.18,54.21
226,119,1,66.5261,15.4379,70.1759,84.77,53.66
227,119,1,66.451,15.4404,70.2454,93.79,51.77
228,119,0,0,0,0,0,52.88
229,119,1,186.982,38.8015,81.3057,92.57,55.68
230,119,1,187.062,38.8658,81.2731,92.34,56.46
231,119,1,186.93,38.749,81.3412,96.2,56.19
232,119,1,187.027,38.7762,81.3088,95.5,57.38
233,119,1,187.042,38.7123,81.2835,91.28,56.57
234,119,1,187.076,38.7002,81.2293,94.87,57.45
235,119,1,186.782,38.9254,81.6283,86.42,57.78
236,119,1,186.953,38.7857,81.3699,93.81,57.89
237,119,1,186.979,38.8333,81.2452,94.85,57.13
238,119,1,187.045,38.712,81.2797,93.55,56.65
239,119,1,187.151,38.8619,81.2181,93.54,54.79
240,119,1,66.5556,15.4328,70.1907,90.84,51.66
241,119,1,66.4904,15.3884,70.0823,85.99,52.63
242,119,1,66.3746,15.4472,70.2743,86.15,52.92
243,119,1,66.4614,15.4217,70.2113,93.25,52.65
244,119,1,66.5856,15.3615,70.1494,84.09,53.21
245,119,1,66.3302,15.4374,70.2514,86.05,52.95
246,119,1,66.483,15.3962,70.2202,94.49,53.73
247,119,1,66.5211,15.3427,70.1044,87.65,53.95
248,119,1,66.4409,15.4053,70.1426,85.17,53.68
249,119,1,66.5227,15.3246,70.2164,93.41,52.92
250,119,0,0,0,0,0,48.91
251,119,2,346.966,43.9677,59.3099,87.2,53.86
252,119,2,346.503,44.2737,59.2727,87.44,54.25
253,119,2,346.487,44.4241,59.6571,82.77,47.25
254,119,0,0,0,0,0,35.25
255,119,0,0,0,0,0,34.88
0,120,0,0,0,0,0,34.52
1,120,0,0,0,0,0,35.24
2,120,0,0,0,0,0,34.03
3,120,0,0,0,0,0,35.57
4,120,1,43.079,39.6257,74.9071,90.34,47.13
5,120,1,42.9807,39.6247,74.9662,92.99,57.41
6,120,1,42.6381,39.6271,75.3469,89.31,56.84
7,120,1,42.7811,39.5855,75.2197,92.49,57.69
8,120,1,42.463,39.6122,75.4821,86.05,57.36
9,120,1,42.8486,39.7667,75.1775,95.4,58.28
10,120,1,42.7803,39.5249,75.2434,92.35,57.57
11,120,1,42.8546,39.7843,75.118,94.3,57.24
12,120,1,42.7726,39.7609,75.1723,92.81,50.69
13,120,1,271.151,11.7177,76.8011,87.46,49.78
14,120,1,271.098,11.6705,76.7331,94.1,54.72
15,120,1,271.216,11.6835,76.5796,95.04,54.59
16,120,1,271.054,11.6842,76.8025,92.19,53.93
17,120,1,271.321,11.7468,76.6276,88.53,55.31
18,120,1,271.153,11.7633,76.8093,93.94,55.55
19,120,1,271.084,11.6829,76.8284,92.78,54.63
20,120,1,271.006,11.6891,76.7484,92.6,54.73
21,120,1,271.219,11.744,76.6469,89.77,55.39
22,120,1,271.112,11.7119,76.71,93.51,54.97
23,120,1,271.277,11.788,76.6326,92.88,54.94
24,120,1,271.221,11.7102,76.6155,94.1,54.33
25,120,1,271.139,11.7428,76.7868,93.93,54.56
26,120,1,271.089,11.702,76.7249,93.24,54.38
27,120,1,271.117,11.6917,76.8137,92.93,54.26
28,120,1,271.088,11.7486,76.8343,92.57,54.91
29,120,1,271.206,11.7177,76.6394,93.46,54
30,120,1,271.011,11.7233,76.8474,94.26,54.95
31,120,1,271.11,11.7253,76.739,91.96,54.51
32,120,1,271.176,11.7418,76.6944,93.92,55.08
33,120,1,271.162,11.7362,76.6606,93.18,55.02
34,120,1,271.117,11.7412,76.7177,93.25,54.75
35,120,1,271.111,11.7518,76.7134,91.11,54.49
36,120,1,271.282,11.7609,76.556,91.39,52.76
37,120,1,42.8101,39.7337,75.064,88,54.69
38,120,1,42.7464,39.7186,75.2339,93.14,56.49
39,120,1,42.7375,39.6863,75.1237,94.42,57.3
40,120,1,42.8106,39.7251,75.223,95.42,57.01
41,120,1,42.7204,39.4949,75.2902,91.82,57.17
42,120,1,42.7828,39.7479,75.273,91.19,57.76
43,120,1,42.7254,39.6837,75.28,94.12,58.19
44,120,1,42.7018,39.5223,75.3175,90.59,57.66
45,120,1,42.7374,39.6943,75.2532,94.38,58.83
46,120,1,42.6759,39.7054,75.2576,94.01,57.86
47,120,1,42.382,39.5142,75.6004,89.41,57.71
48,120,1,42.6734,39.7399,75.2182,94.96,56.68
49,120,1,42.7309,39.7237,75.2764,92.45,55.02
50,120,1,271.216,11.7572,76.6814,85.14,52.59
51,120,1,271.215,11.7707,76.6533,92.49,52.94
52,120,1,271.156,11.7856,76.7641,93.51,54.91
53,120,1,271.199,11.7817,76.6714,91.28,54.5
54,120,1,271.553,11.801,76.3837,83.49,51.43
55,120,1,155.208,38.6172,51.5352,79.96,52.16
56,120,1,155.182,38.6352,51.5739,93.9,54.87
57,120,1,155.249,38.6272,51.5676,92.19,55.79
58,120,1,155.297,38.6036,51.5483,91.64,55.89
59,120,1,155.191,38.6185,51.6045,91.39,54.79
60,120,1,155.399,38.6104,51.5052,90.13,54.2
61,120,0,0,0,0,0,51.61
62,120,1,290.574,12.5774,62.523,91.97,51.55
63,120,1,290.358,12.5546,62.7005,90.31,51.96
64,120,1,290.408,12.556,62.6648,90.53,52.54
65,120,1,290.475,12.561,62.6675,88.92,53.04
66,120,1,290.333,12.5617,62.7189,93.19,52.66
67,120,1,290.512,12.5689,62.6107,93.7,52.62
68,120,1,290.305,12.5664,62.7455,90.62,52.11
69,120,1,290.349,12.5766,62.7596,91.16,52.8
70,120,1,290.387,12.5496,62.7061,92.2,53.29
71,120,1,290.45,12.6013,62.706,88.56,53.09
72,120,1,290.426,12.5853,62.6834,92.23,53.55
73,120,1,290.337,12.6209,62.7764,92.77,53.39
74,120,1,290.527,12.6097,62.6122,92,52.82
75,120,1,290.362,12.6172,62.7551,94.03,53.84
76,120,1,290.387,12.5857,62.6804,92.36,52.42
77,120,1,290.368,12.6101,62.6517,91.74,53.63
78,120,1,290.519,12.5973,62.6857,94.99,53.07
79,120,1,290.375,12.6015,62.6847,91.27,53
80,120,1,290.429,12.6203,62.6156,91.77,52.76
81,120,1,290.42,12.5688,62.6842,91.78,52.87
82,120,1,290.423,12.5978,62.5913,91.22,52.17
83,120,1,290.427,12.6344,62.7223,93.52,54.04
84,120,1,290.417,12.6052,62.6327,92.92,52.89
85,120,1,290.45,12.6114,62.6263,93.58,52.4
86,120,1,290.395,12.6191,62.7164,92.71,52.32
87,120,1,290.344,12.593,62.7383,91.65,53.52
88,120,1,290.295,12.5845,62.6981,90.7,53.15
89,120,1,290.361,12.6085,62.7247,91.31,53.23
90,120,1,290.249,12.6411,62.7361,92.96,53.59
91,120,1,290.161,12.6233,62.9389,94.66,53.85
92,120,1,290.335,12.6653,62.7534,95.18,53.29
93,120,1,290.395,12.62,62.6599,91.19,52.97
94,120,1,290.382,12.6168,62.6735,91.25,52.16
95,120,1,290.233,12.6439,62.7696,93.6,53.16
96,120,1,290.262,12.6237,62.7543,89.81,52.64
97,120,0,0,0,0,0,54.08
98,120,1,155.413,38.5519,51.4015,92.33,56.82
99,120,1,155.196,38.554,51.4856,92.34,56.82
100,120,1,155.37,38.5682,51.3875,87.89,54.5
101,120,1,45.5297,19.4947,11.6061,93.55,56.02
102,120,1,45.423,19.4739,11.6762,94.23,57.62
103,120,1,45.5488,19.4371,11.6638,96.26,57.73
104,120,1,45.4994,19.5117,11.5957,93.63,57.5
105,120,1,45.5088,19.4411,11.5024,87.89,58.73
106,120,1,45.4874,19.5186,11.5425,93.85,58.38
107,120,1,45.433,19.4358,11.6065,89.08,58.66
108,120,1,45.3651,19.4821,11.7347,97.3,57.59
109,120,1,45.4929,19.5015,11.5813,96.44,58.45
110,120,1,45.3581,19.5122,11.7041,95.27,57.89
111,120,1,45.4781,19.4426,11.7321,96.14,58.41
112,120,1,45.4504,19.4428,11.7144,88.42,58.54
113,120,1,45.498,19.4372,11.5759,86.94,58.69
114,120,1,45.361,19.5441,11.811,92.27,58.82
115,120,1,45.5738,19.4685,11.5111,96.61,57.94
116,120,1,45.3821,19.4364,11.7516,85.22,58.44
117,120,1,45.5059,19.4684,11.5958,95.78,57.63
118,120,1,45.4001,19.4526,11.6311,87.66,58.3
119,120,1,45.3966,19.4447,11.7399,95.27,57.47
120,120,1,45.4944,19.4515,11.5671,94.49,58.01
121,120,1,45.5246,19.4621,11.541,95.13,56.51
122,120,1,45.4143,19.4562,11.5969,94.19,56.59
123,120,0,0,0,0,0,55.78
124,120,0,0,0,0,0,55.42
125,120,0,0,0,0,0,56.57
126,120,0,0,0,0,0,55.88
127,120,0,0,0,0,0,57.09
128,120,1,273.871,48.8929,47.8176,93.63,57.63
129,120,1,273.937,48.9394,47.7807,92.41,56.68
130,120,1,273.791,48.9169,47.8126,92.19,59.42
131,120,1,273.941,48.9702,47.787,93.43,58.97
132,120,1,273.942,48.9225,47.769,87.71,60.04
133,120,1,273.975,48.9289,47.7034,89.91,60.72
134,120,1,273.992,48.9276,47.7606,89.68,60.94
135,120,1,273.915,49.0141,47.7204,87.67,60.29
136,120,1,273.925,48.9403,47.6786,90.23,60.96
137,120,1,274.113,48.9848,47.7508,88.44,61.15
138,120,1,274.034,48.9773,47.7112,88.41,61.67
139,120,1,274.04,49.0125,47.6856,88.67,61.07
140,120,1,273.955,48.9507,47.6597,88.87,61.31
141,120,1,274.066,48.9592,47.5794,88.88,60.94
142,120,1,273.954,48.9734,47.6207,89.57,61.65
143,120,1,273.994,48.9652,47.7116,89.35,61.01
144,120,1,273.985,48.9694,47.6149,87.95,60.85
145,120,1,273.912,48.9965,47.7694,87.45,61.15
146,120,1,273.952,48.9528,47.7151,89.5,61.1
147,120,1,274.007,49.0006,47.7142,89.84,61.09
148,120,1,273.928,49.0158,47.7394,89.33,60.37
149,120,1,273.952,48.9829,47.7446,88.6,61.67
150,120,1,273.887,49.0009,47.7014,88.99,61.33
151,120,1,273.987,48.988,47.7158,89.64,60.89
152,120,1,273.86,49.0004,47.6801,89.66,61.14
153,120,1,273.919,49.0051,47.7526,88.53,61.43
154,120,1,274.084,49.0076,47.722,87.38,61.03
155,120,1,273.951,49.0471,47.725,90.86,61.66
156,120,1,274.001,49.0221,47.5577,88.89,61.3
157,120,1,273.995,49.0025,47.7004,89.56,61.58
158,120,1,274.017,49.0254,47.6927,90.15,61.48
159,120,1,273.94,48.9987,47.682,88.75,60.8
160,120,1,273.991,49.0397,47.6952,89.62,61.11
161,120,1,273.934,49.0675,47.6348,87.09,61.83
162,120,1,273.925,49.0118,47.6593,95.08,61.33
163,120,1,274.022,49.0136,47.5634,88.29,61.11
164,120,1,273.719,49.0106,47.6913,88.21,61.32
165,120,1,273.919,48.998,47.6373,89.13,60.72
166,120,1,273.887,48.9959,47.7162,87.12,60.08
167,120,1,273.92,49.0099,47.662,88.25,61.29
168,120,1,273.987,49.0385,47.7332,88.64,61.12
169,120,1,273.964,49.022,47.6861,89.27,61.07
170,120,1,273.96,48.9873,47.725,88.52,61.58
171,120,1,273.934,49.0116,47.7261,89.18,61.57
172,120,1,273.925,49.0931,47.7216,91.13,58.91
173,120,1,278.383,39.9303,55.4303,90.27,56.63
174,120,1,278.387,39.9818,55.4841,92.04,58.71
175,120,1,278.445,39.9607,55.4802,91.9,59.8
176,120,1,278.516,40.001,55.4696,93.28,59.38
177,120,1,278.565,39.9776,55.4139,94.07,60.61
178,120,1,278.477,40.0008,55.4479,94.32,59.79
179,120,1,278.502,39.9352,55.4326,94.52,60.23
180,120,1,278.528,39.9882,55.4347,96.11,59.87
181,120,1,278.477,39.9465,55.4605,92.48,59.89
182,120,1,278.486,40.0098,55.4663,92.25,58.54
183,120,0,0,0,0,0,56.41
184,120,1,177.582,21.5865,5.51339,92.47,57.27
185,120,1,177.466,21.5658,5.60935,90.54,55.49
186,120,0,0,0,0,0,52.96
187,120,0,0,0,0,0,50.86
188,120,1,66.8101,15.4562,69.8689,93.42,51.04
189,120,1,66.6655,15.493,70.0245,95.04,53.64
190,120,1,66.5411,15.4998,70.1484,91.73,54.04
191,120,1,66.7914,15.3779,69.9352,84.62,53.46
192,120,1,66.7279,15.4484,69.9,86.4,52.38
193,120,1,66.6679,15.4939,70.0329,93.32,54.19
194,120,1,66.6043,15.5201,70.0342,95.4,53.21
195,120,1,66.682,15.4768,70.0409,93.22,53.59
196,120,1,66.4622,15.5225,70.1128,92.61,54.67
197,120,1,66.658,15.4614,69.9543,91.8,53.71
198,120,1,66.5299,15.5183,70.0559,92.96,53.79
199,120,1,66.6566,15.4476,70.0563,87.08,53.31
200,120,1,66.6454,15.4479,69.9964,90.56,54
201,120,1,66.2652,15.5585,70.3354,87.23,54.16
202,120,1,66.6137,15.4457,70.0962,90.74,53.7
203,120,1,66.7583,15.4043,69.8885,86,53.44
204,120,1,66.5934,15.485,70.0577,94.69,54.06
205,120,1,66.5239,15.5017,70.1194,92.51,54.54
206,120,1,66.6423,15.4474,69.9393,93.35,53.79
207,120,1,66.5834,15.4647,69.9375,94.51,53.85
208,120,1,66.6431,15.5072,70.0526,92.97,54.44
209,120,1,66.4511,15.52,70.1293,92.14,51.66
210,120,1,66.5153,15.4849,70.2069,85.96,52.08
211,120,1,66.3011,15.4819,70.3294,92.52,53.42
212,120,1,66.5132,15.4735,70.0897,84.92,53.24
213,120,1,66.5655,15.4754,70.0328,91.85,54.18
214,120,1,66.6417,15.4469,69.9105,93.79,53.73
215,120,1,66.6807,15.3946,69.9388,85.99,54.35
216,120,1,66.6708,15.4424,70.1009,93.93,53.83
217,120,1,66.6554,15.403,70.0428,91.8,53.98
218,120,1,66.548,15.479,70.1546,94.05,53.78
219,120,1,66.6003,15.41,69.936,91.4,53
220,120,1,66.4293,15.466,70.2334,93.16,54.75
221,120,1,66.5703,15.4356,70.1953,93.18,53.34
222,120,1,66.7796,15.4252,69.8524,87.01,54.5
223,120,1,66.4869,15.4513,70.1562,93.48,54.53
224,120,1,66.6279,15.3936,70.0092,84.48,54.3
225,120,1,66.5063,15.4509,70.1857,83.91,53.91
226,120,1,66.4266,15.4601,70.225,87.33,54.3
227,120,1,66.5844,15.3714,70.0257,86.9,52.76
228,120,1,66.5221,15.445,70.0176,86.06,51.39
229,120,1,186.985,38.8064,81.335,86.68,52.67
230,120,1,186.923,38.9633,81.3798,92.58,53.59
231,120,1,186.951,38.7038,81.2893,93.73,56.38
232,120,1,187.003,38.8335,81.3232,91.37,57.81
233,120,1,186.961,38.8412,81.244,92.95,57.32
234,120,1,186.879,38.8232,81.3207,93.69,57.11
235,120,1,186.902,38.7464,81.3565,94.99,57.18
236,120,1,186.995,38.8271,81.2503,91.61,57.03
237,120,1,186.849,38.7427,81.3326,93.75,57.08
238,120,1,186.999,38.8958,81.3245,92.29,57.25
239,120,1,187.093,38.8589,81.2522,90.82,55.86
240,120,0,0,0,0,0,52.26
241,120,1,66.3819,15.4476,70.2391,93.99,52.38
242,120,1,66.5317,15.4199,70.1774,92.26,52.67
243,120,1,66.6135,15.3424,70.0562,93.62,53.46
244,120,1,66.452,15.3873,70.1264,93.11,52.98
245,120,1,66.4121,15.4523,70.2906,84.43,52.97
246,120,1,66.4253,15.3789,70.2739,95.52,53.28
247,120,1,66.6192,15.3454,70.0338,83.31,53.8
248,120,1,66.5043,15.3794,70.1056,87.39,53.85
249,120,1,66.4798,15.3858,70.2393,93.12,51.86
250,120,0,0,0,0,0,49.76
251,120,2,346.907,43.8275,59.3685,91.58,53.12
252,120,2,346.544,44.3167,59.2226,87.95,54.21
253,120,2,346.348,44.3521,59.3693,86.09,45.56
254,120,0,0,0,0,0,35.28
255,120,0,0,0,0,0,35.42
0,121,0,0,0,0,0,35.01
1,121,0,0,0,0,0,33.94
2,121,0,0,0,0,0,33.64
3,121,0,0,0,0,0,34.88
4,121,1,42.969,39.6144,74.9913,89.21,48.42
5,121,1,43.0178,39.6363,74.9349,88.55,56.3
6,121,1,42.7955,39.5878,75.2246,89,58.29
7,121,1,42.579,39.6174,75.4161,88.18,58.21
8,121,1,42.6934,39.5457,75.2275,89.39,58.54
9,121,1,42.6329,39.5639,75.4682,88.55,58.27
10,121,1,42.8617,39.7379,75.1573,93.22,57.58
11,121,1,42.6713,39.596,75.2903,89.23,58
12,121,1,42.8957,39.7201,75.1287,89.95,54.03
13,121,0,0,0,0,0,52.33
14,121,1,271.056,11.6807,76.7937,93.03,54.04
15,121,1,271.05,11.7077,76.8184,91.19,54.14
16,121,1,271.129,11.7043,76.825,92.77,54.94
17,121,1,271.12,11.6961,76.7809,95.74,54.95
18,121,1,271.304,11.7623,76.6119,92.67,55.44
19,121,1,271.079,11.7237,76.8337,91.94,54.95
20,121,1,271.166,11.7089,76.6754,95.79,54.79
21,121,1,270.993,11.6857,76.7341,93.38,54.57
22,121,1,271.022,11.6842,76.769,94.97,54.54
23,121,1,271.262,11.7347,76.5796,92.44,54.42
24,121,1,271.057,11.6856,76.7858,93.44,54.63
25,121,1,271.301,11.7562,76.5046,90.63,55.21
26,121,1,271.036,11.7387,76.8371,93.88,54.89
27,121,1,271.103,11.7296,76.7342,94.06,54.78
28,121,1,271.177,11.753,76.7457,92.54,54.31
29,121,1,271.118,11.8388,76.8939,92.08,54.73
30,121,1,271.359,11.7698,76.4706,94.15,54.83
31,121,1,270.893,11.7524,76.9202,86.83,55.74
32,121,1,271.159,11.724,76.7224,92.84,54.23
33,121,1,271.28,11.779,76.556,93.21,54.3
34,121,1,271.252,11.7782,76.7015,94.09,54.75
35,121,1,271.173,11.7502,76.645,92.69,54.45
36,121,1,271.199,11.7527,76.6741,93.41,54.92
37,121,1,271.167,11.7391,76.6725,84.27,52.77
38,121,1,42.8546,39.7081,75.2372,92.16,55.51
39,121,1,42.8051,39.7217,75.1857,92.87,56.91
40,121,1,42.5085,39.4638,75.4934,86.42,57.64
41,121,1,42.7494,39.7058,75.2563,93.97,57.21
42,121,1,42.6893,39.6944,75.2609,93.48,57.29
43,121,1,42.71,39.7045,75.3022,94.86,58.81
44,121,1,42.747,39.5184,75.3085,89.57,57.37
45,121,1,42.7551,39.7326,75.2394,93.61,58.59
46,121,1,42.562,39.7528,75.4002,93.32,58.17
47,121,1,42.7043,39.4801,75.3682,90.37,57.74
48,121,1,42.9113,39.5397,75.0584,93.02,57.7
49,121,1,42.7371,39.7371,75.2321,95.15,56.44
50,121,0,0,0,0,0,53.32
51,121,1,271.372,11.7944,76.4975,93.42,53.94
52,121,1,271.147,11.7923,76.7331,91.25,55.75
53,121,1,271.136,11.7461,76.5525,92.97,51.65
54,121,0,0,0,0,0,50.25
55,121,1,155.133,38.641,51.608,90.34,54.88
56,121,1,155.196,38.6344,51.5657,90.03,55.19
57,121,1,155.187,38.6374,51.5802,91.67,55.49
58,121,1,155.14,38.6473,51.5976,91.36,56.49
59,121,1,155.194,38.6377,51.5532,90.9,54.84
60,121,0,0,0,0,0,52.29
61,121,1,290.868,12.5474,62.2583,88.74,51.88
62,121,1,290.456,12.553,62.5926,91.75,51.62
63,121,1,290.414,12.5767,62.7305,89.52,52.52
64,121,1,290.404,12.5226,62.6576,91.38,52.48
65,121,1,290.346,12.5587,62.7073,88.31,52.93
66,121,1,290.324,12.5447,62.7328,91.76,52.58
67,121,1,290.377,12.5634,62.7529,91.48,53.31
68,121,1,290.371,12.5854,62.7231,90.47,51.76
69,121,1,290.308,12.5942,62.794,91.52,53.39
70,121,1,290.351,12.5372,62.7083,93.6,52.87
71,121,1,290.214,12.566,62.7868,94.22,53.71
72,121,1,290.398,12.6046,62.7201,91.68,52.42
73,121,1,290.592,12.5881,62.6177,95.82,53.18
74,121,1,290.416,12.5698,62.6905,89.34,52.16
75,121,1,290.424,12.624,62.7463,95.53,53.41
76,121,1,290.16,12.5845,62.8938,94.13,53.41
77,121,1,290.327,12.6375,62.841,95,52.86
78,121,1,290.404,12.6044,62.6552,90.8,52.9
79,121,1,290.426,12.5957,62.6547,92.74,52.64
80,121,1,290.409,12.5861,62.6195,90.32,52.26
81,121,1,290.434,12.6017,62.671,92.39,53.04
82,121,1,290.422,12.609,62.6929,91.98,53.29
83,121,1,290.31,12.5645,62.724,94,52.84
84,121,1,290.342,12.5595,62.6753,92.06,52.71
85,121,1,290.391,12.617,62.683,90.94,52.79
86,121,1,290.357,12.6053,62.7429,89.58,52.66
87,121,1,290.227,12.5958,62.8608,92.87,52.93
88,121,1,290.263,12.6226,62.7412,90.99,52.72
89,121,1,290.351,12.6071,62.67,91.67,52.88
90,121,1,290.276,12.6713,62.9405,90.53,53.42
91,121,1,290.387,12.6297,62.7215,90.82,52.43
92,121,1,290.296,12.6116,62.8061,93.41,54.28
93,121,1,290.521,12.6308,62.5763,94.62,53.32
94,121,1,290.346,12.613,62.6917,91.58,52.62
95,121,1,290.292,12.6249,62.8031,89.75,52.91
96,121,1,290.327,12.634,62.6757,90.92,52.65
97,121,1,155.312,38.5405,51.4768,92.93,53.91
98,121,1,155.375,38.5508,51.4043,93.4,57.1
99,121,1,155.28,38.5753,51.4112,95.59,57.57
100,121,1,155.438,38.559,51.3671,92.71,54.38
101,121,1,45.4911,19.4716,11.7297,91.61,56.45
102,121,1,45.4243,19.5075,11.5952,94.73,56.91
103,121,1,45.5804,19.4593,11.5867,95.41,57.68
104,121,1,45.4777,19.4725,11.7241,94.74,57.82
105,121,1,45.494,19.4766,11.6299,95.35,57.74
106,121,1,45.4186,19.4677,11.6207,91.46,58.35
107,121,1,45.4986,19.4197,11.6688,94.85,58.12
108,121,1,45.416,19.496,11.6887,95.72,57.38
109,121,1,45.4564,19.462,11.6879,96.59,57.71
110,121,1,45.488,19.4476,11.6771,95.22,58.07
111,121,1,45.5566,19.4681,11.5567,93.98,57.99
112,121,1,45.5154,19.4348,11.6405,94.95,58.43
113,121,1,45.5286,19.4784,11.4947,91.88,57.11
114,121,1,45.4383,19.487,11.635,96.96,57.6
115,121,1,45.5014,19.4383,11.7091,94.67,58.56
116,121,1,45.477,19.4256,11.5302,87.92,58.08
117,121,1,45.4183,19.452,11.7123,95.1,57.77
118,121,1,45.5028,19.4614,11.5608,96.99,58.31
119,121,1,45.4889,19.4218,11.6341,88.24,58.17
120,121,1,45.3943,19.421,11.6418,94.43,58.62
121,121,1,45.4408,19.4248,11.5807,95.19,59.11
122,121,1,45.4136,19.4663,11.6465,95.65,57.34
123,121,1,45.4615,19.3705,11.74,88.53,58.41
124,121,1,45.4139,19.4583,11.6442,96.22,57.24
125,121,1,45.9248,19.0657,11.047,84.24,55.38
126,121,1,45.283,19.4899,11.7696,87.67,55.38
127,121,0,0,0,0,0,55.61
128,121,0,0,0,0,0,56.12
129,121,0,0,0,0,0,55.12
130,121,0,0,0,0,0,57.03
131,121,1,273.82,48.933,47.7586,84.96,57.9
132,121,1,273.889,48.9494,47.7911,93.24,59.18
133,121,1,273.933,48.9552,47.7788,92.28,58.62
134,121,1,273.9,48.9641,47.7682,92.55,59.62
135,121,1,273.94,48.9795,47.7202,92.57,60.13
136,121,1,273.909,48.9286,47.7122,95.63,60.27
137,121,1,273.917,48.9905,47.7505,94.96,60.65
138,121,1,273.934,48.9827,47.7374,89.78,61.25
139,121,1,273.938,48.9729,47.7315,88.61,61.5
140,121,1,273.913,48.9933,47.7321,88.48,61.55
141,121,1,274.022,48.9766,47.6247,96.43,61.53
142,121,1,274.022,48.9198,47.728,96.68,60.98
143,121,1,273.99,49.0073,47.6625,88.39,61.24
144,121,1,273.939,48.9653,47.7325,89.8,61.44
145,121,1,273.973,48.9571,47.714,90.03,61.22
146,121,1,273.959,48.8691,47.8095,86.6,61.86
147,121,1,273.939,48.9915,47.7247,88.99,61.56
148,121,1,273.924,49.001,47.7109,87.41,61.02
149,121,1,273.952,48.9837,47.7069,87.27,61.9
150,121,1,273.933,48.9575,47.6325,87.82,60.99
151,121,1,273.934,48.9964,47.6988,89.34,60.51
152,121,1,274.053,49.0418,47.6744,94.54,60.58
153,121,1,273.957,48.9826,47.699,89.56,61.64
154,121,1,273.945,48.9844,47.7167,88,61.41
155,121,1,273.984,48.9875,47.5796,87.54,61.73
156,121,1,273.955,49.0091,47.6957,88.29,62.17
157,121,1,273.862,49.022,47.6985,87.89,61.57
158,121,1,273.998,49.0429,47.6844,91.23,60.9
159,121,1,273.988,49.0079,47.6771,87.73,61.09
160,121,1,274.054,49.0179,47.5669,87.84,60.62
161,121,1,274.044,49.0592,47.6517,88.87,60.96
162,121,1,274.066,49.0467,47.62,89.41,61.02
163,121,1,273.974,49.0478,47.7184,88,60.82
164,121,1,273.934,49.0222,47.7233,90.23,60.96
165,121,1,273.859,49.0135,47.7759,89.03,61.23
166,121,1,274.05,49.0388,47.7674,86.38,61.79
167,121,1,274.02,48.9486,47.7241,94.92,61.04
168,121,1,273.898,49.0231,47.6745,88.05,62.35
169,121,1,273.927,48.9736,47.7145,90.01,60.87
170,121,1,273.894,49.0023,47.7584,89.06,60.55
171,121,1,338.656,50.1974,39.8216,88.28,61.06
172,121,1,273.938,49.1012,47.7269,92.42,56.93
173,121,1,278.414,40.0019,55.3945,81.4,54.66
174,121,1,278.366,39.9546,55.465,93.24,55.92
175,121,1,278.494,39.9669,55.4402,90.31,57.31
176,121,1,278.489,39.9863,55.4627,92.82,57.19
177,121,1,278.389,39.9711,55.4525,90.05,58.2
178,121,1,278.42,39.9695,55.4852,90.15,58.62
179,121,1,278.467,39.9661,55.4742,92.47,57.63
180,121,1,278.433,39.9898,55.4602,91.7,58.6
181,121,1,278.464,39.9834,55.4317,92.51,57
182,121,1,278.66,40.0977,55.5501,83.06,53.99
183,121,1,177.588,21.6115,5.54743,90.72,54.93
184,121,1,177.345,21.5517,5.71019,94.27,54.55
185,121,0,0,0,0,0,53.32
186,121,0,0,0,0,0,50.68
187,121,1,66.5348,15.5444,70.1478,90.9,51.72
188,121,1,66.6737,15.4767,70.0408,90.99,53.41
189,121,1,66.5306,15.4457,70.0941,86.67,55.06
190,121,1,66.6036,15.4955,70.0415,92.41,54.25
191,121,1,66.6993,15.4347,70.0531,87.27,52.6
192,121,1,66.7379,15.4712,69.8713,93.79,53.99
193,121,1,66.6177,15.5112,70.167,87.26,53.27
194,121,1,66.7228,15.4749,70.0366,92.15,53.64
195,121,1,66.4645,15.5369,70.1296,90.12,53.87
196,121,1,66.6836,15.4499,69.9394,94.71,54.04
197,121,1,66.5873,15.4889,70.1497,93.2,53.99
198,121,1,66.6384,15.5035,70.0887,94.01,53.69
199,121,1,66.5695,15.501,70.0193,86.4,54.12
200,121,1,66.605,15.4549,69.9614,85.19,54.02
201,121,1,66.6768,15.4217,69.9668,84.34,53.59
202,121,1,66.5303,15.4432,70.041,82.75,53.39
203,121,1,66.6503,15.4476,69.9584,90.25,54.62
204,121,1,66.6402,15.4506,69.9985,93.86,54.13
205,121,1,66.619,15.5072,70.0533,92.02,53.71
206,121,1,66.5745,15.4398,70.0151,94.24,53.46
207,121,1,66.6879,15.4556,69.961,86.11,53.38
208,121,1,66.4707,15.5468,70.1633,92.96,53.6
209,121,1,66.4713,15.497,70.1676,85.26,52.48
210,121,1,66.6189,15.456,70.0959,91.55,52.35
211,121,1,66.5251,15.4519,70.1705,93.45,53.32
212,121,1,66.4486,15.4307,70.14,87.18,53.82
213,121,1,66.528,15.4828,70.1393,85.78,54.39
214,121,1,66.7055,15.3982,69.9532,85.36,53.73
215,121,1,66.484,15.4655,70.176,94.94,53.42
216,121,1,66.6894,15.4427,69.95,93.31,54.18
217,121,1,66.5777,15.4629,70.0864,94.03,53.7
218,121,1,66.5804,15.439,70.0166,93.95,55.34
219,121,1,66.5068,15.4343,70.0383,93.77,53.79
220,121,1,66.5075,15.4583,70.1247,95.78,54.26
221,121,1,66.8397,15.4234,69.8775,87.12,55.11
222,121,1,66.3977,15.4534,70.2742,87.09,53.54
223,121,1,66.6472,15.3923,69.9948,86.16,54
224,121,1,66.5941,15.4201,70.1147,93.39,54.87
225,121,1,66.5838,15.4429,70.1309,94.28,53.99
226,121,1,66.544,15.4379,70.0765,93.15,54.38
227,121,1,66.6943,15.3845,69.9033,85.22,53.94
228,121,1,66.6351,15.3737,70.1679,84.97,52.34
229,121,1,66.6139,15.411,70.0244,84.28,50.65
230,121,0,0,0,0,0,51.36
231,121,1,186.958,38.8436,81.2953,87.01,54.09
232,121,1,187.017,38.7555,81.3196,94.82,55.29
233,121,1,187.024,38.7091,81.2826,93.86,57.17
234,121,1,187.039,38.8256,81.0334,85.92,57.16
235,121,1,186.999,38.8186,81.2757,91.9,57.44
236,121,1,186.956,38.7001,81.2803,94.14,57
237,121,1,187.078,38.7767,81.3135,95.05,57.89
238,121,1,187.078,38.8227,81.2362,94.28,57.01
239,121,1,186.845,38.8589,81.3322,93.97,57.12
240,121,0,0,0,0,0,52.14
241,121,1,66.4884,15.4373,70.1292,91.93,51.56
242,121,1,66.3629,15.4368,70.2744,94.32,52.87
243,121,1,66.3665,15.4116,70.3755,93,52.52
244,121,1,66.4735,15.3848,70.0979,94.54,53.07
245,121,1,66.4456,15.4165,70.1956,94.01,53.97
246,121,1,66.6693,15.3307,70.0448,86.72,53.59
247,121,1,66.3811,15.4573,70.2051,92.85,53.83
248,121,1,66.6797,15.3455,69.9724,83.75,53.12
249,121,1,66.2815,15.4166,70.4037,85.87,54.1
250,121,1,66.4053,15.3229,70.3227,82.36,51
251,121,2,346.968,43.9656,59.3574,91.4,52.01
252,121,2,346.664,44.2947,59.2796,89.86,54.65
253,121,2,346.734,44.6095,59.1667,69.97,46.64
254,121,0,0,0,0,0,35.42
255,121,0,0,0,0,0,35.53
0,122,0,0,0,0,0,35.6
1,122,0,0,0,0,0,33.25
2,122,0,0,0,0,0,33.57
3,122,0,0,0,0,0,53.01
4,122,1,42.7042,39.5429,75.3182,88.21,48.59
5,122,1,42.7789,39.603,75.1835,88.78,56.61
6,122,1,42.5999,39.5435,75.3352,88.71,57.19
7,122,1,42.7969,39.5743,75.1996,90.98,57.45
8,122,1,42.7764,39.5474,75.2586,90.87,57.97
9,122,1,42.8325,39.5689,75.169,90.13,57.42
10,122,1,42.7985,39.5584,75.2358,91.29,57.78
11,122,1,42.7795,39.5657,75.1334,90.82,58.41
12,122,1,42.9486,39.6939,75.0846,95.43,59.2
13,122,1,42.8763,39.677,75.1457,92.33,55.02
14,122,0,0,0,0,0,53.11
15,122,1,271.069,11.7257,76.8328,92.31,54.8
16,122,1,271.227,11.684,76.6269,93.72,54.2
17,122,1,271.117,11.761,76.7675,93.09,54.26
18,122,1,271.329,11.7276,76.6014,90.44,54.06
19,122,1,271.126,11.7144,76.7888,95.19,54.85
20,122,1,271.163,11.6956,76.7077,92.62,54.41
21,122,1,270.989,11.7543,76.8641,93.98,54.89
22,122,1,270.99,11.7256,76.8362,92.37,55.25
23,122,1,271.089,11.6832,76.8072,94.22,54.7
24,122,1,271.032,11.7455,76.8257,93.71,55.24
25,122,1,271.167,11.7871,76.7469,92.23,54.72
26,122,1,270.91,11.7304,76.897,94.5,54
27,122,1,271.245,11.7949,76.7993,92.32,54.91
28,122,1,271.166,11.7352,76.6571,90.89,54.51
29,122,1,271,11.7702,76.799,89.77,55.46
30,122,1,271.144,11.7384,76.6847,94.56,54.23
31,122,1,271.251,11.7476,76.6645,94.62,54.71
32,122,1,271.258,11.7638,76.6616,93.96,54.83
33,122,1,271.187,11.7417,76.7266,92.95,54.44
34,122,1,271.273,11.7809,76.6653,94.2,55.33
35,122,1,271.284,11.7825,76.5122,93.03,54.52
36,122,1,271.05,11.7227,76.7863,91.81,54.62
37,122,1,271.183,11.7613,76.6359,93.4,52.28
38,122,0,0,0,0,0,52.11
39,122,1,42.8228,39.7075,75.2261,94.3,55.95
40,122,1,42.8399,39.6953,75.2216,93.55,57.36
41,122,1,42.9024,39.7077,75.1211,93.5,56.95
42,122,1,42.7904,39.7131,75.2231,94.97,57.52
43,122,1,42.7728,39.7286,75.2389,93.59,57.02
44,122,1,42.6962,39.7022,75.2755,96.25,58.33
45,122,1,42.7013,39.6694,75.2841,93.02,57.33
46,122,1,42.8987,39.4951,75.1448,91.99,58.46
47,122,1,42.8234,39.7106,75.2608,93.15,57.74
48,122,1,42.9108,39.5685,75.0669,92.77,58.22
49,122,1,42.5741,39.5311,75.319,90.51,58.22
50,122,1,42.6442,39.7122,75.3078,94.21,54.45
51,122,1,271.189,11.7427,76.6259,86.71,52.21
52,122,1,271.368,11.8135,76.5544,89.94,53.43
53,122,1,271.228,11.7708,76.6287,81.52,51.22
54,122,1,155.243,38.6313,51.5873,85.95,52.43
55,122,1,155.153,38.6131,51.6117,91.43,55.73
56,122,1,155.292,38.6207,51.5262,91.17,56.63
57,122,1,155.122,38.6156,51.6231,90.64,55.88
58,122,1,155.299,38.6317,51.5496,91.53,56.19
59,122,1,155.256,38.612,51.5306,84.97,54.12
60,122,1,290.827,12.5635,62.3865,90.19,52.06
61,122,1,290.403,12.5781,62.7132,88.91,52.16
62,122,1,290.41,12.548,62.7054,92.41,52.58
63,122,1,290.327,12.5372,62.7132,90.87,52.53
64,122,1,290.327,12.5779,62.7396,90.82,52.15
65,122,1,290.311,12.5876,62.8344,91.22,53.4
66,122,1,290.343,12.569,62.7677,91.42,52.8
67,122,1,290.349,12.5703,62.7025,91.38,52.56
68,122,1,290.414,12.5981,62.6434,93.45,54.04
69,122,1,290.377,12.5733,62.7322,90.82,53.96
70,122,1,290.327,12.5627,62.7099,93.71,52.34
71,122,1,290.277,12.4851,62.8294,94.51,53.55
72,122,1,290.335,12.5741,62.7174,90.47,53.55
73,122,1,290.395,12.594,62.7604,92.8,52.89
74,122,1,290.467,12.6156,62.6855,94.88,53.57
75,122,1,290.378,12.58,62.6879,91.96,53.63
76,122,1,290.319,12.6114,62.8014,92.62,53.51
77,122,1,290.394,12.5921,62.7017,93.05,53.9
78,122,1,290.345,12.5507,62.637,91.63,52.54
79,122,1,290.386,12.5977,62.7342,90.44,52.64
80,122,1,290.356,12.5859,62.6799,94.09,54.02
81,122,1,290.272,12.6069,62.7572,95.37,53.84
82,122,1,290.358,12.6138,62.7399,92.31,53.11
83,122,1,290.309,12.5983,62.6959,90.52,52.55
84,122,1,290.374,12.5805,62.6747,93.36,53.46
85,122,1,290.257,12.6363,62.8385,92.49,53.59
86,122,1,290.514,12.6275,62.6658,92.73,54.08
87,122,1,290.29,12.6164,62.8074,88.32,53.77
88,122,1,290.386,12.5816,62.7154,91.02,52.37
89,122,1,290.361,12.6073,62.6995,91.88,52.73
90,122,1,290.401,12.6394,62.6442,92.51,53.6
91,122,1,290.255,12.6303,62.7507,93.75,53.3
92,122,1,290.342,12.5852,62.6941,91.71,53.66
93,122,1,290.401,12.6496,62.7919,95.6,53.24
94,122,1,290.201,12.6309,62.8783,94.04,53.81
95,122,1,290.304,12.6614,62.815,92.97,52.26
96,122,1,290.153,12.6739,63.0164,87.79,53.19
97,122,1,155.435,38.5474,51.3952,89.76,55.23
98,122,1,155.271,38.5547,51.4545,92.25,56.14
99,122,1,155.317,38.5662,51.4421,92.17,56.44
100,122,1,155.411,38.5831,51.3847,87.94,53.66
101,122,1,45.4613,19.5038,11.6191,92.46,55.92
102,122,1,45.4568,19.4727,11.5588,88.33,58.42
103,122,1,45.5177,19.4529,11.5597,87.06,58.27
104,122,1,45.6311,19.4609,11.52,92.5,57.96
105,122,1,45.5022,19.4115,11.6452,94.42,58.18
106,122,1,45.5128,19.5041,11.5147,93.93,57.96
107,122,1,45.4536,19.4315,11.66,95.31,58.54
108,122,1,45.4751,19.5211,11.3924,87.7,57.23
109,122,1,45.5279,19.4575,11.6208,94.12,57.65
110,122,1,45.4387,19.4477,11.5818,89.6,57.88
111,122,1,45.3845,19.4384,11.7099,93.94,58.39
112,122,1,45.4455,19.4883,11.5697,92.83,57.71
113,122,1,45.4751,19.4528,11.6675,95.54,57.62
114,122,1,45.5635,19.447,11.5641,94.36,58.07
115,122,1,45.3909,19.5021,11.5901,93.98,57.88
116,122,1,45.2374,19.4479,11.8303,86.57,58.66
117,122,1,45.5307,19.4547,11.5322,96.44,57.95
118,122,1,45.4814,19.4723,11.5859,94.01,57.73
119,122,1,45.4422,19.4122,11.6484,94.08,58.5
120,122,1,45.516,19.4586,11.5473,94.86,57.55
121,122,1,45.3824,19.439,11.6836,87.46,57.92
122,122,1,45.448,19.4106,11.6295,89.83,58.42
123,122,1,45.5749,19.4534,11.536,94.19,58.24
124,122,1,45.4333,19.4833,11.5806,94.32,57.44
125,122,1,45.4469,19.3908,11.6266,88,58.81
126,122,1,45.4445,19.4482,11.5603,92.96,58.15
127,122,1,45.4559,19.4144,11.7523,93.25,57.47
128,122,1,45.3707,19.447,11.7204,94.17,57.7
129,122,1,45.4207,19.4326,11.7606,94.89,57.32
130,122,1,45.9499,19.0343,11.1623,84.57,56.13
131,122,0,0,0,0,0,55.81
132,122,0,0,0,0,0,56.7
133,122,0,0,0,0,0,55.53
134,122,0,0,0,0,0,56.37
135,122,0,0,0,0,0,57.52
136,122,0,0,0,0,0,57.82
137,122,1,273.801,48.9682,47.7883,85.66,57.91
138,122,1,273.872,48.965,47.753,93.12,59.25
139,122,1,273.873,48.992,47.7387,93.6,58.42
140,122,1,273.883,48.9903,47.7519,92.51,59.33
141,122,1,273.949,49.0047,47.7306,90.29,59.41
142,122,1,273.887,48.979,47.6971,93.05,60.16
143,122,1,273.88,49.0015,47.7228,91.29,60.24
144,122,1,273.88,48.9944,47.7273,94.14,59.17
145,122,1,273.906,49.0024,47.7402,92.78,60.57
146,122,1,273.96,49.063,47.758,90.32,60.03
147,122,1,273.893,49.0081,47.7284,91.76,59.58
148,122,1,273.973,48.9709,47.7103,90.11,59.93
149,122,1,273.935,49.0659,47.7597,87.56,60.42
150,122,1,274.024,49.0134,47.7476,89.01,61.14
151,122,1,273.968,49.0288,47.6613,88.41,60.92
152,122,1,273.902,48.9616,47.6438,89.79,60.98
153,122,1,273.964,48.9701,47.6934,89.53,60.76
154,122,1,273.907,49.0084,47.6668,88.9,61.27
155,122,1,273.977,49.0419,47.6913,88.43,60.54
156,122,1,273.908,48.969,47.5737,88.54,60.33
157,122,1,273.968,49.0073,47.6764,88.7,61.19
158,122,1,273.936,49.0157,47.6381,89.72,60.69
159,122,1,273.919,48.9983,47.6864,96.91,61.17
160,122,1,273.893,49.0201,47.6844,88.68,61.72
161,122,1,273.88,49.0274,47.6683,88.72,61.35
162,122,1,274.018,49.0386,47.7152,89.9,60.9
163,122,1,274.04,48.9957,47.6981,95.12,61.25
164,122,1,273.949,49.0421,47.6931,96.16,61.08
165,122,1,273.979,49.0057,47.7224,89.97,60.81
166,122,1,273.965,49.0256,47.7384,87.89,61.61
167,122,1,273.99,49.0083,47.7375,88.11,61.88
168,122,1,273.938,48.9833,47.7281,88.12,61.91
169,122,1,273.841,48.9966,47.7075,88.31,60.5
170,122,1,273.964,48.9036,47.7949,87.87,60.33
171,122,1,273.931,49.0792,47.721,94.56,58.58
172,122,0,0,0,0,0,55.53
173,122,0,0,0,0,0,52.31
174,122,0,0,0,0,0,52.83
175,122,0,0,0,0,0,54.95
176,122,0,0,0,0,0,53.59
177,122,0,0,0,0,0,54.36
178,122,0,0,0,0,0,53.81
179,122,0,0,0,0,0,54.67
180,122,0,0,0,0,0,54.7
181,122,0,0,0,0,0,53.38
182,122,0,0,0,0,0,51.77
183,122,0,0,0,0,0,52.9
184,122,0,0,0,0,0,50.7
185,122,1,66.4741,15.5608,70.2026,83.26,51.56
186,122,1,66.5157,15.5005,70.23,91.73,52.07
187,122,1,66.6194,15.4915,70.086,92.68,53.34
188,122,1,66.8362,15.4454,69.8582,93.45,53.26
189,122,1,66.8127,15.4409,69.8245,93.93,53.76
190,122,1,66.7428,15.4378,69.9135,94.66,53.89
191,122,1,66.7295,15.4325,69.9673,91.76,53.82
192,122,1,66.6855,15.4787,70.0296,94.72,53.66
193,122,1,66.8811,15.4275,69.7931,83.63,54.28
194,122,1,66.6556,15.5149,69.9937,91.59,54.19
195,122,1,66.6745,15.4968,70.0439,84.71,54.08
196,122,1,66.5473,15.5157,70.0904,94.03,53.9
197,122,1,66.685,15.4778,69.9734,91.99,53.2
198,122,1,66.526,15.5132,70.107,92.4,54.97
199,122,1,66.6291,15.4685,70.1293,93.45,54.07
200,122,1,66.6044,15.5165,70.028,93.08,53.74
201,122,1,66.6858,15.4673,70.0241,84.33,52.83
202,122,1,66.8138,15.3946,69.927,91.49,53.83
203,122,1,66.5359,15.4961,70.1185,94.03,53.5
204,122,1,66.6093,15.4576,69.9758,90.39,54.28
205,122,1,66.6588,15.4255,69.9732,94.39,53.98
206,122,1,66.7246,15.4261,69.9593,84.97,53.48
207,122,1,66.6592,15.4836,70.0624,92.75,54.28
208,122,1,66.6686,15.4329,69.9835,94.87,53.7
209,122,1,66.5106,15.5004,70.0016,92.78,54.81
210,122,1,66.7079,15.4432,70.0343,91.1,52.37
211,122,1,66.6518,15.4735,70.043,93.4,53.84
212,122,1,66.5538,15.4981,70.0265,92.54,53.93
213,122,1,66.5458,15.4605,70.1552,92.42,52.89
214,122,1,66.4966,15.4592,70.1734,91.64,54.16
215,122,1,66.5018,15.4758,70.1693,93.24,53.93
216,122,1,66.517,15.4248,70.1812,86.39,53.57
217,122,1,66.5679,15.4636,70.1118,94.51,54.1
218,122,1,66.3963,15.4569,70.2391,85.27,54.77
219,122,1,66.7523,15.3733,69.9514,83.93,54.22
220,122,1,66.5958,15.414,69.9791,93.2,53.49
221,122,1,66.8232,15.4409,69.773,84.56,54.87
222,122,1,66.6195,15.4087,69.9908,91.89,53.92
223,122,1,66.4918,15.4445,70.2021,93.25,53.91
224,122,1,66.4715,15.4247,70.1252,91.47,53.71
225,122,1,66.5576,15.4461,70.0705,92.92,53.74
226,122,1,66.6424,15.3628,70.0737,84.4,53.62
227,122,1,66.5043,15.4365,70.1801,90.54,53.12
228,122,1,66.7966,15.4219,69.9766,93.21,54.39
229,122,1,66.6051,15.462,70.0554,93.4,52.76
230,122,1,66.6857,15.3867,69.8847,89.23,51.5
231,122,0,0,0,0,0,51.29
232,122,0,0,0,0,0,51.99
233,122,1,186.798,38.8018,81.3815,82.63,54.42
234,122,1,186.908,38.8172,81.3346,92.16,54.63
235,122,1,187.108,38.7342,81.2659,93.83,57.52
236,122,1,187.015,38.7883,81.3289,93.04,56.98
237,122,1,186.841,38.8265,81.3764,92.2,57.54
238,122,1,186.947,38.7599,81.2927,92.48,56.56
239,122,1,186.959,38.8472,81.2769,92.14,56.42
240,122,1,187.112,38.7853,81.2036,87.18,54.08
241,122,1,66.4233,15.4257,70.3034,91.81,52.07
242,122,1,66.4931,15.4221,70.1496,92.99,52.81
243,122,1,66.5851,15.3806,70.1578,90.31,54.2
244,122,1,66.4531,15.4231,70.1642,92.63,52.98
245,122,1,66.4961,15.4021,70.1527,93.6,53.06
246,122,1,66.2328,15.4686,70.3358,86.19,53.49
247,122,1,66.3429,15.4299,70.2932,92.03,53.48
248,122,1,66.5265,15.3454,70.1273,94.22,53.43
249,122,1,66.3966,15.4242,70.2252,92.35,53.79
250,122,1,66.5704,15.3257,70.1329,90.56,51.98
251,122,0,0,0,0,0,48.38
252,122,2,346.611,44.2954,59.296,92.17,53.44
253,122,2,346.238,44.2263,59.4675,86.05,47.8
254,122,0,0,0,0,0,35.68
255,122,0,0,0,0,0,34.93
0,123,0,0,0,0,0,34.69
1,123,0,0,0,0,0,32.49
2,123,0,0,0,0,0,32.16
3,123,0,0,0,0,0,53.66
4,123,1,42.8163,39.6241,75.0587,91.31,49.36
5,123,1,42.6725,39.5951,75.4261,88.35,55.88
6,123,1,42.8075,39.5599,75.2058,91.42,57.17
7,123,1,42.809,39.6078,75.1503,90.23,57.51
8,123,1,42.8632,39.5529,75.1934,90.77,57.89
9,123,1,42.8591,39.7739,75.167,94.61,57.84
10,123,1,42.8214,39.5605,75.2077,91.59,57.78
11,123,1,42.999,39.5979,74.8981,92.5,58.04
12,123,1,42.8438,39.483,75.1464,89.9,59.03
13,123,1,42.9503,39.6615,75.1616,92.5,56.86
14,123,0,0,0,0,0,53.97
15,123,1,271.098,11.6995,76.8473,93.62,52.92
16,123,1,271.023,11.65,76.8456,91.93,54.41
17,123,1,271.026,11.7024,76.7891,92.36,54.16
18,123,1,271.187,11.7152,76.7266,95.63,54.45
19,123,1,271.118,11.7164,76.7858,92.81,55.13
20,123,1,271.071,11.7074,76.7407,91.03,55.48
21,123,1,271.105,11.7051,76.8008,91.75,54.31
22,123,1,271.109,11.7094,76.7581,90.91,54.66
23,123,1,270.843,11.6913,76.9614,92.51,54.99
24,123,1,270.947,11.7259,76.8744,85.56,55.09
25,123,1,270.98,11.7229,76.8591,93.31,55.64
26,123,1,271.018,11.7394,76.9223,94.08,55.08
27,123,1,271.083,11.7356,76.8053,93.27,54.34
28,123,1,271.104,11.7424,76.7714,92.52,54.87
29,123,1,271.145,11.7351,76.802,96.93,54.98
30,123,1,271.237,11.7806,76.6563,90.58,54.87
31,123,1,271.291,11.8044,76.6702,92.08,54.96
32,123,1,271.19,11.7466,76.6668,94.14,54.92
33,123,1,271.431,11.7803,76.3959,93.35,55.28
34,123,1,271.235,11.7938,76.7576,91.89,55.12
35,123,1,271.051,11.7307,76.765,91.03,54.97
36,123,1,271.186,11.7175,76.6778,92.11,54.41
37,123,1,271.322,11.7651,76.6204,95.17,54.07
38,123,1,270.932,11.7231,76.808,83.79,52.71
39,123,1,42.6669,39.7094,75.2816,92.76,55.45
40,123,1,42.8105,39.7253,75.2576,92.73,57.81
41,123,1,42.8686,39.6866,75.2637,91.39,56.74
42,123,1,42.7251,39.7096,75.2644,92.71,57.33
43,123,1,42.7098,39.5139,75.3065,89.59,57.25
44,123,1,42.7539,39.6994,75.271,91.53,57.72
45,123,1,42.6515,39.5068,75.3089,90.59,57.79
46,123,1,42.6575,39.4973,75.3418,89.32,57.42
47,123,1,42.6786,39.504,75.3375,91.09,57.88
48,123,1,42.7202,39.689,75.2651,92.73,58.33
49,123,1,42.8793,39.5536,75.0558,92.18,58.08
50,123,1,42.7127,39.7047,75.281,94.01,57.55
51,123,0,0,0,0,0,53.56
52,123,1,271.25,11.7056,76.6749,95.59,50.06
53,123,1,155.2,38.6396,51.5868,84.59,51.89
54,123,1,155.086,38.6144,51.6042,94.38,55.41
55,123,1,155.157,38.6336,51.5987,92.17,56.25
56,123,1,155.189,38.657,51.5793,89.55,54.93
57,123,1,155.215,38.6357,51.565,90.55,55.62
58,123,1,155.292,38.6264,51.5028,89.27,53.81
59,123,0,0,0,0,0,50.95
60,123,1,290.454,12.5497,62.5577,89.35,51.17
61,123,1,290.463,12.5618,62.6386,90.35,53.14
62,123,1,290.369,12.5404,62.6149,90.64,51.94
63,123,1,290.313,12.5439,62.7483,91.92,53.36
64,123,1,290.342,12.5483,62.7324,93.44,52.73
65,123,1,290.376,12.5894,62.6796,91.49,52.11
66,123,1,290.38,12.5483,62.658,92.68,52.58
67,123,1,290.371,12.5854,62.7122,91.53,52.22
68,123,1,290.332,12.5517,62.7592,92.86,52.45
69,123,1,290.384,12.5969,62.7775,94.09,54.69
70,123,1,290.359,12.5744,62.6896,90.81,53.1
71,123,1,290.422,12.5786,62.6815,92.63,53.04
72,123,1,290.354,12.5757,62.7315,89.03,53.03
73,123,1,290.406,12.5505,62.6247,90.29,53.27
74,123,1,290.41,12.5791,62.6657,91.99,53.14
75,123,1,290.377,12.5574,62.659,92.76,52.52
76,123,1,290.377,12.6273,62.7561,92.57,53.42
77,123,1,290.404,12.5493,62.6422,95.05,53.37
78,123,1,290.431,12.5867,62.7239,90.13,53.18
79,123,1,290.229,12.573,62.8415,90.57,53.3
80,123,1,290.383,12.5901,62.7581,91.69,52.31
81,123,1,290.291,12.5661,62.7429,88.76,52.84
82,123,1,290.275,12.598,62.7854,88.84,52.69
83,123,1,290.381,12.6272,62.6997,90.56,54.06
84,123,1,290.372,12.6082,62.6645,92.26,53.83
85,123,1,290.298,12.5907,62.7485,90.53,53.04
86,123,1,290.399,12.6645,62.7809,93.64,53.31
87,123,1,290.34,12.5952,62.6849,92.79,52.48
88,123,1,290.407,12.6413,62.7067,91.23,53.39
89,123,1,290.278,12.5901,62.6862,92.09,52.97
90,123,1,290.326,12.6177,62.7111,90.23,52.8
91,123,1,290.278,12.6175,62.7114,94.49,53.9
92,123,1,290.338,12.6188,62.7239,94.3,52.69
93,123,1,290.201,12.6393,62.9501,93.92,54.2
94,123,1,290.347,12.6622,62.7996,91.49,53.3
95,123,1,290.411,12.6537,62.7155,93.32,52.93
96,123,0,0,0,0,0,53.1
97,123,1,155.23,38.5856,51.4944,91.04,54.47
98,123,1,155.361,38.5696,51.4337,92.67,55.99
99,123,1,155.356,38.5871,51.4407,94.07,56.41
100,123,1,155.272,38.5857,51.4349,92.53,54.82
101,123,1,45.5928,19.4778,11.542,93.21,56.82
102,123,1,45.5292,19.4625,11.5366,95.65,57.08
103,123,1,45.4932,19.5111,11.5463,96.22,57.95
104,123,1,45.5441,19.4727,11.5609,94.77,56.66
105,123,1,45.466,19.4466,11.6299,85.88,58.3
106,123,1,45.4221,19.4857,11.6801,95.31,57.45
107,123,1,45.5038,19.4881,11.5594,93.23,57.44
108,123,1,45.4525,19.4861,11.6605,92.77,57.96
109,123,1,45.4412,19.4957,11.623,97.01,57.83
110,123,1,45.5061,19.5047,11.3941,89.25,57.72
111,123,1,45.5786,19.4584,11.5882,93.75,57.45
112,123,1,45.3264,19.5212,11.6819,95.01,57.81
113,123,1,45.4764,19.4594,11.6789,93.47,58.59
114,123,1,45.431,19.4617,11.5708,86.82,58.14
115,123,1,45.424,19.4248,11.6139,94.16,58.12
116,123,1,45.5149,19.4437,11.5637,96.19,58.18
117,123,1,45.4873,19.4104,11.6777,93.65,58.25
118,123,1,45.6055,19.4331,11.5398,92.92,58.01
119,123,1,45.4387,19.4333,11.5577,87.52,58.7
120,123,1,45.3595,19.4815,11.7138,96.35,57.79
121,123,1,45.4063,19.4076,11.7371,94.93,58.91
122,123,1,45.3428,19.4992,11.7344,96.43,58.37
123,123,1,45.4241,19.3889,11.6975,94.99,58.07
124,123,1,45.3133,19.4088,11.7978,93.35,58.59
125,123,1,45.3917,19.3972,11.6822,88.48,58.56
126,123,1,45.3908,19.4104,11.7383,88.42,59.22
127,123,1,45.4621,19.3939,11.7404,95.98,58.98
128,123,1,45.3768,19.4153,11.6891,88.8,58.91
129,123,1,45.3545,19.4681,11.692,94.12,57.25
130,123,1,45.3924,19.3883,11.7246,86.57,58.06
131,123,1,45.3304,19.481,11.6867,95.05,56.6
132,123,1,45.3541,19.4967,11.5882,93.72,56.47
133,123,1,45.3515,19.444,11.7647,93.43,57
134,123,1,45.2561,19.5004,11.8413,87.72,56.18
135,123,0,0,0,0,0,56.34
136,123,0,0,0,0,0,56.73
137,123,0,0,0,0,0,55.31
138,123,0,0,0,0,0,56.67
139,123,0,0,0,0,0,56.46
140,123,0,0,0,0,0,56.08
141,123,0,0,0,0,0,55.91
142,123,1,273.836,48.9748,47.7962,82.77,55.96
143,123,0,0,0,0,0,56.99
144,123,0,0,0,0,0,56.09
145,123,0,0,0,0,0,57.3
146,123,0,0,0,0,0,57.26
147,123,1,273.916,49.0088,47.7105,84.23,57.7
148,123,1,273.85,49.0068,47.7591,84.31,57.59
149,123,1,273.902,48.9952,47.7485,90.78,57.4
150,123,1,273.832,48.9835,47.7201,92.82,57.78
151,123,1,273.967,49.0282,47.7199,91.93,57.58
152,123,1,273.92,49.0188,47.7382,95.04,58.12
153,123,1,273.969,49.0322,47.7149,92.39,58.01
154,123,1,273.933,49.0319,47.7138,91.61,58.31
155,123,1,273.91,49.0387,47.7156,91.72,59.17
156,123,1,273.902,49.0333,47.7029,93.6,58.15
157,123,1,273.827,49.0185,47.7095,93.83,59.51
158,123,1,273.882,49.0361,47.7035,94.67,59.76
159,123,1,273.985,49.0666,47.7028,93.68,59.31
160,123,1,273.874,49.0315,47.7169,91.51,59.16
161,123,1,273.976,48.9903,47.65,88.19,60.52
162,123,1,273.853,48.9822,47.6811,88.35,59.96
163,123,1,273.886,48.9965,47.6831,88.87,59.88
164,123,1,273.969,49.0335,47.6586,90.27,60.1
165,123,1,274.001,49.0057,47.6568,90.08,61.16
166,123,1,273.988,48.9753,47.7105,89.85,61.03
167,123,1,273.834,48.9877,47.6881,95.44,59.72
168,123,1,273.919,48.9628,47.7506,86.72,59.38
169,123,1,273.872,48.9998,47.7357,91.5,59.27
170,123,1,273.907,49.0094,47.735,92.1,58.47
171,123,1,274.026,49.0627,47.6638,83.55,54.38
172,123,0,0,0,0,0,51.82
173,123,1,160.824,22.1221,57.0527,92.55,52.47
174,123,1,160.763,22.1231,57.082,87.17,52.62
175,123,1,160.889,22.101,57.0612,89.68,53.89
176,123,1,160.994,22.1334,56.9596,92.38,52.77
177,123,1,160.856,22.1269,57.0363,90.13,52.95
178,123,1,161.028,22.1102,56.9728,88.16,52.34
179,123,1,160.891,22.1187,57.0155,89.67,52.19
180,123,1,160.815,22.1569,57.0274,89.63,52.87
181,123,1,160.676,22.1115,57.1427,95.83,52.99
182,123,1,160.782,22.1258,57.0125,92.91,52.57
183,123,1,161.099,22.1096,56.9191,84.89,52.13
184,123,0,0,0,0,0,47.77
185,123,1,66.6638,15.5456,69.9453,92.59,50.34
186,123,1,66.5828,15.5137,70.0752,86.98,53.66
187,123,1,66.8595,15.4626,69.8692,92.79,53.66
188,123,1,66.5832,15.4979,70.1484,92.69,54.13
189,123,1,66.8403,15.3727,69.9061,85.79,52.66
190,123,1,66.7305,15.4405,69.8704,95.45,52.92
191,123,1,66.7617,15.4227,69.9413,92.28,53.58
192,123,1,66.5552,15.517,70.0819,86.44,54.03
193,123,1,66.643,15.4623,69.9078,86.25,54.2
194,123,1,66.7868,15.4452,69.9084,94.86,53.5
195,123,1,66.7711,15.4618,69.8537,93.41,54.37
196,123,1,66.5919,15.4778,70.0142,93.36,53.71
197,123,1,66.4931,15.5293,70.1537,85.63,53.61
198,123,1,66.5498,15.5201,70.1321,93.08,54.32
199,123,1,66.5829,15.4872,70.0556,93.11,53.86
200,123,1,66.6144,15.4906,70.0194,91.97,53.28
201,123,1,66.7359,15.4702,69.9577,92.98,52.99
202,123,1,66.5427,15.4956,70.1116,92.04,54.02
203,123,1,66.74,15.4514,69.9145,94.32,54.1
204,123,1,66.4796,15.5289,70.2231,86.28,54.25
205,123,1,66.6037,15.4751,70.0687,94.34,54.75
206,123,1,66.5847,15.4804,70.1123,93.75,53.42
207,123,1,66.6766,15.4149,69.9652,86.42,53.64
208,123,1,66.7124,15.3913,69.9443,84.27,54.64
209,123,1,66.6157,15.4657,70.1202,93.08,53.96
210,123,1,66.6789,15.4532,69.9912,93.31,54.8
211,123,1,66.4737,15.4799,70.2085,93.92,54.62
212,123,1,66.4401,15.485,70.1526,86.53,54.58
213,123,1,66.7983,15.3743,69.9271,86.17,54.34
214,123,1,66.5929,15.4522,70.153,84.25,53.3
215,123,1,66.6344,15.4681,70.0648,93.61,53.43
216,123,1,66.5264,15.4617,70.1318,93.08,54.21
217,123,1,66.512,15.4127,70.1056,88.71,53.35
218,123,1,66.697,15.4319,69.9208,95.72,54.33
219,123,1,66.533,15.4518,70.0498,93.04,54.33
220,123,1,66.5503,15.4735,70.029,92.39,54.29
221,123,1,66.5553,15.4719,70.049,93.02,54.64
222,123,1,66.5951,15.3921,70.0203,88.65,53.58
223,123,1,66.4829,15.4093,70.0367,87.29,53.35
224,123,1,66.4896,15.4081,70.1277,85.01,53.56
225,123,1,66.6143,15.3751,70.0596,92.83,54.14
226,123,1,66.7477,15.4015,69.8985,93.77,53.81
227,123,1,66.513,15.4617,70.1037,92.98,53.61
228,123,1,66.5939,15.4287,70.0798,93.66,53.44
229,123,1,66.736,15.3943,69.9272,93.94,54.4
230,123,1,66.5527,15.4584,70.0358,93.02,53.98
231,123,1,66.4828,15.4243,70.2431,91.19,52.13
232,123,1,66.5582,15.4054,70.0796,86.24,51.89
233,123,0,0,0,0,0,52.73
234,123,0,0,0,0,0,51.97
235,123,0,0,0,0,0,53.3
236,123,1,187.143,38.8307,81.2233,91.47,54.91
237,123,1,187,38.6882,81.2637,95.08,56.37
238,123,1,186.901,38.8779,81.3311,93.62,55.97
239,123,1,186.988,38.8489,81.2746,93.09,56.33
240,123,1,187.08,38.8535,81.275,92.62,53.6
241,123,1,66.6098,15.3988,69.9195,87.02,52.59
242,123,1,66.7112,15.3604,69.8787,84.63,52.88
243,123,1,66.4677,15.3586,70.2439,93.05,53.21
244,123,1,66.5701,15.3784,69.9983,83.39,53.45
245,123,1,66.28,15.4525,70.3276,86.15,54.06
246,123,1,66.5056,15.4037,70.2707,92.94,53.43
247,123,1,66.4089,15.4278,70.1796,93.22,53.16
248,123,1,66.3819,15.432,70.2353,93.99,53.33
249,123,1,66.4865,15.4047,70.1881,95.04,54.63
250,123,1,66.597,15.3588,70.0392,91.88,52.62
251,123,0,0,0,0,0,48.36
252,123,2,346.663,44.4109,59.3569,88.74,53.32
253,123,2,346.338,44.1863,59.5269,82.07,48.35
254,123,0,0,0,0,0,36.16
255,123,0,0,0,0,0,34.89
0,124,0,0,0,0,0,35.28
1,124,0,0,0,0,0,32.76
2,124,0,0,0,0,0,34.31
3,124,0,0,0,0,0,35.38
4,124,1,43.0062,39.6153,74.9149,90.05,48.06
5,124,1,42.8279,39.5954,75.168,86.88,56.41
6,124,1,42.5131,39.5954,75.4029,87.76,57.72
7,124,1,42.7787,39.546,75.2348,89.86,58.14
8,124,1,42.7789,39.5246,75.2298,89.54,57.4
9,124,1,42.5886,39.5918,75.3403,89.54,57.36
10,124,1,42.9982,39.5401,75.0329,91.75,58.57
11,124,1,42.6715,39.5861,75.3023,87.74,57.99
12,124,1,42.8247,39.4718,75.124,88.8,57.92
13,124,1,42.6768,39.4644,75.3543,89.97,57.58
14,124,1,42.8053,39.7294,75.1727,95.22,56.11
15,124,0,0,0,0,0,52.62
16,124,1,271.139,11.6924,76.7236,92.48,53.59
17,124,1,271.172,11.7772,76.8217,90.05,55.32
18,124,1,271.117,11.674,76.6853,92.97,54.18
19,124,1,270.942,11.7238,76.8475,91.14,54.72
20,124,1,271.195,11.7336,76.765,92.47,55.11
21,124,1,270.986,11.7503,76.77,89.14,54.97
22,124,1,271.039,11.6913,76.7784,92.77,53.53
23,124,1,271.057,11.7186,76.8376,91.61,54.09
24,124,1,271.054,11.7102,76.8406,93.07,54.08
25,124,1,271.045,11.7078,76.813,91.7,54.45
26,124,1,271.138,11.7206,76.7755,92.9,55.33
27,124,1,271.216,11.7399,76.6467,93.08,55.66
28,124,1,271.097,11.7015,76.6865,91.09,53.79
29,124,1,271.014,11.7554,76.8638,95.33,54.97
30,124,1,271.013,11.8209,76.9436,89.24,55.03
31,124,1,271.045,11.7323,76.7789,92.75,55.29
32,124,1,271.124,11.7131,76.68,94.29,54.96
33,124,1,271.058,11.7445,76.7623,92.78,55.18
34,124,1,271.178,11.7335,76.6646,93.47,54.58
35,124,1,271.054,11.723,76.792,94.25,54.8
36,124,1,271.226,11.7506,76.6417,94.37,55.6
37,124,1,271.215,11.827,76.7246,91.81,54.55
38,124,1,271.026,11.7149,76.7714,92.06,52.98
39,124,0,0,0,0,0,51.89
40,124,1,42.7851,39.7029,75.2134,93.24,56.4
41,124,1,42.733,39.7322,75.2363,93.39,57.09
42,124,1,42.8353,39.67,75.2605,95.52,57.94
43,124,1,42.8078,39.7177,75.2593,90.17,57.47
44,124,1,42.8577,39.5228,75.0989,92.86,57.89
45,124,1,42.8367,39.4763,75.1688,87.96,57.66
46,124,1,42.8471,39.5261,75.0908,91.77,57.72
47,124,1,42.5944,39.7699,75.3628,93.15,56.51
48,124,1,42.9176,39.5477,75.0742,89.76,57.49
49,124,1,42.6344,39.4913,75.3529,92.47,57.66
50,124,1,42.5553,39.4381,75.4064,87.92,57.94
51,124,1,42.7346,39.7077,75.2727,92.29,54.15
52,124,0,0,0,0,0,49.52
53,124,1,155.174,38.6335,51.6019,92.14,54.57
54,124,1,155.111,38.6413,51.5993,92.29,55.86
55,124,1,155.199,38.6407,51.5608,92.09,55.77
56,124,1,155.278,38.6067,51.5499,93.2,56.07
57,124,1,155.329,38.6092,51.5278,89.06,54.56
58,124,0,0,0,0,0,52.71
59,124,1,290.489,12.5901,62.6233,92.17,51.26
60,124,1,290.412,12.5455,62.7009,91.42,52.36
61,124,1,290.424,12.5772,62.7363,91.43,51.88
62,124,1,290.418,12.583,62.7106,90.61,53.85
63,124,1,290.358,12.5553,62.6964,93.55,52.15
64,124,1,290.441,12.5385,62.623,92.9,52.68
65,124,1,290.367,12.5343,62.6926,91.24,51.88
66,124,1,290.361,12.5791,62.7091,93.36,53.84
67,124,1,290.397,12.5599,62.7056,95.38,52.38
68,124,1,290.341,12.5747,62.7682,91.62,53.36
69,124,1,290.242,12.5859,62.9041,92.88,52.9
70,124,1,290.357,12.5488,62.6987,92.32,52.85
71,124,1,290.33,12.5727,62.6727,91.84,52.58
72,124,1,290.396,12.5797,62.6917,92.03,52.2
73,124,1,290.5,12.6012,62.5863,90.45,53.49
74,124,1,290.328,12.598,62.7535,91.35,52.84
75,124,1,290.386,12.592,62.7325,90.43,52.45
76,124,1,290.389,12.593,62.6949,90.71,51.89
77,124,1,290.357,12.5776,62.7317,91.58,52.75
78,124,1,290.151,12.5994,62.9358,92.52,53.86
79,124,1,290.408,12.5849,62.7112,92.25,53.24
80,124,1,290.374,12.6242,62.7295,89.44,53.58
81,124,1,290.301,12.58,62.7669,92.34,53.87
82,124,1,290.342,12.592,62.741,90.76,51.92
83,124,1,290.393,12.6017,62.726,91.35,52.72
84,124,1,290.419,12.6003,62.6775,89.51,52.54
85,124,1,290.313,12.6304,62.759,89.14,53.03
86,124,1,290.345,12.6549,62.8009,94.47,53.7
87,124,1,290.167,12.6294,62.8877,93.28,53.47
88,124,1,290.381,12.6265,62.7369,91.86,53.52
89,124,1,290.289,12.6195,62.8445,90.8,53.95
90,124,1,290.33,12.6385,62.8301,92.86,52.77
91,124,1,290.287,12.6458,62.8431,93.15,53.67
92,124,1,290.342,12.5969,62.6948,95.29,52.73
93,124,1,290.248,12.6644,62.8971,91.56,53.98
94,124,1,290.311,12.642,62.7756,92.61,53.16
95,124,1,290.217,12.6525,62.7985,92.09,52.17
96,124,0,0,0,0,0,54.24
97,124,1,155.207,38.6079,51.4795,90.93,55.31
98,124,1,155.345,38.5769,51.4252,91.94,57.37
99,124,1,155.33,38.5851,51.4533,91.46,56.22
100,124,1,155.348,38.5783,51.3944,90.07,55.16
101,124,1,45.7122,19.4617,11.4603,94.21,56.5
102,124,1,45.5436,19.4928,11.5106,94.39,57.38
103,124,1,45.5437,19.4799,11.5429,95.66,58.1
104,124,1,45.4514,19.4537,11.6241,87.58,58.24
105,124,1,45.5137,19.458,11.5597,94.9,58.77
106,124,1,45.4802,19.5142,11.5045,94.42,58
107,124,1,45.4319,19.5113,11.6872,95.25,57.32
108,124,1,45.5734,19.4584,11.5204,94.69,57.88
109,124,1,45.4631,19.4833,11.625,95.8,57.41
110,124,1,45.5262,19.4853,11.5446,96.46,57.84
111,124,1,45.4411,19.4767,11.5974,87.86,57.77
112,124,1,45.4239,19.4417,11.6272,87.59,59.05
113,124,1,45.4672,19.3928,11.675,94.27,58.09
114,124,1,45.4445,19.4543,11.5348,86.83,58.04
115,124,1,45.5843,19.4143,11.5927,95.02,58.5
116,124,1,45.4561,19.437,11.6377,86.22,58.33
117,124,1,45.4001,19.4636,11.7596,93.56,57.89
118,124,1,45.6122,19.4149,11.5661,92.16,58.41
119,124,1,45.4639,19.4584,11.5651,95.62,58.49
120,124,1,45.4887,19.4275,11.6255,87.97,58.15
121,124,1,45.3678,19.4712,11.6554,95.85,58.38
122,124,1,45.5085,19.4391,11.5873,95.4,58.27
123,124,1,45.5531,19.4434,11.5007,95.05,58.08
124,124,1,45.4173,19.4403,11.6035,94.5,58.07
125,124,1,45.402,19.4512,11.6527,88.17,58.2
126,124,1,45.4939,19.4377,11.6578,95.35,57.26
127,124,1,45.3172,19.4669,11.8071,96.78,57.59
128,124,1,45.3269,19.4307,11.7403,86.95,58.4
129,124,1,45.4323,19.3818,11.6881,96.52,58.63
130,124,1,45.3515,19.4659,11.6414,89.22,58.3
131,124,1,45.4457,19.4183,11.7211,94.56,57.94
132,124,1,45.346,19.4506,11.727,97.12,57.53
133,124,1,45.3743,19.406,11.7128,93.87,57.87
134,124,1,45.3701,19.4208,11.6862,95.64,58.63
135,124,1,45.4355,19.4451,11.5685,94.42,57.68
136,124,1,45.3545,19.4109,11.7514,95.64,57.65
137,124,1,45.411,19.424,11.6824,94.75,58.05
138,124,1,45.4337,19.4397,11.6239,95.06,57.86
139,124,1,45.279,19.4105,11.8305,94.07,57.5
140,124,1,45.2117,19.4553,11.7966,93.63,56.11
141,124,1,45.3305,19.454,11.6387,95.07,56.27
142,124,1,45.2718,19.4567,11.7454,94.93,57.33
143,124,1,45.2147,19.4648,11.8307,88.27,55.98
144,124,1,45.2087,19.4669,11.7725,85.96,56.12
145,124,1,45.2324,19.4522,11.7826,92.09,55.45
146,124,1,45.1895,19.4744,11.7931,87.43,55.43
147,124,0,0,0,0,0,56.38
148,124,0,0,0,0,0,55.6
149,124,0,0,0,0,0,55.95
150,124,0,0,0,0,0,55.4
151,124,0,0,0,0,0,56.86
152,124,0,0,0,0,0,55.41
153,124,0,0,0,0,0,55.21
154,124,0,0,0,0,0,54.96
155,124,0,0,0,0,0,55.93
156,124,0,0,0,0,0,56.74
157,124,0,0,0,0,0,56.14
158,124,0,0,0,0,0,56.76
159,124,0,0,0,0,0,56.85
160,124,0,0,0,0,0,55.74
161,124,0,0,0,0,0,56.51
162,124,0,0,0,0,0,56.89
163,124,0,0,0,0,0,56.69
164,124,1,273.89,49.0357,47.6712,82.5,56.23
165,124,1,273.798,48.9999,47.7744,85.79,55.7
166,124,1,273.763,48.9888,47.766,85.16,56.44
167,124,0,0,0,0,0,55.63
168,124,0,0,0,0,0,54.45
169,124,0,0,0,0,0,53.63
170,124,0,0,0,0,0,54.36
171,124,1,155.593,38.5129,51.1917,83.76,53.13
172,124,0,0,0,0,0,50.73
173,124,1,160.675,22.1725,57.1255,89.95,53.05
174,124,1,161.066,22.1097,56.9682,89.81,55.39
175,124,1,160.751,22.1536,57.0764,89.55,55.09
176,124,1,160.865,22.1404,57.0032,90.3,55.75
177,124,1,160.901,22.1173,57.0261,89.53,55.58
178,124,1,160.901,22.1157,57.0031,92.55,55.98
179,124,1,160.906,22.0609,57.0424,91.74,56.59
180,124,1,160.737,22.1483,57.0696,88.54,55.65
181,124,1,160.849,22.1377,57.0224,88.46,55.73
182,124,1,161.081,22.1198,56.9195,89.34,55.6
183,124,1,160.965,22.1197,56.9713,90.2,55.66
184,124,0,0,0,0,0,50.08
185,124,1,66.5116,15.5612,70.1128,86.16,48.88
186,124,1,66.4571,15.5106,70.2404,83.14,50.2
187,124,1,66.7644,15.4288,69.7793,86.4,52.18
188,124,1,66.8196,15.4056,69.7825,85.29,52.27
189,124,1,66.7236,15.4676,69.9059,85.48,51.82
190,124,1,66.6368,15.4792,70.0839,92.18,53.26
191,124,1,66.5495,15.4675,70.2308,93.9,52.83
192,124,1,66.7917,15.465,69.9566,93.3,52.97
193,124,1,66.8098,15.4421,69.9064,93.28,52.9
194,124,1,66.6158,15.5091,69.9582,93.51,53.48
195,124,1,66.7068,15.4547,69.9013,85.33,54.17
196,124,1,66.8333,15.4192,69.929,90.19,53.22
197,124,1,66.5908,15.5034,70.092,84.64,52.53
198,124,1,66.7474,15.4714,69.9031,93.24,53.1
199,124,1,66.6569,15.4715,70.0462,93.4,54.1
200,124,1,66.6879,15.4645,69.9096,86.03,55.24
201,124,1,66.536,15.5055,70.095,93.98,54.01
202,124,1,66.6272,15.4632,69.9656,86.23,54.2
203,124,1,66.6248,15.4704,69.9854,89.43,54.06
204,124,1,66.7867,15.4355,69.825,85.62,54.51
205,124,1,66.5613,15.5005,70.1282,95.48,54.08
206,124,1,66.5247,15.4845,70.1251,85.23,54.04
207,124,1,66.6572,15.4638,70.0625,94.48,54.59
208,124,1,66.4401,15.4987,70.2212,85.98,54.11
209,124,1,66.7831,15.3944,69.9498,93.04,53.94
210,124,1,66.7129,15.4181,69.8853,86.36,54.29
211,124,1,66.6788,15.4334,70.023,92.69,54.07
212,124,1,66.6995,15.4625,70.1583,83.85,53.83
213,124,1,66.7928,15.393,69.8501,84.3,54
214,124,1,66.545,15.4656,70.1201,93.65,54.24
215,124,1,66.5457,15.4622,70.1525,93.75,55
216,124,1,66.7527,15.3994,69.8706,85.91,52.2
217,124,1,66.4845,15.4692,70.1206,95.53,54.02
218,124,1,66.4855,15.4691,70.0944,84.45,53.26
219,124,1,66.687,15.3657,69.9492,84.99,54.29
220,124,1,66.5539,15.4469,70.063,86.31,54.14
221,124,1,66.6572,15.3894,69.9343,85.79,54.13
222,124,1,66.4806,15.4609,70.134,94.21,54.05
223,124,1,66.4277,15.4178,70.1286,83.86,54.31
224,124,1,66.6311,15.4506,70.0635,94.37,53.26
225,124,1,66.3662,15.4615,70.2582,94.58,54.45
226,124,1,66.703,15.3559,69.9882,83.34,53.95
227,124,1,66.5576,15.4095,70.0799,95.36,53.64
228,124,1,66.6528,15.4367,70.0226,91.35,53.39
229,124,1,66.4603,15.4683,70.1572,86.88,53.46
230,124,1,66.5277,15.4556,70.1875,91.38,53.41
231,124,1,66.4638,15.4627,70.1882,86.8,54.5
232,124,1,66.4806,15.4324,70.2475,92.91,53.95
233,124,1,66.5228,15.472,70.0882,92.31,51.38
234,124,1,66.5187,15.4464,70.25,92.48,51.49
235,124,1,66.5851,15.3816,70.0896,84.56,51.26
236,124,0,0,0,0,0,52.82
237,124,0,0,0,0,0,51.15
238,124,0,0,0,0,0,53.61
239,124,0,0,0,0,0,53.64
240,124,0,0,0,0,0,53.22
241,124,1,66.4672,15.4633,70.1233,94.85,50.98
242,124,1,66.3989,15.4409,70.1831,83.8,53.53
243,124,1,66.6359,15.3337,70.031,93.05,53.84
244,124,1,66.3653,15.4289,70.3441,85.15,53.22
245,124,1,66.4815,15.4145,70.2233,92.24,53.76
246,124,1,66.4841,15.4416,70.1596,90.46,53.97
247,124,1,66.5321,15.3984,70.0595,92.64,53.6
248,124,1,66.4222,15.3926,70.1494,94.48,54.47
249,124,1,66.5159,15.3412,70.1372,93.85,54.23
250,124,1,66.4673,15.3922,70.1791,93.67,52.58
251,124,0,0,0,0,0,49.11
252,124,2,346.767,44.3112,59.4278,92.58,54.04
253,124,2,346.843,44.3157,59.5698,87.14,48.28
254,124,0,0,0,0,0,36.13
255,124,0,0,0,0,0,35.32
0,125,0,0,0,0,0,34.41
1,125,0,0,0,0,0,46.79
2,125,0,0,0,0,0,33.19
3,125,0,0,0,0,0,54.78
4,125,1,43.0505,39.6417,74.7994,89.13,48.53
5,125,1,42.8278,39.5978,75.1479,89.32,57.17
6,125,1,42.8239,39.7891,75.1127,95.69,56.83
7,125,1,42.639,39.4966,75.2885,91.14,57.51
8,125,1,42.6243,39.4676,75.4091,88.99,58.89
9,125,1,42.6684,39.5318,75.3389,86.93,57.33
10,125,1,42.6507,39.5196,75.2608,92.13,58.75
11,125,1,42.8992,39.5281,75.0489,89.27,58.55
12,125,1,42.8624,39.6741,75.2294,94.54,57.94
13,125,1,42.673,39.4367,75.3196,90.44,58.22
14,125,1,42.7902,39.7339,75.1846,93.89,57.07
15,125,1,42.8605,39.7691,75.0513,87.94,54.28
16,125,1,271.192,11.6609,76.6507,93.35,52.68
17,125,1,271.174,11.6907,76.7167,92.93,54.14
18,125,1,271.211,11.7075,76.7147,93.62,54.25
19,125,1,271.08,11.7038,76.8012,92.79,54.71
20,125,1,271.035,11.717,76.8428,94.14,55.21
21,125,1,271.118,11.7514,76.6741,90.65,54.75
22,125,1,270.984,11.6944,76.9222,92.1,54.14
23,125,1,271.303,11.7574,76.4803,90.91,54.44
24,125,1,271.275,11.7451,76.5755,90.63,54.14
25,125,1,271.153,11.7831,76.7244,91.28,54.43
26,125,1,271.193,11.7891,76.7257,94.24,54.72
27,125,1,271.034,11.7006,76.8184,91.46,54.46
28,125,1,271.251,11.7477,76.6879,94.95,54.19
29,125,1,271.11,11.7336,76.745,94.47,55.56
30,125,1,271.175,11.7583,76.7103,95.36,54.39
31,125,1,271.026,11.7559,76.8758,92.59,54.04
32,125,1,271.133,11.768,76.805,94.55,55.11
33,125,1,271.224,11.7521,76.6861,92.5,54.16
34,125,1,271.204,11.8024,76.6467,92.43,54.05
35,125,1,271.271,11.7446,76.6405,92.53,54.4
36,125,1,271.269,11.7974,76.6195,93.5,54.47
37,125,1,271.144,11.7458,76.7585,92.4,54.92
38,125,1,271.281,11.7615,76.6075,93.32,54.04
39,125,0,0,0,0,0,51.97
40,125,1,42.6602,39.7038,75.2173,90.87,54.81
41,125,1,42.8865,39.6918,75.1299,95.03,57.28
42,125,1,42.8197,39.7154,75.2271,94.82,58.35
43,125,1,42.7489,39.5058,75.2919,90.19,57.78
44,125,1,42.68,39.4834,75.313,90.59,57.78
45,125,1,42.5963,39.7897,75.3731,91.73,57.86
46,125,1,42.5013,39.4429,75.4568,87.57,58.53
47,125,1,42.7845,39.7057,75.2845,93.17,57.22
48,125,1,42.6921,39.7231,75.2353,94.99,56.91
49,125,1,42.688,39.7263,75.241,93.83,57.21
50,125,1,42.5768,39.7352,75.4005,91.68,58.1
51,125,1,42.743,39.7137,75.2637,94.76,54.47
52,125,1,155.07,38.6523,51.6106,84.24,51.22
53,125,1,155.191,38.6436,51.6092,92.61,55.72
54,125,1,155.259,38.6258,51.5519,91.96,56.01
55,125,1,155.216,38.6212,51.5937,94.32,55.12
56,125,1,155.199,38.6341,51.5594,92.69,54.74
57,125,0,0,0,0,0,52.02
58,125,1,290.602,12.5953,62.5454,91.19,50.75
59,125,1,290.404,12.5298,62.6381,91.54,52.42
60,125,1,290.335,12.5564,62.6539,90.03,53.03
61,125,1,290.333,12.5892,62.8643,93.4,53.01
62,125,1,290.493,12.5614,62.5851,91.16,52.83
63,125,1,290.358,12.5662,62.5985,92.45,53.34
64,125,1,290.282,12.5538,62.7912,91.05,52.41
65,125,1,290.395,12.5627,62.6947,93.7,53.22
66,125,1,290.269,12.5338,62.7359,90.69,52.98
67,125,1,290.371,12.5374,62.6636,91.45,52.41
68,125,1,290.378,12.5697,62.7785,90.86,52.78
69,125,1,290.393,12.5718,62.6655,92.3,52.57
70,125,1,290.271,12.5864,62.8152,91.98,53.63
71,125,1,290.281,12.557,62.7588,92.33,52.18
72,125,1,290.28,12.5364,62.687,91.82,53.08
73,125,1,290.283,12.5747,62.8021,90.19,53.47
74,125,1,290.374,12.5516,62.7082,91.86,52.45
75,125,1,290.325,12.608,62.7725,91.56,53.29
76,125,1,290.282,12.588,62.7547,91.39,52.97
77,125,1,290.368,12.5951,62.6869,91.52,52.01
78,125,1,290.462,12.6198,62.6959,91.67,52.7
79,125,1,290.395,12.6139,62.6674,94.37,54.27
80,125,1,290.376,12.6127,62.738,93.37,53.66
81,125,1,290.314,12.6075,62.7443,90.85,52.12
82,125,1,290.305,12.5758,62.7177,93.32,53.43
83,125,1,290.295,12.6171,62.7622,93.66,52.78
84,125,1,290.302,12.5916,62.763,91.38,52.63
85,125,1,290.243,12.5978,62.7529,90.73,52.91
86,125,1,290.25,12.6157,62.8502,95.91,53.1
87,125,1,290.266,12.5718,62.7299,90.07,53.1
88,125,1,290.368,12.6341,62.7376,93.92,53.14
89,125,1,290.131,12.6039,62.9531,95.6,53.42
90,125,1,290.168,12.6324,62.8922,94.44,54.41
91,125,1,290.24,12.6283,62.7534,91.62,53.47
92,125,1,290.371,12.6319,62.7177,91.8,53.46
93,125,1,290.184,12.6133,62.8347,89.86,52.88
94,125,1,290.212,12.6038,62.8151,89.8,52.42
95,125,0,0,0,0,0,53.94
96,125,1,155.391,38.5967,51.3773,96.96,56.25
97,125,1,155.323,38.6045,51.4405,94.45,55.5
98,125,1,155.353,38.5975,51.4211,91.67,56.4
99,125,1,155.293,38.5877,51.4267,92.31,57.35
100,125,1,155.36,38.5376,51.4025,92.08,54.01
101,125,1,45.5871,19.4494,11.5965,94.98,57.37
102,125,1,45.5586,19.4669,11.645,93.49,57.09
103,125,1,45.4908,19.5139,11.6048,94.1,57.33
104,125,1,45.507,19.4424,11.6531,87.11,58.47
105,125,1,45.5662,19.4766,11.4837,95.72,57.85
106,125,1,45.5401,19.4622,11.5428,95.82,57.2
107,125,1,45.4393,19.4752,11.7064,94.08,57.81
108,125,1,45.4141,19.4991,11.7385,95.81,57.47
109,125,1,45.5289,19.4655,11.71,93.74,57.97
110,125,1,45.5168,19.4534,11.574,94.81,58.23
111,125,1,45.4473,19.5083,11.5726,93.75,58.26
112,125,1,45.4341,19.4074,11.6919,93.14,58.11
113,125,1,45.391,19.4948,11.5565,91.2,57.25
114,125,1,45.3671,19.4686,11.6739,93.95,57.74
115,125,1,45.4157,19.4602,11.6599,87.11,58.04
116,125,1,45.3869,19.4767,11.6937,96.21,57.24
117,125,1,45.5244,19.46,11.5316,95.49,57.96
118,125,1,45.4423,19.4951,11.5745,94.08,57.62
119,125,1,45.3828,19.4963,11.7131,95.06,57.58
120,125,1,45.4688,19.3978,11.6928,94.3,57.44
121,125,1,45.4105,19.392,11.7794,88.63,58.3
122,125,1,45.4022,19.4262,11.6557,93.83,57.77
123,125,1,45.3665,19.5104,11.5448,88.31,58.38
124,125,1,45.4482,19.4467,11.6148,95.08,58.29
125,125,1,45.4045,19.4348,11.6553,96.1,58.6
126,125,1,45.404,19.479,11.5901,95.23,58.09
127,125,1,45.3635,19.4584,11.6495,89.12,58.54
128,125,1,45.4372,19.4518,11.6321,93.83,58.05
129,125,1,45.3704,19.4399,11.6348,95.85,58.24
130,125,1,45.3142,19.4027,11.811,87.24,57.96
131,125,1,45.3346,19.4167,11.7514,86.74,58.23
132,125,1,45.3623,19.3921,11.7411,87.89,59.56
133,125,1,45.4826,19.4152,11.6261,95.02,57.78
134,125,1,45.3761,19.4095,11.6886,88.96,58.75
135,125,1,45.3949,19.4272,11.6637,89.05,59.15
136,125,1,45.3904,19.41,11.6648,90.78,58.75
137,125,1,45.4899,19.4196,11.5833,94.67,57.38
138,125,1,45.3515,19.4436,11.7114,96.46,57.6
139,125,1,45.456,19.4472,11.5961,96.82,58.21
140,125,1,45.3736,19.3871,11.7459,94.65,57.87
141,125,1,45.106,18.9732,11.9098,76.47,58.84
142,125,1,45.4118,19.4143,11.6978,95.69,57.82
143,125,1,45.2749,19.4221,11.7898,88.77,58.81
144,125,1,45.3338,19.4199,11.7011,89.82,57.87
145,125,1,45.3043,19.4202,11.8524,95.98,57.82
146,125,1,45.3219,19.4525,11.6992,95.8,58.12
147,125,1,45.3487,19.4265,11.7651,94.66,56.93
148,125,1,45.2845,19.4261,11.7992,93.18,57.14
149,125,1,45.7319,19.1154,11.2156,80.37,57.42
150,125,1,45.2985,19.425,11.8293,94.58,55.92
151,125,1,45.8077,19.0362,11.2443,82.81,57.34
152,125,1,45.297,19.4296,11.8064,95.89,56.73
153,125,1,45.2973,19.4444,11.7984,94.35,56.53
154,125,1,45.3517,19.458,11.6741,93.52,56.41
155,125,1,45.2643,19.4296,11.8568,94.54,55.85
156,125,1,45.2673,19.4137,11.7646,93.14,56.62
157,125,1,45.5927,18.9553,11.3981,77.07,55.51
158,125,0,0,0,0,0,56.08
159,125,0,0,0,0,0,55.4
160,125,0,0,0,0,0,55.5
161,125,0,0,0,0,0,54.89
162,125,0,0,0,0,0,55.29
163,125,0,0,0,0,0,55.05
164,125,0,0,0,0,0,54.18
165,125,0,0,0,0,0,53.41
166,125,0,0,0,0,0,53.32
167,125,0,0,0,0,0,53.94
168,125,0,0,0,0,0,54.03
169,125,1,155.231,38.6508,51.3333,82.2,55.09
170,125,1,155.53,38.5873,51.2371,88.83,55.33
171,125,1,155.488,38.5439,51.2138,92.32,54.55
172,125,1,155.571,38.5233,51.1836,92.58,52.88
173,125,0,0,0,0,0,51.7
174,125,1,160.763,22.1455,57.0609,92.89,55.52
175,125,1,160.824,22.1339,57.0542,92.54,55.46
176,125,1,160.889,22.0771,57.0858,90.75,55.58
177,125,1,160.827,22.1159,57.0886,93.71,55.38
178,125,1,160.679,22.1204,57.1157,94.55,56.97
179,125,1,161.038,22.1395,56.9113,90.81,55.73
180,125,1,160.928,22.1454,56.9953,87.24,56.17
181,125,1,160.822,22.1298,57.0554,91.21,55.66
182,125,1,160.967,22.1329,56.9462,90.06,55.89
183,125,1,160.892,22.1337,56.9466,90.12,55.36
184,125,1,161.304,22.0711,56.514,86.68,49.76
185,125,0,0,0,0,0,49.79
186,125,0,0,0,0,0,50.48
187,125,0,0,0,0,0,49.68
188,125,1,66.524,15.5046,70.1381,84.84,51.19
189,125,0,0,0,0,0,51.87
190,125,0,0,0,0,0,51.1
191,125,1,66.8191,15.4237,69.9546,90.04,51.44
192,125,1,66.6835,15.454,70.0362,86.26,52.62
193,125,1,66.7638,15.4467,70.1549,83.98,52.9
194,125,1,66.8916,15.4384,69.7416,83.37,51.81
195,125,1,66.6933,15.4988,69.915,92.35,53.29
196,125,1,66.7846,15.4829,69.8751,92.86,52.15
197,125,1,66.6164,15.4919,70.0737,94.1,53.13
198,125,1,66.8192,15.4358,69.8951,88.34,54
199,125,1,66.6677,15.4939,69.9711,94.49,54.6
200,125,1,66.6842,15.4849,70.0236,91.22,53.71
201,125,1,66.816,15.4764,69.8605,93.84,54.98
202,125,1,66.515,15.5014,70.1251,92.63,53.86
203,125,1,66.7945,15.4229,69.9319,93.4,54.04
204,125,1,66.5262,15.5138,70.0698,93.84,55.21
205,125,1,66.7594,15.4138,69.9087,95.21,54.39
206,125,1,66.5198,15.4909,70.1674,91.64,53.69
207,125,1,66.8129,15.387,69.9162,85.75,53.68
208,125,1,66.6282,15.4785,70.0976,93.47,54.59
209,125,1,66.6648,15.4353,69.9169,93.65,53.5
210,125,1,66.7555,15.4739,69.8915,91.95,53.81
211,125,1,66.6933,15.4539,70.0236,94.9,53.33
212,125,1,66.71,15.4151,70.0239,94,54.15
213,125,1,66.7154,15.4089,69.9295,92.86,53.94
214,125,1,66.5432,15.4722,70.0811,85.59,54.24
215,125,1,66.652,15.4527,70.0319,86.61,53.96
216,125,1,66.5458,15.4566,70.1169,93.5,52.9
217,125,1,66.6244,15.4113,69.9864,93.44,53.83
218,125,1,66.6524,15.4524,69.9712,93.71,54.37
219,125,1,66.5736,15.4206,70.1014,87.71,53.7
220,125,1,66.4787,15.4769,70.1679,92.74,53.77
221,125,1,66.397,15.4559,70.2669,85.75,53.85
222,125,1,66.6834,15.4438,69.9651,93.66,53.58
223,125,1,66.5408,15.4486,70.0986,84.48,54.49
224,125,1,66.3905,15.4557,70.2603,84.41,53.22
225,125,1,66.637,15.4018,70.076,86.11,54.84
226,125,1,66.7464,15.3592,69.931,87.14,52.87
227,125,1,66.6055,15.4315,70.0503,95.08,53.36
228,125,1,66.4676,15.4719,70.0828,93.09,54.04
229,125,1,66.5076,15.4569,70.1242,94.52,53.26
230,125,1,66.4896,15.4205,70.1243,93.92,54.19
231,125,1,66.6383,15.3588,70.0111,83.66,54.21
232,125,1,66.6225,15.4363,70.0207,92.55,54.32
233,125,1,66.3728,15.4364,70.295,86.01,53.91
234,125,1,66.5909,15.3898,70.0171,92.78,53.29
235,125,1,66.4245,15.4344,70.3231,92.09,52.18
236,125,1,66.4477,15.4462,70.2842,91.4,51.26
237,125,1,66.449,15.3688,70.2686,86.45,52.29
238,125,0,0,0,0,0,51.09
239,125,0,0,0,0,0,49.8
240,125,0,0,0,0,0,51.47
241,125,1,66.3986,15.4609,70.3002,92.87,52.68
242,125,1,66.5328,15.4234,70.0841,93.33,52.21
243,125,1,66.6079,15.3758,70.1335,92.28,54.14
244,125,1,66.6254,15.3736,69.9776,94.04,53.18
245,125,1,66.5035,15.4261,70.0829,91.94,53.51
246,125,1,66.4634,15.3625,70.1248,89.21,53.48
247,125,1,66.5335,15.4047,70.1343,91.78,53.15
248,125,1,66.4964,15.3791,70.1574,85.83,53.22
249,125,1,66.6368,15.347,70.015,94.72,53.78
250,125,1,66.401,15.3835,70.3399,86.45,52.1
251,125,0,0,0,0,0,50.1
252,125,2,346.797,44.2692,59.5578,91.1,54.14
253,125,2,346.853,44.2202,59.6886,91.53,49.23
254,125,0,0,0,0,0,36.65
255,125,0,0,0,0,0,35.15
0,126,0,0,0,0,0,34.52
1,126,0,0,0,0,0,32.78
2,126,0,0,0,0,0,33.94
3,126,0,0,0,0,0,54.84
4,126,1,43.1408,39.6624,74.7369,90.84,48.8
5,126,1,42.6607,39.5181,75.3443,88.57,55.79
6,126,1,43.171,39.6649,74.7968,93.6,56.79
7,126,1,43.0983,39.5628,74.9305,91.73,57.31
8,126,1,42.972,39.57,74.9669,93.14,57.81
9,126,1,42.8909,39.7469,75.1458,92.47,57.9
10,126,1,42.765,39.5806,75.1742,88.97,57.92
11,126,1,42.5976,39.4863,75.4217,87.02,59.25
12,126,1,42.9708,39.4698,74.9264,91.65,57.72
13,126,1,42.7943,39.5133,75.2431,91.31,58.47
14,126,1,42.7029,39.538,75.2359,90.7,57.42
15,126,1,42.7347,39.7586,75.2134,94.52,55.83
16,126,0,0,0,0,0,51.89
17,126,1,271.037,11.6768,76.8218,92.86,54.14
18,126,1,270.983,11.6625,76.8423,93.74,54.38
19,126,1,271.075,11.6922,76.7341,92.44,54.2
20,126,1,271.078,11.6793,76.7982,92.98,54.08
21,126,1,271.031,11.7051,76.8486,93.63,54.39
22,126,1,271.102,11.727,76.7421,93.54,54.94
23,126,1,271.357,11.7579,76.5327,91.71,54.44
24,126,1,271.039,11.6984,76.8433,90.92,54.69
25,126,1,271.264,11.7857,76.6657,92.85,54.93
26,126,1,271.019,11.7207,76.8461,91.31,53.44
27,126,1,271.074,11.716,76.8111,93.66,54.83
28,126,1,271.115,11.715,76.732,92.3,54.5
29,126,1,271.305,11.756,76.5278,89.6,54.78
30,126,1,271.07,11.7429,76.758,94.05,54.27
31,126,1,271.135,11.6908,76.7401,93.13,54.39
32,126,1,271.153,11.7704,76.7257,90.46,54.51
33,126,1,271.003,11.7419,76.837,93.18,54.75
34,126,1,271.066,11.7516,76.7693,93.48,55.17
35,126,1,271.246,11.7825,76.7046,91.9,55.25
36,126,1,271.166,11.7644,76.6629,87.43,55.26
37,126,1,271.213,11.7576,76.6899,94.69,55.23
38,126,1,271.082,11.7364,76.7966,91.56,54.71
39,126,1,271.129,11.7388,76.8333,90,54.1
40,126,0,0,0,0,0,53.72
41,126,1,42.7747,39.7119,75.2059,92.18,55.8
42,126,1,42.7849,39.6995,75.2283,92.46,57.55
43,126,1,42.6436,39.7284,75.2153,94.03,57.63
44,126,1,42.6973,39.715,75.2004,92.07,57.59
45,126,1,42.6003,39.4823,75.3201,87.83,57.83
46,126,1,42.7225,39.7286,75.2216,96.36,57.26
47,126,1,42.6574,39.499,75.3213,90.16,57.95
48,126,1,42.6898,39.7025,75.3042,95.72,57.85
49,126,1,42.6118,39.4389,75.4264,88.02,58.02
50,126,1,42.6486,39.5012,75.3318,90.08,57.62
51,126,1,42.9002,39.6983,75.2478,94.23,53.72
52,126,1,155.219,38.608,51.499,92.06,53.86
53,126,1,155.245,38.6203,51.5455,88.19,55.08
54,126,1,155.3,38.6273,51.5466,90.36,57.19
55,126,1,155.23,38.6306,51.5522,92.73,55.2
56,126,0,0,0,0,0,52.91
57,126,1,290.582,12.5845,62.5696,90.69,51.79
58,126,1,290.447,12.5713,62.6337,92.04,51.63
59,126,1,290.425,12.5606,62.6651,92.48,53.09
60,126,1,290.372,12.5605,62.7364,90.49,53.05
61,126,1,290.297,12.5413,62.742,93.01,52.17
62,126,1,290.371,12.5666,62.7357,92.03,53.59
63,126,1,290.362,12.5449,62.6578,91.56,52.38
64,126,1,290.383,12.5977,62.6874,93.75,52.22
65,126,1,290.395,12.5942,62.7586,92.96,52.89
66,126,1,290.419,12.5848,62.6566,91.35,53.25
67,126,1,290.335,12.566,62.7536,91.49,52.75
68,126,1,290.494,12.6015,62.6144,95.33,53.25
69,126,1,290.398,12.5798,62.7057,92.19,53.04
70,126,1,290.47,12.5873,62.586,93.19,52.82
71,126,1,290.393,12.558,62.7347,92.95,52.64
72,126,1,290.407,12.6047,62.6611,91.91,53.08
73,126,1,290.375,12.5676,62.6757,92.63,53.06
74,126,1,290.358,12.5796,62.7826,92.63,52.64
75,126,1,290.483,12.5829,62.6311,90.22,53.29
76,126,1,290.383,12.5889,62.7026,92.49,52.92
77,126,1,290.375,12.5948,62.7054,91.52,53.01
78,126,1,290.282,12.6008,62.8026,92.97,53.25
79,126,1,290.307,12.5638,62.7115,90.84,53.04
80,126,1,290.35,12.6285,62.7468,93.6,53.62
81,126,1,290.281,12.5983,62.7845,91.5,52.43
82,126,1,290.284,12.6064,62.8382,93.93,53.04
83,126,1,290.309,12.6087,62.7316,92.45,53.04
84,126,1,290.419,12.6169,62.648,91.99,52.96
85,126,1,290.331,12.654,62.8149,95.84,52.75
86,126,1,290.357,12.6298,62.7696,91.91,52.1
87,126,1,290.351,12.5805,62.7532,91.98,52.46
88,126,1,290.259,12.6012,62.8223,89.84,52.81
89,126,1,290.294,12.6304,62.7691,92.72,53.07
90,126,1,290.309,12.6353,62.7972,91.38,53.67
91,126,1,290.145,12.6083,62.8846,95.06,53.32
92,126,1,290.317,12.5953,62.7648,91.28,53.22
93,126,1,290.239,12.6427,62.9112,92.15,53.55
94,126,1,290.42,12.6493,62.6797,80.02,52.83
95,126,0,0,0,0,0,54.63
96,126,1,155.231,38.5936,51.4669,92.1,56.01
97,126,1,155.27,38.5912,51.4345,92.33,56.73
98,126,1,155.28,38.5852,51.4774,92.48,55.68
99,126,1,155.343,38.6134,51.437,92.72,55.67
100,126,1,155.392,38.5867,51.4165,88.25,53.91
101,126,1,45.6574,19.4762,11.4078,91.02,55.46
102,126,1,45.5526,19.4304,11.6237,95.25,57.57
103,126,1,45.5024,19.5126,11.5006,93.2,57.88
104,126,1,45.5224,19.4522,11.5339,85.65,57.93
105,126,1,45.4054,19.4843,11.632,86.12,58.88
106,126,1,45.5515,19.4598,11.6661,91.81,57.7
107,126,1,45.4767,19.5063,11.5984,97.01,57.17
108,126,1,45.4088,19.4521,11.6438,87.68,58.16
109,126,1,45.4615,19.4462,11.6341,86.15,58.41
110,126,1,45.5041,19.4747,11.5981,94.37,58
111,126,1,45.3942,19.4174,11.7375,94.67,58.61
112,126,1,45.4836,19.443,11.7479,93.73,57.65
113,126,1,45.4959,19.5003,11.578,96.31,57.59
114,126,1,45.4662,19.4905,11.6422,93.41,57.68
115,126,1,45.3788,19.4768,11.683,93.62,57.86
116,126,1,45.3986,19.4569,11.7226,94.9,57.9
117,126,1,45.4275,19.5015,11.5536,93.8,58.41
118,126,1,45.5221,19.4672,11.5973,93.86,58.21
119,126,1,45.4236,19.4603,11.6419,97.06,58.56
120,126,1,45.6186,19.4642,11.4781,95.84,57.69
121,126,1,45.399,19.4736,11.6996,94.35,57.22
122,126,1,45.4149,19.4801,11.5224,96.25,58.12
123,126,1,45.3922,19.4298,11.7193,88.2,58.23
124,126,1,45.4259,19.3988,11.6489,85.85,58.52
125,126,1,45.439,19.4227,11.692,94.03,58.1
126,126,1,45.3207,19.491,11.6339,88.59,58.27
127,126,1,45.4461,19.4351,11.6985,93.22,58.48
128,126,1,45.435,19.4388,11.6408,95.34,58
129,126,1,45.3887,19.4396,11.7566,97.14,57.92
130,126,1,45.4994,19.4449,11.5791,96.29,58.23
131,126,1,45.4114,19.4612,11.6135,94.83,57.95
132,126,1,45.273,19.4882,11.7446,93.99,58.46
133,126,1,45.4041,19.4587,11.6509,94.54,57.95
134,126,1,45.3804,19.4342,11.7345,95.8,57.67
135,126,1,45.3433,19.436,11.6607,94.32,59.24
136,126,1,45.3291,19.473,11.6445,95.6,57.36
137,126,1,45.5115,19.3845,11.638,95,58.48
138,126,1,45.4051,19.4578,11.724,95.84,57.85
139,126,1,45.348,19.5331,11.481,86.08,58.09
140,126,1,45.372,19.4286,11.6876,94.24,57.75
141,126,1,45.3139,19.5069,11.5094,87.47,58.24
142,126,1,45.3325,19.4008,11.7627,89.04,58.4
143,126,1,46.6468,19.0216,10.4457,74.59,59.11
144,126,1,45.4563,19.4008,11.6141,94.73,58.62
145,126,1,45.3385,19.4237,11.746,96.18,57.9
146,126,1,45.4151,19.4405,11.624,94.47,58.52
147,126,1,45.2952,19.4703,11.7925,96.41,57.97
148,126,1,45.3301,19.4175,11.6402,88.17,58.84
149,126,1,45.2824,19.37,11.8143,88.04,58.33
150,126,1,45.3991,19.4369,11.6206,95.27,57.93
151,126,1,45.4603,19.4257,11.5951,95.72,57.91
152,126,1,45.2704,19.3927,11.809,86.51,58.85
153,126,1,45.2602,19.3945,11.8404,88.2,58.74
154,126,1,45.3271,19.3936,11.7556,96.22,58.24
155,126,1,45.375,19.4439,11.6456,95.65,57.75
156,126,1,45.3031,19.4613,11.7044,96.21,57.91
157,126,1,45.3086,19.3827,11.812,95.48,58.6
158,126,1,45.3085,19.3926,11.8457,95.77,58.06
159,126,1,45.1308,19.5217,11.7072,88.02,57.82
160,126,1,45.1891,19.4073,11.7771,87.31,58.54
161,126,1,45.2216,19.4657,11.7122,95.41,56.81
162,126,1,45.1919,19.4232,11.8333,96.77,57.83
163,126,1,45.2288,19.4255,11.7696,96.03,57.28
164,126,1,45.2072,19.3998,11.7666,94.04,55.07
165,126,1,155.35,38.6182,51.3117,89.74,53.89
166,126,1,155.289,38.6555,51.3245,92.81,55.86
167,126,1,155.401,38.6648,51.3133,92.72,55.93
168,126,1,155.377,38.6787,51.325,92.8,56.12
169,126,1,155.488,38.6709,51.2443,95.21,57.52
170,126,1,155.455,38.6191,51.2426,93.73,56.59
171,126,1,155.474,38.5899,51.2024,90.72,56.78
172,126,1,155.533,38.5312,51.2188,90.16,56.11
173,126,0,0,0,0,0,51.62
174,126,1,160.906,22.1445,57.0221,88.99,54.94
175,126,1,160.957,22.136,56.9824,88.81,55.23
176,126,1,160.836,22.1397,57.0388,89.93,55.49
177,126,1,160.854,22.1438,57.0173,91.99,55.76
178,126,1,160.994,22.1413,56.9824,88.93,56.13
179,126,1,160.796,22.1309,57.065,91.41,55.72
180,126,1,160.892,22.1754,57.0256,92.33,55.28
181,126,1,160.956,22.1152,57.0004,91.23,56.27
182,126,1,160.76,22.1351,57.0399,90.46,55.97
183,126,1,160.82,22.1241,57.011,93.32,55.79
184,126,1,160.934,22.1239,56.9029,87.96,52.06
185,126,1,255.639,32.6988,23.0977,86.66,51.91
186,126,1,255.839,32.6956,23.1909,92.48,52.66
187,126,1,254.905,32.6155,24.0518,74.25,52.38
188,126,1,255.714,32.78,23.2222,91.14,51.73
189,126,1,254.517,32.9559,24.3109,61.6,52.42
190,126,0,0,0,0,0,51.57
191,126,0,0,0,0,0,51.83
192,126,0,0,0,0,0,50.27
193,126,0,0,0,0,0,50.95
194,126,1,66.4077,15.5113,70.2714,81.96,50.66
195,126,0,0,0,0,0,51.04
196,126,1,66.8646,15.4489,69.7943,82.25,51.14
197,126,1,66.7195,15.4872,69.998,93.29,51.39
198,126,1,66.7294,15.4486,69.9152,92.79,52.79
199,126,1,66.8377,15.4358,69.876,92.42,52.39
200,126,1,66.5883,15.5231,70.051,92.32,52.7
201,126,1,66.7541,15.4747,69.9408,94.75,53.43
202,126,1,66.6467,15.4381,69.9699,92.83,53.82
203,126,1,66.6466,15.4974,69.9427,93.6,53.18
204,126,1,66.6584,15.4223,69.9639,83.26,52.83
205,126,1,66.6392,15.479,70.0197,93.59,53.63
206,126,1,66.5592,15.4815,70.1334,86.51,53.34
207,126,1,66.6684,15.4587,69.9152,91.86,53.96
208,126,1,66.4166,15.5155,70.2007,91.31,54.38
209,126,1,66.5378,15.4864,70.1328,93.93,54.02
210,126,1,66.627,15.4842,70.0051,94.01,54.27
211,126,1,66.7179,15.4177,69.8769,92.8,53.05
212,126,1,66.789,15.4146,69.8164,86.29,54.68
213,126,1,66.595,15.4847,70.0715,92.5,54.34
214,126,1,66.7706,15.407,69.858,92.18,53.96
215,126,1,66.3925,15.478,70.2166,94.27,54.39
216,126,1,66.5293,15.4264,70.0849,93.92,54.47
217,126,1,66.9135,15.3755,69.7665,85.69,53.96
218,126,1,66.4323,15.3976,70.1628,88.48,54.02
219,126,1,66.4414,15.4789,70.1931,85.85,53.91
220,126,1,66.6935,15.4276,70.0066,92.69,53.64
221,126,1,66.5068,15.481,70.1035,95.38,54.29
222,126,1,66.6725,15.3983,69.9975,93.84,55.24
223,126,1,66.8403,15.4169,69.8329,86.96,54.23
224,126,1,66.5797,15.4609,70.0554,93.6,55.15
225,126,1,66.4931,15.4689,70.0954,94.49,53.64
226,126,1,66.5674,15.388,70.1313,85.58,54.53
227,126,1,66.7416,15.3871,69.9383,93.06,53.8
228,126,1,66.5417,15.4251,70.2213,92.87,54.11
229,126,1,66.4039,15.4754,70.1938,92.42,54.38
230,126,1,66.7203,15.3792,69.9765,93.7,54.95
231,126,1,66.6783,15.3848,69.9644,93.47,54
232,126,1,66.5806,15.4034,69.9725,85.73,53.3
233,126,1,66.3873,15.4458,70.2828,83.47,53.03
234,126,1,66.4432,15.4202,70.2633,94.51,53.95
235,126,1,66.4563,15.4017,70.1066,86.14,54.37
236,126,1,66.3351,15.4418,70.2593,85.88,53.56
237,126,1,66.4692,15.4197,70.2184,91.32,52
238,126,1,66.4728,15.4049,70.1564,93.93,52.05
239,126,1,66.654,15.3493,70.0544,90.44,51.69
240,126,1,66.4992,15.4137,70.2052,92.34,51.98
241,126,1,66.3813,15.4278,70.3276,92.93,51.67
242,126,1,66.4031,15.4377,70.3173,85.07,53.45
243,126,1,66.6777,15.3358,70.0486,82.98,53.18
244,126,1,66.6084,15.3945,70.1308,92.9,53.35
245,126,1,66.5972,15.3461,70.1334,85.61,53.95
246,126,1,66.5096,15.3931,70.1554,94.71,53.4
247,126,1,66.3979,15.4023,70.3304,93.6,53.39
248,126,1,66.3083,15.4279,70.3362,85.68,52.87
249,126,1,66.4136,15.4213,70.2004,93.57,53.95
250,126,1,66.5084,15.3771,70.0886,84.9,53.38
251,126,0,0,0,0,0,49.74
252,126,2,346.765,44.0317,59.6824,92.14,54.21
253,126,2,346.733,43.9112,59.9305,92.05,49.73
254,126,0,0,0,0,0,36.59
255,126,0,0,0,0,0,35.48
0,127,0,0,0,0,0,34.55
1,127,0,0,0,0,0,33.16
2,127,0,0,0,0,0,36.22
3,127,0,0,0,0,0,52.35
4,127,1,42.5804,39.5852,75.2589,86.22,48.23
5,127,1,42.8351,39.5582,75.1948,87.62,55.68
6,127,1,42.7638,39.5689,75.1842,91.41,57.5
7,127,1,42.8252,39.7498,75.1766,94.25,57.86
8,127,1,42.8204,39.5289,75.2448,89.13,58.02
9,127,1,42.7748,39.5538,75.22,90.05,57.29
10,127,1,42.8172,39.7352,75.087,93.03,57.82
11,127,1,42.8377,39.5171,75.0949,91.27,58.28
12,127,1,42.8636,39.4812,75.1618,90.83,57.84
13,127,1,42.7071,39.5267,75.1797,88.72,58.26
14,127,1,42.5505,39.5696,75.4081,86.24,58.28
15,127,1,42.7851,39.5433,75.2455,93.5,57.64
16,127,0,0,0,0,0,54.3
17,127,1,271.123,11.6573,76.6754,90.21,52.09
18,127,1,270.96,11.696,76.8574,92.16,54.63
19,127,1,271.102,11.6637,76.8579,93.78,53.31
20,127,1,271.123,11.6877,76.6688,90.97,54.48
21,127,1,271.103,11.709,76.7929,93.8,54.34
22,127,1,271.278,11.7482,76.5856,90.21,54.61
23,127,1,270.978,11.7091,76.8258,92.2,54.8
24,127,1,270.934,11.6992,76.9081,92.93,54.61
25,127,1,271.053,11.6928,76.7827,95.88,54.64
26,127,1,271.061,11.7197,76.8326,90.4,53.94
27,127,1,271.194,11.7968,76.7166,91.14,54.52
28,127,1,271.265,11.8045,76.6971,93.76,54.39
29,127,1,271.149,11.7851,76.6897,93.12,55.01
30,127,1,271.146,11.7639,76.7931,94.2,55.2
31,127,1,271.07,11.7276,76.7666,92.79,55.22
32,127,1,271.232,11.7599,76.6837,94.81,55.02
33,127,1,271.188,11.8169,76.7934,91.04,54.25
34,127,1,271.109,11.7473,76.7425,93.78,54.25
35,127,1,271.166,11.7181,76.6734,94.74,54.36
36,127,1,270.983,11.7267,76.8633,93.36,54.64
37,127,1,271.156,11.6915,76.737,92.4,53.6
38,127,1,270.976,11.7828,76.8025,90.74,55.3
39,127,1,271.084,11.7235,76.7122,91.8,54.98
40,127,1,271.074,11.7861,76.7662,86.39,52.65
41,127,1,42.774,39.7,75.22,93.59,54.55
42,127,1,42.8214,39.5424,75.0822,93.71,57.53
43,127,1,42.6547,39.737,75.2041,92.17,57.78
44,127,1,42.7724,39.7238,75.2385,91.65,57.65
45,127,1,42.7298,39.6791,75.2811,92.86,57.86
46,127,1,42.7265,39.7186,75.2363,94.08,57.4
47,127,1,42.8277,39.6918,75.1389,94.54,57.32
48,127,1,42.7728,39.67,75.2853,94.47,58.51
49,127,1,42.6364,39.4918,75.3228,89.77,57.38
50,127,1,42.773,39.6875,75.2523,92.36,57.93
51,127,1,42.9497,39.9698,74.9719,75.41,52.83
52,127,1,155.141,38.588,51.5858,89.68,55.12
53,127,1,155.272,38.6404,51.5997,91.61,55.93
54,127,1,155.225,38.5985,51.5744,93.15,55.22
55,127,1,155.277,38.6082,51.5619,86.2,53.81
56,127,0,0,0,0,0,51.82
57,127,1,290.623,12.5721,62.4752,92.35,52.6
58,127,1,290.505,12.5469,62.6148,93.25,53.14
59,127,1,290.393,12.5406,62.6846,90.57,52.43
60,127,1,290.417,12.5379,62.6779,91.9,52.19
61,127,1,290.392,12.5673,62.6967,91.36,51.27
62,127,1,290.343,12.5635,62.7461,90.35,52.76
63,127,1,290.388,12.5732,62.7361,91.73,52.62
64,127,1,290.422,12.5675,62.6023,89.21,52.84
65,127,1,290.406,12.574,62.6996,92.16,51.87
66,127,1,290.299,12.5461,62.7573,88.81,53.49
67,127,1,290.185,12.568,62.8485,94.66,53.83
68,127,1,290.495,12.5784,62.543,93.18,52.85
69,127,1,290.322,12.5659,62.7662,90.12,53.36
70,127,1,290.406,12.5866,62.7331,94.15,53.05
71,127,1,290.379,12.5899,62.7584,91.44,53
72,127,1,290.402,12.5813,62.654,91.6,52.65
73,127,1,290.373,12.5561,62.6633,91.9,52.68
74,127,1,290.374,12.5795,62.6077,93.01,52.01
75,127,1,290.396,12.5899,62.7167,91.2,52.75
76,127,1,290.382,12.5777,62.7222,91.76,52.99
77,127,1,290.265,12.5548,62.7348,92.7,51.93
78,127,1,290.352,12.5763,62.7157,91.78,52.69
79,127,1,290.447,12.6064,62.7409,92.36,53.63
80,127,1,290.317,12.6043,62.7139,88.22,52.54
81,127,1,290.333,12.6314,62.6967,94.22,52.88
82,127,1,290.22,12.609,62.9174,90.54,51.45
83,127,1,290.336,12.6167,62.7685,91.32,52.59
84,127,1,290.269,12.594,62.7663,92.2,53.53
85,127,1,290.327,12.596,62.7753,91.61,52.8
86,127,1,290.242,12.5816,62.8082,91.56,52.37
87,127,1,290.303,12.6244,62.8275,91.21,53.5
88,127,1,290.251,12.5957,62.8132,92.21,53.97
89,127,1,290.218,12.6078,62.7925,91.36,52.83
90,127,1,290.141,12.6151,62.9232,93.15,53.83
91,127,1,290.235,12.6611,62.8744,94.12,53.37
92,127,1,290.197,12.5994,62.9058,90.95,53.64
93,127,1,290.193,12.6357,62.8852,89.35,52.05
94,127,0,0,0,0,0,53.5
95,127,1,155.409,38.5794,51.4181,92.09,55.23
96,127,1,155.307,38.6134,51.4257,94.44,57.06
97,127,1,155.297,38.6042,51.4529,92.78,56.86
98,127,1,155.379,38.5873,51.4341,90.48,56.76
99,127,1,155.33,38.5985,51.4555,93.65,56.71
100,127,1,155.352,38.5859,51.4201,90.3,55.49
101,127,1,45.7008,19.4861,11.4215,93.7,56.4
102,127,1,45.5987,19.4681,11.4319,95.71,57.53
103,127,1,45.4899,19.4386,11.6264,87.68,57.86
104,127,1,45.5055,19.485,11.528,94.8,57.41
105,127,1,45.4949,19.4746,11.5546,95.26,57.95
106,127,1,45.4423,19.4854,11.6603,93.82,57.21
107,127,1,45.5511,19.4476,11.5299,95.67,57.99
108,127,1,45.5185,19.4686,11.6299,92.94,57.85
109,127,1,45.5296,19.4556,11.5701,95.28,57.22
110,127,1,45.5214,19.4462,11.6045,93.95,57.57
111,127,1,45.4455,19.496,11.59,94.37,57.95
112,127,1,45.3913,19.439,11.7166,87.86,58.09
113,127,1,45.4387,19.458,11.7124,95.05,57.28
114,127,1,45.4066,19.4643,11.6714,96.22,57.64
115,127,1,45.4694,19.4269,11.6116,87.08,58.65
116,127,1,45.4489,19.4395,11.5915,86.68,58.88
117,127,1,45.4205,19.4283,11.6387,89.97,58.36
118,127,1,45.4577,19.4597,11.7047,95.89,57.45
119,127,1,45.5049,19.4673,11.5882,94.45,58.28
120,127,1,45.3697,19.4752,11.6415,94.43,58.19
121,127,1,45.3961,19.4416,11.6542,85.2,58.16
122,127,1,45.3309,19.5234,11.5857,85.96,57.14
123,127,1,45.439,19.432,11.6849,95.69,58.3
124,127,1,45.4438,19.3952,11.7216,95.16,58.21
125,127,1,45.4203,19.459,11.5861,95.3,57.78
126,127,1,45.287,19.4076,11.8595,93.9,57.9
127,127,1,45.4241,19.4108,11.6103,89.54,58.68
128,127,1,45.2593,19.4206,11.8263,88.74,58.19
129,127,1,45.3728,19.4611,11.6539,93.7,57.42
130,127,1,45.443,19.4367,11.7382,94.75,58.26
131,127,1,45.2509,19.533,11.6478,88.75,57.24
132,127,1,45.8934,19.0944,11.2317,82.92,58.14
133,127,1,45.4407,19.4405,11.5807,92.28,58.75
134,127,1,45.3616,19.4153,11.725,87.52,58.6
135,127,1,45.3752,19.4572,11.6505,94.44,58.2
136,127,1,45.2698,19.4016,11.8325,88.11,58.41
137,127,1,45.3302,19.4291,11.8035,93.85,58.53
138,127,1,45.4085,19.4354,11.6294,97.16,58.75
139,127,1,45.2695,19.4631,11.8343,95.71,57.94
140,127,1,45.3759,19.3963,11.7487,94.5,58.39
141,127,1,45.3534,19.4184,11.7468,94.11,58.55
142,127,1,45.2702,19.468,11.7396,94.99,57.89
143,127,1,45.3413,19.4282,11.7259,87.42,58.87
144,127,1,45.3017,19.387,11.8153,93.65,58.87
145,127,1,45.3653,19.4677,11.6628,95.51,58.1
146,127,1,45.3399,19.3716,11.7751,93.39,57.94
147,127,1,45.3023,19.3528,11.8528,87.76,58.67
148,127,1,45.2884,19.4267,11.7131,86.11,58.74
149,127,1,45.3903,19.4305,11.7277,93.39,58.59
150,127,1,45.3268,19.4633,11.7783,96.24,58.49
151,127,1,45.3594,19.4497,11.6438,94.22,57.95
152,127,1,45.2893,19.4007,11.7922,87.88,58.56
153,127,1,45.3361,19.4017,11.7166,88.69,58.05
154,127,1,45.3431,19.4377,11.7174,96.31,57.88
155,127,1,45.2949,19.412,11.6525,86.61,58.81
156,127,1,45.3941,19.4409,11.6373,95.83,57.8
157,127,1,45.3548,19.4178,11.8321,93.29,58.8
158,127,1,45.2918,19.4066,11.7185,87.62,58.07
159,127,1,45.2457,19.4017,11.7746,95.04,58.8
160,127,1,45.2507,19.4282,11.808,93.39,58.19
161,127,1,45.3193,19.4187,11.7154,96.3,57.74
162,127,1,45.2777,19.3959,11.7566,94.06,57.56
163,127,1,45.2687,19.4204,11.7105,97.19,58.17
164,127,1,45.3488,19.3943,11.6806,94.06,55.25
165,127,1,155.334,38.6589,51.3243,90.8,55.2
166,127,1,155.375,38.675,51.3095,90.41,57.08
167,127,1,155.401,38.6803,51.2991,94.19,56.77
168,127,1,155.484,38.689,51.2475,89.59,56.63
169,127,1,155.6,38.6529,51.1706,95.51,57.4
170,127,1,155.443,38.6473,51.2358,91.58,56.7
171,127,1,155.382,38.5725,51.2439,92.87,56.33
172,127,1,155.404,38.5492,51.2501,93.4,56.33
173,127,1,155.539,38.4977,51.1789,91.86,54.53
174,127,1,161.118,22.17,56.8864,91.68,53.44
175,127,1,160.778,22.1548,57.0655,91.88,55.65
176,127,1,160.812,22.129,57.0454,90.97,55.23
177,127,1,160.854,22.1438,57.0173,87.28,54.83
178,127,1,160.832,22.1424,57.0438,90.23,55.15
179,127,1,160.831,22.15,57.0464,92.16,55.51
180,127,1,160.855,22.137,57.0388,92.06,55.18
181,127,1,161.01,22.1436,56.9394,86.17,54.93
182,127,1,160.844,22.135,57.0051,91.44,55.33
183,127,1,160.858,22.1179,57.0102,91.85,56.02
184,127,1,161.004,22.1288,56.9657,89.3,54.47
185,127,1,255.613,32.8217,23.324,81.64,53.09
186,127,1,255.535,32.7627,23.2944,91.66,55.72
187,127,1,255.445,32.7857,23.3931,92.08,56.45
188,127,1,255.646,32.8325,23.2368,93.63,54.99
189,127,1,255.54,32.7988,23.3214,94.73,56.09
190,127,1,255.609,32.8572,23.3006,93.96,55.73
191,127,1,255.767,32.7882,23.0408,87.27,54.15
192,127,1,255.563,32.8118,23.2805,91.19,52.84
193,127,1,255.778,32.8111,23.2737,92.22,53.07
194,127,1,255.701,32.8004,23.2373,83.45,52.35
195,127,0,0,0,0,0,51.15
196,127,0,0,0,0,0,51.91
197,127,0,0,0,0,0,51.34
198,127,1,66.2844,15.5911,70.2138,82.62,50.01
199,127,0,0,0,0,0,51.23
200,127,1,66.6534,15.4609,70.1604,84.21,51.59
201,127,1,66.7375,15.4954,69.9259,91.64,51.39
202,127,1,66.8123,15.4698,69.8811,92.37,50.94
203,127,1,66.4888,15.5103,70.1867,85.68,52.93
204,127,1,66.7406,15.4838,69.962,92.84,53.41
205,127,1,66.8096,15.3971,69.8908,91.6,53.39
206,127,1,66.833,15.4831,69.9043,93.11,54.3
207,127,1,66.5661,15.4907,70.0853,83.87,53.58
208,127,1,66.5208,15.4702,70.1687,85.12,53.15
209,127,1,66.6924,15.4648,69.9155,93.66,53.68
210,127,1,66.5654,15.4207,70.0207,85.37,53.97
211,127,1,66.6472,15.4537,69.9933,86,53.02
212,127,1,66.6808,15.4187,70.0459,86.82,54.07
213,127,1,66.5354,15.4804,70.0591,92.56,53.37
214,127,1,66.6726,15.4409,69.8959,92.5,52.42
215,127,1,66.6373,15.4642,69.9895,89.92,53.65
216,127,1,66.4823,15.4658,70.122,92.88,54.1
217,127,1,66.7675,15.411,69.9186,92.56,53.81
218,127,1,66.6246,15.4517,70.1262,92.38,53.63
219,127,1,66.4733,15.4814,70.172,94.3,53.32
220,127,1,66.7462,15.4017,69.8851,93.76,54.58
221,127,1,66.533,15.4735,70.084,94.6,53.15
222,127,1,66.5935,15.4005,70.0343,93.96,53.98
223,127,1,66.6062,15.4602,70.0383,94.32,53.16
224,127,1,66.5719,15.4445,70.1587,94.39,53.84
225,127,1,66.5458,15.4616,70.115,92.54,54.05
226,127,1,66.445,15.4591,70.1698,93.42,54.15
227,127,1,66.6545,15.3969,69.9611,88.07,52.64
228,127,1,66.5601,15.4008,70.0126,94.16,53.99
229,127,1,66.5505,15.4513,70.0678,87.26,53.46
230,127,1,66.6683,15.3871,69.9881,86.85,54.1
231,127,1,66.4621,15.4881,70.1665,95.13,53.87
232,127,1,66.6191,15.3778,70.0139,86.22,54.02
233,127,1,66.5074,15.4392,70.159,93.33,53.11
234,127,1,66.4884,15.458,70.1346,94.12,53.56
235,127,1,66.5717,15.3704,70.0602,85.7,53.33
236,127,1,66.55,15.4158,70.0907,95.5,53.53
237,127,1,66.6052,15.3416,70.0464,85,54.75
238,127,1,66.4736,15.4148,70.1782,86.58,53.32
239,127,1,66.4775,15.4242,70.1463,93.28,53.87
240,127,1,66.629,15.3569,70.0307,90.06,54.4
241,127,1,66.441,15.433,70.2124,92.62,54.12
242,127,1,66.5186,15.3935,70.1268,85.85,54.3
243,127,1,66.4573,15.3893,70.0938,89.7,54
244,127,1,66.392,15.4127,70.2762,92.87,53.07
245,127,1,66.6441,15.3284,70.0034,85.34,53.73
246,127,1,66.5653,15.3349,70.141,86.13,53.61
247,127,1,66.2923,15.4475,70.3657,85.64,52.86
248,127,1,66.7045,15.3111,70.0251,85.04,53.35
249,127,1,66.5396,15.3917,70.2023,92.39,53.2
250,127,1,66.337,15.4205,70.2927,85.86,53.43
251,127,0,0,0,0,0,49.54
252,127,2,346.872,44.1463,59.6151,92.49,53.46
253,127,2,346.883,43.8659,59.8887,94.29,49.2
254,127,0,0,0,0,0,36.36
255,127,2,49.1475,38.2589,58.3211,47.24,35.72
0,128,0,0,0,0,0,35.11
1,128,0,0,0,0,0,34.81
2,128,0,0,0,0,0,37.18
3,128,0,0,0,0,0,56.01
4,128,1,42.9782,39.5963,74.9964,88.62,48.64
5,128,1,42.6831,39.5268,75.3004,89.35,56.43
6,128,1,42.8281,39.7533,75.1229,94.68,57.4
7,128,1,42.7882,39.5598,75.185,91.14,57.93
8,128,1,43.0407,39.5688,75.0245,87.31,57.12
9,128,1,42.6187,39.5967,75.3021,87.82,57.8
10,128,1,43.0578,39.538,74.8588,92.72,58.16
11,128,1,42.8175,39.4662,75.1379,88.7,57.8
12,128,1,42.8095,39.4872,75.0615,92.89,57.61
13,128,1,42.794,39.508,75.2022,85.98,57.78
14,128,1,42.8827,39.7278,75.2154,89.95,58.46
15,128,1,42.8559,39.5197,75.285,89.57,58.36
16,128,1,42.82,39.7557,75.159,94.38,54.83
17,128,1,270.877,11.6756,76.9811,82.13,52.9
18,128,1,270.981,11.6754,76.9482,90.17,53.75
19,128,1,270.964,11.665,76.8797,92.75,53.46
20,128,1,270.944,11.7109,76.9085,91.96,54.56
21,128,1,270.887,11.7057,76.9495,94.72,55.22
22,128,1,271.343,11.7285,76.4612,91.4,54.59
23,128,1,270.971,11.6965,76.827,93.3,54.44
24,128,1,271.022,11.6828,76.8167,93.72,54.26
25,128,1,270.882,11.7093,76.991,94.05,54.44
26,128,1,271.227,11.7987,76.7581,92.59,55.1
27,128,1,271.315,11.7967,76.6098,91.28,54.34
28,128,1,271.219,11.7422,76.702,94.54,54.66
29,128,1,271.157,11.7362,76.7152,92.63,54.52
30,128,1,271.033,11.7556,76.8453,85.83,54.94
31,128,1,271.063,11.7078,76.7606,92.75,54.49
32,128,1,270.974,11.7338,76.8122,91.88,55.41
33,128,1,271.102,11.7326,76.7905,93.74,54.67
34,128,1,271.089,11.7254,76.7298,92.27,55.27
35,128,1,271.099,11.7472,76.7527,95.81,55.17
36,128,1,270.998,11.7491,76.7727,89.82,54.84
37,128,1,271.113,11.7424,76.8112,93.43,54.76
38,128,1,271.065,11.7795,76.8897,93.99,55.3
39,128,1,271.16,11.7228,76.6473,93.65,54.45
40,128,1,271.091,11.7367,76.8635,93.4,53.7
41,128,0,0,0,0,0,52.72
42,128,1,42.7922,39.721,75.2283,93.53,56.59
43,128,1,42.6219,39.7354,75.3691,92.32,57.52
44,128,1,42.7,39.6966,75.2699,92.87,57.9
45,128,1,42.6223,39.5234,75.2525,89.92,58.16
46,128,1,42.665,39.5041,75.2929,90.75,58.32
47,128,1,42.7433,39.6968,75.2678,91.4,57.08
48,128,1,42.7656,39.6876,75.2761,93.45,58.23
49,128,1,42.8287,39.6787,75.2897,91.25,57.38
50,128,1,42.7084,39.6969,75.2748,92.88,56.19
51,128,0,0,0,0,0,53.48
52,128,1,155.272,38.6171,51.5946,92.38,54.97
53,128,1,155.146,38.6238,51.6005,92.19,54.46
54,128,1,155.201,38.6221,51.5886,91.91,54.22
55,128,0,0,0,0,0,52.29
56,128,1,290.532,12.5723,62.681,91.64,52.01
57,128,1,290.389,12.541,62.7496,90.55,52.7
58,128,1,290.517,12.5642,62.5986,94.61,52.67
59,128,1,290.333,12.5369,62.6926,91.17,52.49
60,128,1,290.429,12.5544,62.6848,89.46,52.66
61,128,1,290.344,12.5707,62.7435,91.25,52.74
62,128,1,290.394,12.5652,62.6696,92,52.8
63,128,1,290.407,12.6045,62.7191,88.8,53.5
64,128,1,290.516,12.5919,62.6471,92.39,52.23
65,128,1,290.367,12.5519,62.7254,91.78,53.32
66,128,1,290.302,12.5723,62.7889,87.53,51.69
67,128,1,290.418,12.5757,62.7425,91.21,53.87
68,128,1,290.416,12.5624,62.7504,90.66,52.48
69,128,1,290.361,12.558,62.7337,91.81,52.52
70,128,1,290.347,12.5646,62.7234,91.12,53.14
71,128,1,290.328,12.5585,62.7445,92.06,51.96
72,128,1,290.372,12.5744,62.6304,92.28,52.17
73,128,1,290.346,12.5683,62.6389,94.02,52.26
74,128,1,290.15,12.5927,62.9389,92.22,53.34
75,128,1,290.327,12.5675,62.7983,91.7,53.41
76,128,1,290.379,12.5869,62.7231,92.59,53.09
77,128,1,290.353,12.6141,62.8176,90.63,53.83
78,128,1,290.187,12.6023,62.8585,90.97,53.66
79,128,1,290.238,12.5814,62.7524,89.12,52.89
80,128,1,290.334,12.5956,62.6245,90.54,52.19
81,128,1,290.306,12.6017,62.7764,91.29,52.64
82,128,1,290.327,12.6213,62.8112,92.11,53.43
83,128,1,290.383,12.6394,62.7119,94.38,52.86
84,128,1,290.329,12.6287,62.7526,91.5,53.3
85,128,1,290.132,12.6145,62.9701,92.56,54
86,128,1,290.236,12.6411,62.8907,93.9,52.56
87,128,1,290.222,12.6002,62.883,94.19,53.8
88,128,1,290.161,12.6089,62.9605,93.12,53.96
89,128,1,290.331,12.6577,62.7959,94.28,53.56
90,128,1,290.242,12.5964,62.774,90.47,53.21
91,128,1,290.245,12.6164,62.8186,95.61,53.69
92,128,1,290.204,12.6402,62.8153,90.63,52.44
93,128,0,0,0,0,0,53.84
94,128,1,155.267,38.561,51.4933,93.29,54.98
95,128,1,155.293,38.5752,51.4541,92.94,55.32
96,128,1,155.353,38.6024,51.421,94.04,56.52
97,128,1,155.271,38.6076,51.4665,91.66,57.25
98,128,1,155.196,38.5994,51.4963,91.85,56.01
99,128,1,155.263,38.6147,51.4496,91.85,56.59
100,128,1,155.342,38.575,51.4041,92.9,54.74
101,128,1,45.7539,19.4599,11.347,95.69,56.18
102,128,1,45.5928,19.4744,11.5487,94.38,56.93
103,128,1,45.5232,19.5166,11.4994,96.07,57.46
104,128,1,45.6121,19.4518,11.5366,94.6,58.21
105,128,1,45.5861,19.4664,11.4805,95.89,57.49
106,128,1,45.5593,19.4474,11.5696,94.65,58.03
107,128,1,45.3415,19.4712,11.6862,89.4,58.46
108,128,1,45.4921,19.4418,11.6037,85.74,58.42
109,128,1,45.5433,19.4297,11.6674,94.69,58.27
110,128,1,45.5516,19.4639,11.5244,93.39,58.18
111,128,1,45.5326,19.4831,11.5826,95.97,57.94
112,128,1,45.5539,19.4479,11.6249,95.44,57.92
113,128,1,45.5499,19.4417,11.5839,95.28,58.36
114,128,1,45.5108,19.4547,11.6672,94.61,57.89
115,128,1,45.4518,19.4388,11.6208,87.03,57.94
116,128,1,45.4782,19.447,11.7173,94.32,58.19
117,128,1,45.607,19.4475,11.5406,93.95,58.14
118,128,1,45.3987,19.4396,11.6936,87.96,58.78
119,128,1,45.5024,19.4478,11.6373,96.24,58.08
120,128,1,45.4511,19.4979,11.574,93.21,58.37
121,128,1,45.5662,19.4444,11.5247,95.39,58.32
122,128,1,45.4645,19.4422,11.5857,94.72,57.61
123,128,1,45.4004,19.4316,11.7,93.19,57.26
124,128,1,45.4557,19.4162,11.6128,88.32,58.09
125,128,1,45.4552,19.42,11.6655,95.33,58.39
126,128,1,45.3573,19.4583,11.6994,94.26,57.5
127,128,1,45.4174,19.4021,11.6792,89.6,58.36
128,128,1,45.4238,19.469,11.6052,95.06,57.53
129,128,1,45.4543,19.4331,11.6484,95.64,57.84
130,128,1,45.462,19.4211,11.667,92.5,58.05
131,128,1,45.462,19.4275,11.6399,92.96,58.58
132,128,1,45.4161,19.3998,11.6587,89.59,57.81
133,128,1,45.4376,19.4232,11.6443,95.08,57.78
134,128,1,45.3066,19.4532,11.7613,89.08,58.73
135,128,1,45.3855,19.4097,11.6482,88.32,58.27
136,128,1,45.4068,19.4404,11.6321,96.19,57.97
137,128,1,45.3921,19.4029,11.6616,89.24,58.35
138,128,1,45.3706,19.4435,11.7462,93.68,58.15
139,128,1,45.3358,19.3808,11.7628,93.09,58.52
140,128,1,45.3604,19.4088,11.6931,95.61,58.65
141,128,1,45.4486,19.4235,11.6702,94.86,57.8
142,128,1,45.4136,19.4359,11.6428,95.91,57.98
143,128,1,45.4439,19.4178,11.6554,95.02,58.57
144,128,1,45.3361,19.4571,11.6607,94.98,58.26
145,128,1,45.4505,19.4516,11.6011,92.95,58.19
146,128,1,45.333,19.4762,11.6598,94.57,57.39
147,128,1,45.2545,19.4033,11.8061,88.85,58.17
148,128,1,45.3381,19.419,11.6539,89.39,58.75
149,128,1,45.3078,19.4384,11.7981,95.33,58.48
150,128,1,45.2904,19.4364,11.8215,93.4,57.41
151,128,1,45.4075,19.4389,11.6582,94.89,57.96
152,128,1,45.2652,19.4037,11.7949,87.89,58.69
153,128,1,45.2591,19.3887,11.886,87.41,58.61
154,128,1,45.4047,19.4033,11.6998,95.14,58.42
155,128,1,45.2632,19.3887,11.7979,94.5,58.81
156,128,1,45.4047,19.4603,11.6488,94.12,57.45
157,128,1,45.361,19.4003,11.7836,97.13,58.05
158,128,1,45.3532,19.4397,11.7437,95.9,58.06
159,128,1,45.3442,19.3793,11.736,93.85,59.06
160,128,1,45.324,19.3936,11.8136,93.17,58.52
161,128,1,45.288,19.4013,11.7518,94.34,58.42
162,128,1,45.334,19.4417,11.6781,95.07,58.1
163,128,1,45.2499,19.4259,11.7489,95.25,58.34
164,128,1,45.1669,19.4275,11.8185,93.77,56.53
165,128,1,155.411,38.6545,51.2692,89.53,54.49
166,128,1,155.522,38.6593,51.2621,92.8,56.77
167,128,1,155.346,38.6805,51.3138,91.69,56.06
168,128,1,155.516,38.6468,51.2131,94.81,57.34
169,128,1,155.458,38.6553,51.244,89.81,56.6
170,128,1,155.459,38.6356,51.2075,93.58,56.49
171,128,1,155.424,38.589,51.2383,91.82,56.51
172,128,1,155.38,38.5594,51.2606,92.15,56.41
173,128,1,155.424,38.5147,51.2261,91.17,55.39
174,128,0,0,0,0,0,52.22
175,128,1,160.87,22.1409,57.0207,88.5,54.8
176,128,1,160.805,22.141,57.055,92.83,54.95
177,128,1,160.763,22.1538,57.0383,89.88,55.94
178,128,1,160.803,22.154,57.0585,93.01,55.68
179,128,1,160.88,22.144,57.0088,88.25,55.57
180,128,1,160.797,22.1352,57.0403,91.8,57.13
181,128,1,160.824,22.1405,57.0305,91.97,55.69
182,128,1,160.843,22.1203,57.0476,92.01,55.2
183,128,1,160.942,22.1236,56.9767,91.43,56.14
184,128,1,161.07,22.129,56.9107,85.8,55.28
185,128,0,0,0,0,0,51.86
186,128,1,255.571,32.5484,23.2706,86.04,55.74
187,128,1,255.478,32.8015,23.368,92.66,56.2
188,128,1,255.434,32.7895,23.3802,92.37,56.13
189,128,1,255.753,32.7721,22.9655,88.56,56.23
190,128,1,255.434,32.7741,23.2927,91.48,56.13
191,128,1,255.479,32.6733,23.239,87.11,57.14
192,128,1,255.844,32.7223,23.1825,91.3,57
193,128,1,255.68,32.8044,23.2616,94.97,55.65
194,128,1,255.788,32.6545,23.128,87.64,56.03
195,128,1,255.574,32.7913,23.2579,91.09,55.3
196,128,1,255.733,32.8156,23.2128,94.17,53.7
197,128,1,256.05,32.8294,22.9763,91.34,53.93
198,128,1,255.957,32.8005,23.0336,88.92,52.2
199,128,0,0,0,0,0,52.02
200,128,0,0,0,0,0,50.97
201,128,0,0,0,0,0,50.84
202,128,1,66.5319,15.5187,70.1239,82.95,50.97
203,128,1,66.6813,15.4632,70.1549,83.34,50.88
204,128,1,66.624,15.4893,70.0672,91.92,52.02
205,128,1,66.7604,15.4129,69.8448,87.84,51.55
206,128,1,66.8207,15.4216,69.8084,84.12,51.61
207,128,1,66.564,15.5109,70.1114,84.95,52.9
208,128,1,66.5802,15.4727,70.0441,85.72,52.98
209,128,1,66.5912,15.4929,70.0402,93.01,53.44
210,128,1,66.8511,15.3504,69.8221,86.11,54.12
211,128,1,66.654,15.45,70.0152,94.28,52.91
212,128,1,66.4366,15.4788,70.1762,84.9,53.88
213,128,1,66.5165,15.4813,70.1496,93.73,54.16
214,128,1,66.7589,15.3973,69.8195,85.51,54.01
215,128,1,66.5664,15.4799,70.1363,94.72,53.93
216,128,1,66.5925,15.4735,70.071,93.48,53.19
217,128,1,66.6508,15.4166,70.0321,92.66,53.43
218,128,1,66.5442,15.4911,70.0684,95.33,53.66
219,128,1,66.7628,15.4034,69.8837,92.31,53.89
220,128,1,66.6623,15.4516,70.0074,93.48,53.33
221,128,1,66.5691,15.4673,70.1812,86.09,53.44
222,128,1,66.5316,15.4639,70.0466,84.84,54.56
223,128,1,66.6917,15.432,70.0284,91.01,54.71
224,128,1,66.5288,15.4811,70.1245,91.62,53.7
225,128,1,66.5024,15.4706,70.2169,93.88,53.61
226,128,1,66.3988,15.4835,70.259,85.48,53.55
227,128,1,66.4374,15.4732,70.2392,85.51,53.73
228,128,1,66.8615,15.4129,69.7683,84.76,54.03
229,128,1,66.5738,15.3912,69.9961,94.81,54.38
230,128,1,66.7443,15.3664,69.9486,92.74,53.83
231,128,1,66.5495,15.4533,70.165,91.98,53.66
232,128,1,66.6391,15.3692,69.9912,85.85,54.03
233,128,1,66.5789,15.3763,69.9888,85.73,53.97
234,128,1,66.736,15.348,69.9333,92.61,53.14
235,128,1,66.3949,15.4544,70.2121,84.14,53.91
236,128,1,66.6343,15.3371,70.0532,85.47,54.12
237,128,1,66.5111,15.4129,70.1288,94.58,53.57
238,128,1,66.5162,15.378,70.1151,87.43,53.35
239,128,1,66.4074,15.4416,70.2831,86.52,52.9
240,128,1,66.3415,15.3705,70.2978,95.21,54.11
241,128,1,66.3554,15.3682,70.2574,88.46,53.29
242,128,1,66.633,15.3517,69.9708,86.11,53.6
243,128,1,66.5424,15.3584,70.0579,94.04,54.28
244,128,1,66.6103,15.3617,69.9374,84.79,53.26
245,128,1,66.2127,15.4427,70.4797,86.77,53.55
246,128,1,66.6023,15.3812,70.122,92.9,53.45
247,128,1,66.566,15.3356,70.1184,92.82,53.68
248,128,1,66.3963,15.4205,70.2807,92.93,53.53
249,128,1,66.652,15.3179,70.0529,90.69,53.84
250,128,1,66.4501,15.3472,70.1316,92.42,53.26
251,128,0,0,0,0,0,49.89
252,128,2,346.744,44.0765,59.6026,90.97,52.95
253,128,0,0,0,0,0,47.5
254,128,0,0,0,0,0,36.16
255,128,0,0,0,0,0,35.84
0,129,0,0,0,0,0,35.49
1,129,0,0,0,0,0,54.57
2,129,0,0,0,0,0,57.3
3,129,0,0,0,0,0,56.29
4,129,1,43.0797,39.6526,74.8718,89,49.18
5,129,1,42.7047,39.5175,75.3572,88.14,56.82
6,129,1,42.648,39.5252,75.2984,88.34,56.53
7,129,1,43.0023,39.6073,74.9217,92.56,56.97
8,129,1,42.5894,39.5661,75.3929,88.4,57.62
9,129,1,43.007,39.5817,74.8645,91.19,57.82
10,129,1,42.8381,39.495,75.037,88.78,57.45
11,129,1,42.7489,39.4297,75.243,91.14,58.74
12,129,1,42.9549,39.524,74.9937,92.02,58.64
13,129,1,42.9633,39.5394,75.0296,92.29,57.51
14,129,1,42.6068,39.5794,75.4178,85.76,56.69
15,129,1,42.9576,39.5483,75.0586,93.04,57.32
16,129,1,42.8521,39.6891,75.2005,92.97,58.41
17,129,1,42.7558,39.7333,75.2463,85.17,54.73
18,129,1,270.944,11.6979,76.9048,82.83,52.35
19,129,1,271.02,11.6963,76.8075,96.02,54.63
20,129,1,271.012,11.7088,76.8196,92.56,54.26
21,129,1,270.981,11.7032,76.9602,96.26,54.74
22,129,1,271.055,11.729,76.8261,92.27,54.76
23,129,1,271.202,11.7773,76.6365,91.06,54.48
24,129,1,270.976,11.7501,76.9255,87.15,54.49
25,129,1,271.109,11.6943,76.6626,94.22,53.49
26,129,1,271.024,11.7297,76.7823,93.71,55.33
27,129,1,271.059,11.722,76.7118,92.37,54.73
28,129,1,271.039,11.7315,76.8609,91.09,54.5
29,129,1,270.944,11.7233,76.8689,92.93,55.29
30,129,1,271.095,11.7277,76.7283,91.64,54.76
31,129,1,271.349,11.76,76.4219,90.06,54.98
32,129,1,271.073,11.7428,76.7613,95.08,54.58
33,129,1,271.037,11.7276,76.7995,92.43,54.78
34,129,1,271.058,11.7627,76.8942,94.67,55.44
35,129,1,271.122,11.746,76.7622,92.65,54.75
36,129,1,270.915,11.7317,76.8643,93.56,55.94
37,129,1,271.02,11.7215,76.7331,93.86,55.2
38,129,1,271.031,11.7405,76.8092,93.16,55.42
39,129,1,271.128,11.7574,76.758,93.95,55.51
40,129,1,271.223,11.7882,76.6111,93.07,54.34
41,129,0,0,0,0,0,52.52
42,129,1,42.7363,39.6899,75.1986,93.09,55.32
43,129,1,42.7419,39.7062,75.2375,94.58,56.59
44,129,1,42.9199,39.5164,75.132,95.03,57.35
45,129,1,42.767,39.7015,75.2196,94.09,57.15
46,129,1,42.6613,39.7092,75.2332,94.96,58.23
47,129,1,42.6554,39.7484,75.3595,93.19,57.81
48,129,1,42.9174,39.5307,74.9879,92.59,58.47
49,129,1,42.6926,39.7129,75.2326,94.24,56.75
50,129,1,42.6282,39.505,75.2967,89.66,54.35
51,129,1,154.837,39.1607,51.9436,74.58,52.85
52,129,1,155.229,38.6377,51.6068,93.45,54.48
53,129,1,155.296,38.6284,51.5569,91.48,53.66
54,129,0,0,0,0,0,52.21
55,129,1,290.448,12.5228,62.5163,93.79,51.27
56,129,1,290.497,12.5576,62.6504,90.85,52.78
57,129,1,290.301,12.5572,62.8508,90.47,52.46
58,129,1,290.375,12.5545,62.7353,91.84,53.18
59,129,1,290.486,12.5468,62.544,92.86,52.33
60,129,1,290.328,12.5594,62.8038,90.69,52.98
61,129,1,290.402,12.5773,62.7396,93.1,52.06
62,129,1,290.311,12.5007,62.7011,92.3,53.03
63,129,1,290.399,12.5568,62.6291,93.96,52.91
64,129,1,290.342,12.5374,62.6982,92.56,52.74
65,129,1,290.368,12.5507,62.6444,92.03,53.67
66,129,1,290.338,12.5253,62.6871,88.81,52.64
67,129,1,290.333,12.5495,62.7969,93.08,52.55
68,129,1,290.318,12.5746,62.7676,89.05,53.42
69,129,1,290.471,12.6034,62.693,91.83,52.94
70,129,1,290.364,12.5573,62.7678,91.62,52.83
71,129,1,290.282,12.5589,62.7902,93.33,52.99
72,129,1,290.394,12.5712,62.7121,90.7,52.16
73,129,1,290.33,12.587,62.7639,90.34,51.93
74,129,1,290.376,12.5941,62.78,93.37,52.59
75,129,1,290.315,12.5696,62.7734,90.75,52.59
76,129,1,290.252,12.6087,62.8503,95.41,52.95
77,129,1,290.302,12.5869,62.8372,91.76,53.08
78,129,1,290.354,12.6091,62.7795,92.63,53.17
79,129,1,290.299,12.5954,62.8417,92.69,53.52
80,129,1,290.304,12.5735,62.7632,89.92,53.34
81,129,1,290.346,12.6191,62.7562,91.49,52.74
82,129,1,290.229,12.614,62.8689,91.55,52.43
83,129,1,290.283,12.6138,62.8136,91.56,52.82
84,129,1,290.296,12.6214,62.7937,95.82,54.07
85,129,1,290.207,12.613,62.8737,92.48,53.31
86,129,1,290.198,12.6272,62.9743,93.72,52.66
87,129,1,290.369,12.6324,62.8126,92.6,52.32
88,129,1,290.431,12.6347,62.7054,92,53.29
89,129,1,290.044,12.6406,63.0702,91.97,54.29
90,129,1,290.126,12.5977,62.9755,89.23,53.62
91,129,1,290.135,12.6032,62.9113,90.91,52.08
92,129,0,0,0,0,0,53.48
93,129,1,155.281,38.6062,51.45,91.94,53.88
94,129,1,155.145,38.617,51.4916,93.51,56.44
95,129,1,155.229,38.6124,51.4744,93.36,56.49
96,129,1,155.336,38.6062,51.4509,94.05,56.66
97,129,1,155.338,38.6218,51.4466,90.83,55.96
98,129,1,155.355,38.5851,51.4471,91.4,56.31
99,129,1,155.449,38.5815,51.473,93.87,57.13
100,129,1,155.237,38.5962,51.4582,89.91,54.8
101,129,1,45.6555,19.4573,11.4237,94.84,56.38
102,129,1,45.4589,19.4714,11.6036,95.57,56.92
103,129,1,45.5975,19.4742,11.5453,95.72,57.54
104,129,1,45.5779,19.4621,11.5532,92.96,57.57
105,129,1,45.5299,19.4761,11.5203,95.33,57.86
106,129,1,45.3601,19.4802,11.6894,87.76,58.15
107,129,1,45.5399,19.4772,11.6292,93.21,57.64
108,129,1,45.4602,19.4962,11.5571,93.3,57.71
109,129,1,45.535,19.464,11.6099,94.04,57.89
110,129,1,45.4017,19.4587,11.7117,96.16,57.8
111,129,1,45.4954,19.4638,11.6865,94.93,57.88
112,129,1,45.5496,19.4632,11.5912,93.07,58.19
113,129,1,45.4044,19.4762,11.658,95.5,57.78
114,129,1,45.3962,19.4679,11.7644,93.2,58.17
115,129,1,45.4235,19.441,11.7415,96.44,57.56
116,129,1,45.4686,19.4669,11.5893,95.6,57.34
117,129,1,45.4557,19.4702,11.6724,93,58.1
118,129,1,45.4764,19.4971,11.6151,95.92,57.86
119,129,1,45.5256,19.4519,11.6017,94.25,57.94
120,129,1,45.423,19.464,11.6737,95.35,57.81
121,129,1,45.4616,19.4131,11.6379,88.5,58.38
122,129,1,45.5591,19.424,11.6185,95.12,57.82
123,129,1,45.3988,19.4415,11.62,88.63,58.44
124,129,1,45.309,19.4267,11.756,89.07,58.6
125,129,1,45.4351,19.4113,11.6369,94.45,58.26
126,129,1,45.3451,19.4032,11.7174,88.07,58.8
127,129,1,45.4768,19.3902,11.712,96.39,58.29
128,129,1,45.3297,19.3963,11.8269,93.04,57.91
129,129,1,45.3826,19.4414,11.6274,87.61,58.59
130,129,1,45.3601,19.4168,11.6318,86.87,58.16
131,129,1,45.3758,19.434,11.6877,94.91,57.98
132,129,1,45.3937,19.4169,11.6201,88.22,58.64
133,129,1,45.3694,19.4353,11.6264,87.03,58.62
134,129,1,45.353,19.3841,11.8275,94.71,58.86
135,129,1,45.405,19.4213,11.7786,93.3,57.84
136,129,1,45.3307,19.3969,11.7726,88.04,58.4
137,129,1,45.3643,19.4622,11.7384,93.18,57.36
138,129,1,45.3644,19.4841,11.6326,90.26,57.94
139,129,1,45.265,19.4872,11.7707,93.37,57.45
140,129,1,45.4372,19.3896,11.71,94.6,58.34
141,129,1,45.4129,19.441,11.6352,93.48,57.89
142,129,1,45.3725,19.4165,11.7278,95.88,58.91
143,129,1,45.2682,19.4076,11.8352,87.25,58.23
144,129,1,45.3962,19.3652,11.8011,87.86,58.7
145,129,1,45.4033,19.4348,11.6752,96.11,57.98
146,129,1,45.4259,19.4562,11.6273,93.9,58.08
147,129,1,45.3725,19.3713,11.7985,95,58.43
148,129,1,45.3169,19.3864,11.8477,87.53,58.47
149,129,1,45.378,19.4293,11.7471,94.97,58.29
150,129,1,45.4342,19.5026,11.482,87.79,57.98
151,129,1,45.3255,19.4289,11.7698,96.84,57.97
152,129,1,45.4293,19.4785,11.4636,87.16,58
153,129,1,45.3549,19.4048,11.8126,94.75,57.25
154,129,1,45.3353,19.4409,11.7065,95.18,58.05
155,129,1,45.5151,19.8128,11.6735,78.6,58.04
156,129,1,45.3534,19.4242,11.7256,94.26,58.62
157,129,1,45.3057,19.3868,11.7565,94.46,57.42
158,129,1,45.2697,19.3871,11.8298,87.08,58.1
159,129,1,45.4476,19.4128,11.669,94.32,57.93
160,129,1,45.3814,19.4211,11.6713,96.17,58.26
161,129,1,45.3059,19.4081,11.7318,93.77,58.71
162,129,1,45.373,19.3868,11.6909,95.41,58.79
163,129,1,45.1702,19.3519,11.8983,85.71,58.96
164,129,1,45.2887,19.3909,11.7393,96.32,55.46
165,129,1,155.391,38.6605,51.3113,92.44,55.41
166,129,1,155.438,38.681,51.3003,93.82,56.9
167,129,1,155.349,38.6552,51.3285,91.17,56.62
168,129,1,155.414,38.6564,51.2961,92.27,56.71
169,129,1,155.445,38.6501,51.2436,93.04,55.65
170,129,1,155.49,38.6283,51.2171,92.28,57.1
171,129,1,155.403,38.5721,51.2397,92.67,56.15
172,129,1,155.423,38.538,51.2316,93.09,56.96
173,129,1,155.734,38.489,51.1218,91.86,57.21
174,129,1,155.588,38.432,51.1567,84.27,53.22
175,129,1,160.815,22.1608,57.0435,91.09,52.89
176,129,1,160.879,22.1472,57.01,91.09,55.32
177,129,1,160.823,22.145,57.0329,90.31,54.22
178,129,1,160.76,22.1434,57.0642,89,55.52
179,129,1,160.935,22.1379,56.9864,88.95,55.07
180,129,1,160.879,22.1344,56.9851,91.36,55.26
181,129,1,160.85,22.1353,57.0218,89.59,55.75
182,129,1,160.902,22.1523,56.9661,92.2,56.42
183,129,1,160.842,22.1217,57.028,92.19,55.17
184,129,1,160.703,22.1191,57.0628,92.29,55.17
185,129,1,161.367,22.1326,56.8035,79.5,52.3
186,129,1,255.696,32.8237,23.2186,90.37,54.77
187,129,1,255.654,32.6594,23.221,89.81,55.65
188,129,1,255.409,32.8086,23.3783,92.14,56.4
189,129,1,255.439,32.8302,23.403,93.2,56.51
190,129,1,255.558,32.8614,23.3196,94.31,56.69
191,129,1,255.686,32.6988,23.2492,91.64,56.63
192,129,1,255.664,32.7121,23.2,89.32,56.44
193,129,1,255.718,32.825,23.1998,93.44,56.47
194,129,1,255.54,32.6021,23.2117,86.14,57.06
195,129,1,255.717,32.7025,23.1582,89.31,55.85
196,129,1,255.486,32.7772,23.28,92.8,56.74
197,129,1,255.613,32.8524,23.2739,93.45,56.74
198,129,1,255.649,32.7925,23.2578,92.54,55.84
199,129,1,255.623,32.8333,23.2671,92.56,56.05
200,129,1,255.617,32.8139,23.2515,87.98,54.64
201,129,1,255.64,32.8486,23.2464,94.22,53.68
202,129,1,255.909,32.8618,23.0696,89.35,51.92
203,129,1,255.979,32.79,23.1228,86.98,51.66
204,129,0,0,0,0,0,51.38
205,129,0,0,0,0,0,51.47
206,129,0,0,0,0,0,51
207,129,0,0,0,0,0,50.9
208,129,1,66.44,15.4942,70.1872,82.13,50.91
209,129,0,0,0,0,0,50.84
210,129,1,66.4567,15.5045,70.1953,87.31,52.56
211,129,1,66.7369,15.4408,70.0232,93.24,52.27
212,129,1,66.4941,15.4955,70.1261,90.68,52.61
213,129,1,66.5675,15.4707,70.17,92.7,53.91
214,129,1,66.6716,15.448,69.9738,92.86,54.01
215,129,1,66.7013,15.4513,70.0057,91.78,53.37
216,129,1,66.6975,15.3921,69.9597,85.27,53.45
217,129,1,66.7849,15.4044,69.9285,92.35,53.46
218,129,1,66.6779,15.4345,70.0055,93.44,54.26
219,129,1,66.5032,15.4098,70.1077,91.65,53.86
220,129,1,66.6236,15.441,69.9959,83.9,54.31
221,129,1,66.4444,15.4765,70.2004,93.13,54.05
222,129,1,66.6126,15.4039,70.0275,86.02,53.28
223,129,1,66.6053,15.4568,70.0848,92.64,54.55
224,129,1,66.4893,15.4652,70.2388,84.52,52.86
225,129,1,66.3868,15.4756,70.2474,84.04,53.72
226,129,1,66.5343,15.4722,70.1041,94.25,54.06
227,129,1,66.7496,15.3753,69.9645,94.63,53.46
228,129,1,66.4413,15.4877,70.1524,93.58,53.67
229,129,1,66.7729,15.3702,69.9517,83.92,53.73
230,129,1,66.5953,15.4113,70.1191,94.45,52.76
231,129,1,66.6663,15.3704,69.9727,93.36,52.94
232,129,1,66.6363,15.3572,70.0346,87.14,53.77
233,129,1,66.6082,15.3739,70.0876,95.7,53.06
234,129,1,66.3745,15.4682,70.1956,93.34,53.79
235,129,1,66.3164,15.4673,70.2296,86.32,54.55
236,129,1,66.567,15.4017,70.1744,92.97,52.94
237,129,1,66.3629,15.4507,70.2404,92.72,53.64
238,129,1,66.7115,15.3169,70.0198,84.99,52.75
239,129,1,66.5435,15.3595,70.1698,83.93,52.98
240,129,1,66.4385,15.4334,70.175,85.19,54.14
241,129,1,66.3836,15.4297,70.3041,85.07,54.27
242,129,1,66.3467,15.4345,70.2018,87.67,54.3
243,129,1,66.4534,15.3605,70.1759,85.53,54.49
244,129,1,66.4398,15.4222,70.1961,91.55,53.52
245,129,1,66.3924,15.4517,70.2668,94.23,53.37
246,129,1,66.442,15.3852,70.2021,90.43,54.32
247,129,1,66.2866,15.4356,70.3167,84.74,53.23
248,129,1,66.3088,15.4216,70.3456,82.89,53.37
249,129,1,66.6073,15.3589,69.999,86.48,53.37
250,129,1,66.3607,15.4063,70.2509,95.03,52.37
251,129,1,66.6046,15.3724,70.0543,92.26,50.83
252,129,2,347.084,44.283,59.4019,84.11,50.56
253,129,2,347.07,44.0184,59.6039,89.23,45.57
254,129,0,0,0,0,0,35.62
255,129,0,0,0,0,0,35.62
0,130,0,0,0,0,0,35.49
1,130,0,0,0,0,0,55.53
2,130,0,0,0,0,0,56.41
3,130,0,0,0,0,0,56.22
4,130,1,42.7137,39.5785,75.2934,89.76,48.41
5,130,1,42.7266,39.54,75.3135,90.49,56.44
6,130,1,42.8496,39.5298,75.2328,89.46,57.26
7,130,1,42.6007,39.5747,75.401,88.64,56.85
8,130,1,42.874,39.5127,75.2236,90.93,57.7
9,130,1,42.9939,39.6822,74.9686,94.95,57.86
10,130,1,42.6747,39.4937,75.3003,89.62,58.3
11,130,1,42.7349,39.4175,75.173,85.02,58.49
12,130,1,42.7277,39.498,75.2407,90.31,58.26
13,130,1,42.9155,39.5676,74.9593,92.01,58.03
14,130,1,42.781,39.4994,75.2637,91.66,57.68
15,130,1,42.6619,39.7656,75.3477,92.89,57.65
16,130,1,42.8573,39.7159,75.1957,94.08,58.33
17,130,1,42.7136,39.738,75.2743,95.62,55.52
18,130,0,0,0,0,0,52.98
19,130,1,271.12,11.6945,76.7617,91.57,54.37
20,130,1,271.052,11.6512,76.8374,92.03,53.91
21,130,1,271.023,11.6968,76.7861,93.44,54.78
22,130,1,271.029,11.6757,76.8173,91.88,53.98
23,130,1,270.908,11.7311,76.981,95.17,55.02
24,130,1,271.041,11.7227,76.8539,93.46,54.14
25,130,1,271.24,11.7352,76.6019,92.4,55.29
26,130,1,270.856,11.7035,76.903,94.05,54.76
27,130,1,271.283,11.7377,76.5836,92.74,54.79
28,130,1,271.092,11.7115,76.8123,93.32,54.69
29,130,1,271.257,11.7572,76.6676,89.42,54.6
30,130,1,271.108,11.7378,76.8073,95.11,54.98
31,130,1,271.197,11.8112,76.7661,91.04,54.77
32,130,1,271.167,11.7406,76.7094,91.56,54.54
33,130,1,270.962,11.7393,76.8794,93.2,55.61
34,130,1,271.004,11.7384,76.883,91.32,54.62
35,130,1,271.045,11.7361,76.7966,93.38,54.76
36,130,1,271.064,11.7682,76.8091,86.44,55.67
37,130,1,271.034,11.755,76.8209,91.39,54.72
38,130,1,271.1,11.7387,76.7579,92.86,55.24
39,130,1,271.2,11.7456,76.6693,92.36,54.61
40,130,1,271.122,11.8145,76.83,95.46,56.06
41,130,1,271.185,11.7342,76.6556,91.52,53.28
42,130,0,0,0,0,0,53.94
43,130,1,42.7767,39.7125,75.2314,92.15,57.24
44,130,1,42.7901,39.7139,75.2298,93.13,57.33
45,130,1,42.66,39.4914,75.3375,90.21,57.81
46,130,1,42.7995,39.6738,75.2972,93.93,58.17
47,130,1,42.6698,39.7208,75.4151,94.06,57.62
48,130,1,42.7089,39.4888,75.3439,89.23,57.64
49,130,1,42.6793,39.6781,75.2905,93.42,57.34
50,130,1,42.9065,39.7161,75.2371,83.74,51.73
51,130,1,155.294,38.6517,51.5395,89.98,54.14
52,130,1,155.311,38.6183,51.5293,91.38,53.79
53,130,0,0,0,0,0,52.86
54,130,1,290.41,12.533,62.7019,93.63,52.29
55,130,1,290.378,12.5372,62.7184,88.86,52.37
56,130,1,290.489,12.5561,62.5186,92.14,52.59
57,130,1,290.499,12.5489,62.6227,91.59,52.86
58,130,1,290.521,12.6111,62.7344,93.34,53.15
59,130,1,290.403,12.563,62.6773,92.65,52.86
60,130,1,290.366,12.5533,62.6638,88.91,52.82
61,130,1,290.426,12.5475,62.674,91.07,52.2
62,130,1,290.294,12.511,62.6789,90.1,53.43
63,130,1,290.338,12.5511,62.6983,89.01,53.53
64,130,1,290.281,12.5671,62.7884,90.84,51.53
65,130,1,290.43,12.5731,62.5726,93.58,53.33
66,130,1,290.288,12.5622,62.8198,91.17,52.9
67,130,1,290.299,12.5432,62.759,93.37,52.54
68,130,1,290.411,12.577,62.5903,93.23,52.29
69,130,1,290.394,12.5226,62.6677,93.91,53.49
70,130,1,290.175,12.5725,62.896,93.46,52.68
71,130,1,290.306,12.5485,62.7688,91.82,52.9
72,130,1,290.288,12.5537,62.7495,93.08,52.98
73,130,1,290.301,12.5894,62.7994,93.03,53.16
74,130,1,290.39,12.576,62.6522,94.95,53.39
75,130,1,290.293,12.5767,62.7737,91.56,53.34
76,130,1,290.361,12.5792,62.6983,90.67,52.99
77,130,1,290.288,12.5492,62.7436,95.52,52.89
78,130,1,290.332,12.5665,62.7817,91.72,54
79,130,1,290.324,12.5818,62.737,95.04,54.1
80,130,1,290.381,12.6264,62.7379,91.6,52.33
81,130,1,290.077,12.5975,62.9374,93.17,53.96
82,130,1,290.252,12.6378,62.8191,89.42,53.96
83,130,1,290.233,12.5703,62.7815,90.77,53
84,130,1,290.199,12.6291,62.8803,93.22,53.19
85,130,1,290.241,12.6039,62.8733,90.9,52.63
86,130,1,290.26,12.5822,62.805,92.86,53.84
87,130,1,290.298,12.6084,62.8018,92.65,52.63
88,130,1,290.369,12.6463,62.7995,93.04,52.38
89,130,1,290.193,12.6228,62.813,92.67,53.15
90,130,1,290.195,12.604,62.9002,89.65,52.84
91,130,1,290.143,12.6554,63.0275,91.19,52.82
92,130,0,0,0,0,0,53.25
93,130,1,155.233,38.6357,51.4716,90.78,56.06
94,130,1,155.36,38.622,51.4409,92.92,56.47
95,130,1,155.32,38.6021,51.4461,94.01,56.7
96,130,1,155.329,38.5937,51.4294,92.63,56.99
97,130,1,155.209,38.6246,51.4746,93.31,57
98,130,1,155.376,38.6079,51.4445,93.46,57.06
99,130,1,155.343,38.6072,51.4347,92.39,56.35
100,130,1,155.366,38.5835,51.4033,91.74,55.45
101,130,1,45.632,19.4358,11.5861,93.96,55.3
102,130,1,45.5216,19.4973,11.4965,96.15,56.44
103,130,1,45.5349,19.4903,11.5002,94.53,56.9
104,130,1,45.5044,19.501,11.5328,94.78,57.43
105,130,1,45.482,19.5035,11.5372,93.29,57.21
106,130,1,45.4434,19.4956,11.6167,94.23,57.2
107,130,1,45.4943,19.4468,11.6662,85.55,57.98
108,130,1,45.4501,19.4322,11.685,85.25,57.99
109,130,1,45.5448,19.4382,11.5944,88.01,58.39
110,130,1,45.4498,19.4851,11.6117,88.92,78.84
111,130,1,45.5003,19.5058,11.538,94.28,57.99
112,130,1,45.5177,19.4469,11.6226,93.57,58.18
113,130,1,45.599,19.4589,11.5211,94.36,57.84
114,130,1,45.5137,19.4454,11.5936,95.04,58.13
115,130,1,45.5557,19.4505,11.6269,95.43,58.18
116,130,1,45.4491,19.4297,11.6535,88.01,58.09
117,130,1,45.431,19.4747,11.7326,95.22,57.98
118,130,1,45.2776,19.4755,11.7087,88.54,59.07
119,130,1,45.4532,19.5021,11.5653,95.41,57.69
120,130,1,45.4059,19.4428,11.5705,85.79,58.46
121,130,1,45.432,19.4659,11.6148,94.82,58
122,130,1,45.4899,19.4381,11.5687,93.41,58.08
123,130,1,45.3065,19.432,11.7178,86.32,59.01
124,130,1,45.4261,19.4019,11.7185,95.18,57.47
125,130,1,45.3578,19.4639,11.7482,95.78,57.68
126,130,1,45.4232,19.4326,11.7294,95.44,57.36
127,130,1,45.387,19.4399,11.6574,94.84,58.08
128,130,1,45.5596,19.4251,11.5637,94.78,57.67
129,130,1,45.5251,19.4361,11.6172,93.54,57.89
130,130,1,45.4826,19.4524,11.5421,94.72,57.84
131,130,1,46.6357,19.0366,10.4381,75.04,58.11
132,130,1,45.3563,19.438,11.7507,95.34,57.58
133,130,1,45.4229,19.4306,11.7496,95.8,57.28
134,130,1,45.4624,19.3734,11.7121,94.36,59.26
135,130,1,45.3149,19.3921,11.7854,93.99,58.58
136,130,1,45.5008,19.4265,11.6205,93.53,58.05
137,130,1,45.3349,19.4034,11.6849,88.08,58.65
138,130,1,45.3413,19.4514,11.6308,92.87,57.34
139,130,1,45.4577,19.4421,11.6193,93.78,57.39
140,130,1,45.357,19.4056,11.7772,94.6,58.81
141,130,1,45.3419,19.3973,11.6886,88.42,58.84
142,130,1,45.3483,19.4451,11.6743,93.35,57.79
143,130,1,45.368,19.4398,11.729,96.08,58.2
144,130,1,45.382,19.4643,11.7638,93.21,58.76
145,130,1,45.3576,19.3927,11.7443,93.7,58.93
146,130,1,45.4778,19.4521,11.5938,95.15,57.86
147,130,1,45.4306,19.421,11.6415,95.66,58.29
148,130,1,45.391,19.4032,11.7055,88.78,58.29
149,130,1,45.3702,19.3633,11.8172,94.4,58.56
150,130,1,45.3249,19.4163,11.693,95.6,58.62
151,130,1,45.2487,19.4391,11.7969,88.07,59.29
152,130,1,45.4269,19.4212,11.6543,94.19,58.53
153,130,1,45.3254,19.4472,11.7182,94.84,58.32
154,130,1,45.3046,19.4765,11.5685,90.53,58.19
155,130,1,45.2228,19.3918,11.855,86.99,58.71
156,130,1,45.3114,19.4174,11.7893,95.92,57.69
157,130,1,45.3171,19.4197,11.7232,94.92,57.7
158,130,1,45.4132,19.4233,11.6407,93.01,58.54
159,130,1,45.1804,19.3967,11.812,86.58,58.9
160,130,1,45.3258,19.4228,11.6973,94.3,57.49
161,130,1,45.3653,19.3797,11.6961,95.15,57.7
162,130,1,45.3827,19.3535,11.7845,94.36,58.08
163,130,1,45.2588,19.4383,11.6875,95.98,57.79
164,130,1,45.326,19.3799,11.7612,94.45,55.36
165,130,1,155.463,38.6554,51.2958,90.62,55.02
166,130,1,155.42,38.6598,51.3125,91.06,55.8
167,130,1,155.37,38.6556,51.2965,92.48,56.25
168,130,1,155.618,38.6538,51.248,94.91,57.51
169,130,1,155.351,38.6523,51.2767,91.25,56.04
170,130,1,155.465,38.629,51.2272,91.67,56.75
171,130,1,155.453,38.5605,51.2276,91.92,56.93
172,130,1,155.526,38.5378,51.1951,91.15,57.46
173,130,1,155.429,38.5386,51.2225,91.67,57.09
174,130,1,155.595,38.5126,51.1738,89.75,53.53
175,130,1,160.737,22.1799,57.0487,86.52,52.46
176,130,1,160.679,22.1597,57.0729,90.69,54.87
177,130,1,160.771,22.1549,57.0743,90.65,54.92
178,130,1,160.798,22.1443,57.0639,89.64,55.49
179,130,1,160.831,22.1536,57.0466,90.91,55.16
180,130,1,160.779,22.1385,57.0405,89.94,55.74
181,130,1,160.969,22.1542,56.9455,88.95,55.22
182,130,1,160.855,22.1475,56.9932,88.96,55.65
183,130,1,160.919,22.1422,56.9829,92.25,55.58
184,130,1,160.952,22.131,56.9406,91.07,55.67
185,130,1,161.016,22.1583,56.8955,90.99,55.05
186,130,1,255.432,32.8041,23.3735,90.35,54.18
187,130,1,255.595,32.7827,23.2829,95.2,55.87
188,130,1,255.564,32.7943,23.2926,93.28,57.06
189,130,1,255.674,32.7004,23.2059,90.53,56.66
190,130,1,255.759,32.6596,23.1255,89.65,56.85
191,130,1,255.683,32.6558,23.1979,90.02,56.26
192,130,1,255.669,32.722,23.2371,91.17,56.16
193,130,1,255.554,32.7201,23.2921,89.2,57.29
194,130,1,255.553,32.8091,23.2775,92.82,56.44
195,130,1,255.572,32.795,23.2586,93.97,56.45
196,130,1,255.697,32.8204,23.2571,92.51,55.91
197,130,1,255.468,32.8161,23.3251,90.04,56.97
198,130,1,255.645,32.6862,23.2074,92.34,56.11
199,130,1,255.518,32.78,23.2977,90.79,57
200,130,1,255.675,32.6602,23.1611,90.08,56.61
201,130,1,255.583,32.6618,23.2005,89.7,56.41
202,130,1,255.654,32.818,23.2412,93.61,56.59
203,130,1,255.636,32.8065,23.2453,92.14,55.94
204,130,1,255.697,32.8033,23.1634,92.01,54.96
205,130,1,255.886,32.8454,23.0819,91.91,54.01
206,130,1,255.875,32.8639,23.1799,92.09,53.5
207,130,1,255.906,32.8446,23.1612,89.95,53.86
208,130,0,0,0,0,0,52.02
209,130,0,0,0,0,0,52.05
210,130,0,0,0,0,0,50.82
211,130,1,66.396,15.5019,70.1944,83.55,50.73
212,130,1,66.5085,15.4808,70.2022,80.03,50.39
213,130,1,66.5216,15.4747,70.2966,87.05,51
214,130,1,66.7115,15.446,70.0315,91.6,52.75
215,130,0,0,0,0,0,52.4
216,130,1,66.4629,15.4995,70.1876,83.97,52.03
217,130,1,66.7651,15.3861,69.8892,85.15,52.95
218,130,1,66.5397,15.3997,70.1175,87.07,53.04
219,130,1,66.6119,15.4109,70.0701,86.76,53.96
220,130,1,66.6432,15.4343,69.9943,92.39,53.81
221,130,1,66.4792,15.4884,70.1212,87.26,53.65
222,130,1,66.49,15.4668,70.1516,92.62,53.43
223,130,1,66.709,15.3733,69.9649,86.53,52.93
224,130,1,66.4626,15.4548,70.2583,93.94,54.16
225,130,1,66.8135,15.3506,69.8383,83.55,53.12
226,130,1,66.6449,15.449,69.9825,92.95,54.18
227,130,1,66.6191,15.4423,70.1106,92.57,54
228,130,1,66.5076,15.4806,70.1272,90.89,54.35
229,130,1,66.7637,15.4012,69.8019,92.9,53.22
230,130,1,66.6111,15.4191,70.0737,95.92,53.33
231,130,1,66.654,15.3537,70.0556,85.1,54.15
232,130,1,66.5501,15.3789,70.0737,92.94,54.44
233,130,1,66.5097,15.4323,70.1097,96.43,54.31
234,130,1,66.3275,15.4568,70.2966,93.26,53.44
235,130,1,66.5505,15.4222,70.1032,93.94,53.34
236,130,1,66.4809,15.4486,70.0931,94.64,54.48
237,130,1,66.7438,15.3627,69.9127,86.88,53.98
238,130,1,66.4283,15.412,70.2833,94.5,54.05
239,130,1,66.375,15.441,70.2723,85.43,54.12
240,130,1,66.6967,15.4009,70.0751,84.43,54.71
241,130,1,66.4228,15.4414,70.1656,91.73,53.57
242,130,1,66.5219,15.4189,70.101,93.02,52.69
243,130,1,66.4401,15.4066,70.2532,87.18,53.7
244,130,1,66.4103,15.4325,70.1419,91.6,54.45
245,130,1,66.4417,15.4208,70.1751,93.68,53.42
246,130,1,66.3712,15.4085,70.3523,93.63,53.5
247,130,1,66.5405,15.39,70.0602,83.9,53.69
248,130,1,66.7252,15.2993,70.0227,82.21,53.89
249,130,1,66.3567,15.4038,70.2884,86.55,53.9
250,130,1,66.4574,15.3951,70.1898,93.19,52.47
251,130,1,66.5184,15.4121,70.1142,92.91,51.86
252,130,0,0,0,0,0,49.5
253,130,2,347.12,44.176,59.6035,92.41,45.26
254,130,0,0,0,0,0,35.73
255,130,0,0,0,0,0,36.24
0,131,0,0,0,0,0,51.91
1,131,0,0,0,0,0,56.11
2,131,0,0,0,0,0,56.41
3,131,0,0,0,0,0,54.81
4,131,1,42.7662,39.554,75.2057,88.18,49.05
5,131,1,42.5907,39.5951,75.3335,86.61,57.21
6,131,1,42.618,39.5919,75.3637,89.36,56.75
7,131,1,42.8801,39.538,75.0419,92.97,57.84
8,131,1,42.7968,39.5605,75.1962,86.05,57.09
9,131,1,43.0576,39.5417,74.86,93.82,57.88
10,131,1,42.8627,39.4686,75.0664,88.28,58
11,131,1,42.8331,39.456,75.2409,91.08,58.45
12,131,1,42.7389,39.4825,75.3191,89.44,58.13
13,131,1,42.7916,39.7152,75.1878,93.17,58.12
14,131,1,42.8093,39.7419,75.1201,93.74,56.73
15,131,1,42.8236,39.7265,75.195,92.61,58.67
16,131,1,42.5505,39.5478,75.4542,89.72,57.92
17,131,1,42.7455,39.7394,75.183,92.42,57.38
18,131,1,42.7761,39.7398,75.2255,92.98,53.69
19,131,0,0,0,0,0,52.87
20,131,1,271.067,11.7164,76.8468,90.78,53.68
21,131,1,271.101,11.7107,76.8221,91.78,54.09
22,131,1,270.985,11.6522,76.9012,92.48,54.07
23,131,1,270.968,11.6883,76.7953,94.07,54.93
24,131,1,271.302,11.8051,76.6778,91.58,55.27
25,131,1,271.158,11.7332,76.684,92.17,54.79
26,131,1,271.105,11.7493,76.789,93.01,55.16
27,131,1,271.103,11.7114,76.7204,94.55,55.13
28,131,1,271.029,11.7094,76.8145,93.86,54.55
29,131,1,271.195,11.7877,76.6983,94.98,55.23
30,131,1,271.104,11.7449,76.8193,93.76,55.66
31,131,1,271.027,11.7448,76.8505,93.6,54.87
32,131,1,271.09,11.7977,76.7924,94.26,55.63
33,131,1,270.973,11.724,76.8162,93.11,54.37
34,131,1,270.963,11.7408,76.8604,93.67,54.64
35,131,1,271.17,11.8124,76.7935,89.59,54.36
36,131,1,271.291,11.8182,76.6666,90.84,55.12
37,131,1,271.09,11.7414,76.6885,91.57,54.64
38,131,1,271.176,11.789,76.68,92.8,55.24
39,131,1,271.245,11.8079,76.6413,92.33,54.93
40,131,1,271.306,11.8293,76.6479,93.27,54.37
41,131,1,271.041,11.7458,76.7228,93.83,54.57
42,131,0,0,0,0,0,52.73
43,131,1,42.7835,39.7091,75.2161,94.79,54.54
44,131,1,42.7861,39.691,75.2588,94.21,57.17
45,131,1,42.777,39.7129,75.2312,92.41,57.42
46,131,1,42.6517,39.4955,75.3061,90.72,58.26
47,131,1,42.6874,39.5249,75.2416,91.93,58.09
48,131,1,42.6953,39.71,75.2358,91.61,58.36
49,131,1,42.8876,39.7102,75.2797,94.87,55.44
50,131,0,0,0,0,0,52.97
51,131,1,155.225,38.6139,51.5771,93.6,54.54
52,131,1,155.242,38.6243,51.5581,84.87,52.19
53,131,1,290.879,12.5326,62.2518,88.53,51.1
54,131,1,290.459,12.5426,62.6306,90.77,52.74
55,131,1,290.415,12.5472,62.6787,91.44,52.46
56,131,1,290.428,12.5597,62.6996,93.28,52.75
57,131,1,290.459,12.5419,62.5899,92.34,52.33
58,131,1,290.344,12.5403,62.7331,92.83,52.68
59,131,1,290.348,12.5329,62.7668,91.3,53.11
60,131,1,290.427,12.5631,62.7739,92.65,53.22
61,131,1,290.297,12.5714,62.7945,92.85,53.62
62,131,1,290.455,12.5813,62.6598,93.12,53.13
63,131,1,290.372,12.5517,62.7022,91.85,52.63
64,131,1,290.456,12.5737,62.6765,92.7,53.68
65,131,1,290.291,12.5664,62.7972,90.62,52.93
66,131,1,290.296,12.5279,62.747,93.25,52.32
67,131,1,290.304,12.5621,62.7242,90.32,52.93
68,131,1,290.344,12.5559,62.6344,95.39,53.33
69,131,1,290.349,12.5769,62.7916,92.36,53.06
70,131,1,290.306,12.5296,62.736,95.09,52.37
71,131,1,290.307,12.5759,62.7345,92.38,52.82
72,131,1,290.41,12.5799,62.7525,92.24,52.85
73,131,1,290.276,12.5547,62.834,91.34,51.82
74,131,1,290.324,12.6177,62.7781,89.62,52.8
75,131,1,290.344,12.5861,62.7197,92.64,52.93
76,131,1,290.442,12.5894,62.6303,92.41,52.51
77,131,1,290.227,12.5632,62.8082,92.02,52.48
78,131,1,290.28,12.5987,62.8361,92.75,53.25
79,131,1,290.25,12.5655,62.8433,91.36,52.65
80,131,1,290.31,12.5781,62.843,93.5,53.08
81,131,1,290.33,12.5976,62.8093,91.94,52.57
82,131,1,290.313,12.6106,62.7787,91.65,52.94
83,131,1,290.3,12.6163,62.8534,90.14,52.57
84,131,1,290.227,12.5903,62.8348,92.05,53.4
85,131,1,290.335,12.6276,62.7077,91.31,53.01
86,131,1,290.281,12.5931,62.8176,90.89,53.24
87,131,1,290.233,12.6594,62.9314,94.85,53.85
88,131,1,290.205,12.5957,62.896,90.49,52.66
89,131,1,290.098,12.6303,63.0202,93.37,53
90,131,1,289.922,12.6395,63.1886,90.72,53.42
91,131,0,0,0,0,0,53.02
92,131,1,155.377,38.5921,51.4061,92.11,55.86
93,131,1,155.354,38.619,51.4222,90.74,55.28
94,131,1,155.296,38.6197,51.4538,92.27,57.29
95,131,1,155.31,38.6242,51.4655,93.01,55.39
96,131,1,155.231,38.5799,51.4643,91.38,57.26
97,131,1,155.289,38.6315,51.471,91.82,56.41
98,131,1,155.327,38.5807,51.4603,92.79,57.39
99,131,1,155.342,38.6062,51.405,94.3,57.09
100,131,1,155.38,38.5706,51.3702,88.91,55.07
101,131,1,45.6397,19.4931,11.4709,95.31,56.27
102,131,1,45.5045,19.4796,11.5798,94.72,57.04
103,131,1,45.6221,19.4552,11.5457,94.93,57.89
104,131,1,45.5204,19.4667,11.5644,95.08,56.81
105,131,1,45.5174,19.4967,11.5189,94.72,57.54
106,131,1,45.5163,19.4702,11.7232,94.73,57.85
107,131,1,45.4036,19.4725,11.6544,94.16,58.36
108,131,1,45.4433,19.4483,11.5884,87.09,58.32
109,131,1,45.4798,19.4459,11.6164,86.64,57.9
110,131,1,45.5049,19.4444,11.5376,94.67,57.21
111,131,1,45.4421,19.4859,11.7079,96.6,57.84
112,131,1,45.4736,19.4949,11.5804,94.72,58.33
113,131,1,45.4039,19.4797,11.6982,94.01,58.27
114,131,1,45.5308,19.4622,11.6168,89.86,58.46
115,131,1,45.3895,19.4204,11.7816,87.75,58.28
116,131,1,45.3469,19.5241,11.644,94.4,57.78
117,131,1,45.3966,19.4964,11.5831,94.5,57.93
118,131,1,45.4226,19.3995,11.7012,92.15,58.17
119,131,1,45.4103,19.4385,11.714,94.27,58.8
120,131,1,45.4146,19.4121,11.7155,87.75,58.53
121,131,1,46.9764,19.1213,10.1923,81.62,58.03
122,131,1,45.4346,19.393,11.6288,86.91,58.31
123,131,1,45.4369,19.433,11.6506,95.24,58.23
124,131,1,45.3374,19.478,11.6422,93.99,57.67
125,131,1,45.5167,19.4244,11.558,94.53,58.32
126,131,1,45.3511,19.4204,11.715,86.66,58.68
127,131,1,45.2833,19.5457,11.7482,87.9,58.31
128,131,1,45.4696,19.3949,11.5953,87.16,57.95
129,131,1,45.4148,19.4154,11.6204,89.53,58.28
130,131,1,45.4455,19.3571,11.798,94.88,58.66
131,131,1,45.3685,19.4689,11.6045,93.77,57.22
132,131,1,45.441,19.463,11.5498,93.87,57.95
133,131,1,45.5342,19.4062,11.592,94.81,58.19
134,131,1,45.3305,19.4217,11.7514,94.86,58.76
135,131,1,45.3709,19.447,11.6894,95.85,57.64
136,131,1,45.4855,19.447,11.5565,95.2,58.06
137,131,1,45.3141,19.4676,11.695,95.04,57.98
138,131,1,45.4448,19.4139,11.7265,93.75,58.44
139,131,1,45.4425,19.3899,11.625,93.39,57.86
140,131,1,45.4188,19.4142,11.6906,86.92,58.43
141,131,1,45.3881,19.3827,11.697,95.51,58.85
142,131,1,45.4468,19.4378,11.6291,93.93,58.32
143,131,1,45.519,19.408,11.6357,93.74,58.01
144,131,1,45.5118,19.4281,11.6285,93.99,58.51
145,131,1,45.3464,19.4504,11.6649,89.06,58.22
146,131,1,45.3303,19.4443,11.8586,92.76,58.03
147,131,1,46.5905,19.0415,10.483,76.74,58.91
148,131,1,45.3289,19.3913,11.7946,87.32,58.73
149,131,1,45.419,19.4391,11.6673,94.8,57.93
150,131,1,45.4302,19.4132,11.6769,95.45,58.19
151,131,1,45.2782,19.4482,11.7445,94.84,58.24
152,131,1,45.315,19.4205,11.7756,89.63,58.24
153,131,1,45.4674,19.3898,11.6273,95.12,58.12
154,131,1,45.349,19.3997,11.7724,93.44,58.79
155,131,1,45.3211,19.4303,11.7728,95.48,57.77
156,131,1,45.3757,19.4097,11.7559,93.7,57.98
157,131,1,45.3817,19.3628,11.7877,94.27,58.95
158,131,1,45.2965,19.4575,11.6916,96.54,58.07
159,131,1,45.4122,19.5049,11.6291,92.9,58.48
160,131,1,45.3864,19.4487,11.5359,88.67,58.31
161,131,1,45.3587,19.397,11.652,93.72,58.01
162,131,1,45.282,19.3753,11.7861,87.49,58.2
163,131,1,45.2838,19.3948,11.783,94.91,57.65
164,131,1,45.351,19.3437,11.8922,91.86,55.79
165,131,1,155.389,38.6425,51.3033,91.93,55.3
166,131,1,155.407,38.6672,51.3179,89.4,56.59
167,131,1,155.474,38.6449,51.2616,95.73,57.69
168,131,1,155.358,38.6771,51.339,92.94,56.82
169,131,1,155.381,38.6467,51.325,92.88,57.37
170,131,1,155.439,38.6113,51.2358,92.14,57.07
171,131,1,155.445,38.5647,51.2424,92.31,57.57
172,131,1,155.372,38.5502,51.2573,92.35,55.98
173,131,1,155.391,38.5414,51.2557,93.13,55.69
174,131,1,155.462,38.5274,51.196,92.54,55.64
175,131,0,0,0,0,0,51.77
176,131,1,160.985,22.1385,57.011,91.34,54.68
177,131,1,160.915,22.1383,57.0289,91.18,55.32
178,131,1,160.895,22.1518,57.0135,88.92,54.74
179,131,1,160.913,22.1444,56.9679,89.81,54.84
180,131,1,160.832,22.146,57.0214,91.31,56.63
181,131,1,160.901,22.157,56.9831,89.14,55.39
182,131,1,160.913,22.1346,56.9897,90.36,55.43
183,131,1,160.782,22.1481,57.0367,91.4,55.76
184,131,1,160.903,22.1467,56.9802,91.42,55.02
185,131,1,160.961,22.1521,56.9544,92.38,55.44
186,131,0,0,0,0,0,52.09
187,131,1,255.604,32.8052,23.3091,90.95,55.57
188,131,1,255.636,32.7942,23.2971,94.38,56.16
189,131,1,255.607,32.8112,23.3027,94.13,56.16
190,131,1,255.749,32.7342,23.2247,91.73,55.52
191,131,1,255.322,32.7687,23.3633,93.89,56.73
192,131,1,255.806,32.672,23.2013,92.29,56.95
193,131,1,255.392,32.7655,23.325,93.17,56.73
194,131,1,255.561,32.8172,23.3521,91.82,56.8
195,131,1,255.731,32.7129,23.1839,89.83,56.26
196,131,1,255.584,32.5677,23.2751,88.8,57.31
197,131,1,255.617,32.6559,23.2215,90.2,56.71
198,131,1,255.698,32.6414,23.1155,90.88,56.75
199,131,1,255.376,32.7964,23.3306,92.93,56.86
200,131,1,255.683,32.6407,23.1577,90.43,56.4
201,131,1,255.568,32.7858,23.2719,92.11,56.87
202,131,1,255.378,32.7962,23.351,92.32,57.21
203,131,1,255.421,32.6692,23.2903,90.28,57.33
204,131,1,255.739,32.6473,23.108,89.68,57.44
205,131,1,255.627,32.6758,23.1874,90.56,55.98
206,131,1,255.526,32.8115,23.2813,89.58,56.47
207,131,1,255.701,32.7326,23.2157,90.06,55.88
208,131,1,255.558,32.6905,23.2253,87.58,55.09
209,131,1,255.581,32.6974,23.2266,89.27,54.84
210,131,1,255.69,32.6938,23.1718,88.16,53.9
211,131,1,254.562,33.1447,24.4674,70.85,52.02
212,131,1,255.884,32.6487,22.9107,79.4,51.57
213,131,0,0,0,0,0,50.97
214,131,0,0,0,0,0,51.63
215,131,0,0,0,0,0,51.18
216,131,0,0,0,0,0,50.34
217,131,1,66.5488,15.4693,70.2021,85.11,50.84
218,131,1,66.5833,15.4889,70.1075,85.25,50.87
219,131,1,66.8612,15.362,69.7933,85.14,51.13
220,131,1,66.6782,15.4346,69.9865,93.59,52.72
221,131,1,66.5663,15.4831,70.1229,83.97,53.68
222,131,1,66.6831,15.4526,70.0619,92.6,53.1
223,131,1,66.7864,15.4073,70.0013,93.96,54.32
224,131,1,66.6043,15.4419,70.0914,94.15,53.62
225,131,1,66.6082,15.4357,70.1067,91.43,53.19
226,131,1,66.7283,15.422,70.0263,94.42,53.93
227,131,1,66.3862,15.462,70.3096,87.29,53.05
228,131,1,66.5777,15.4235,70.1506,92.92,53.59
229,131,1,66.5754,15.4424,70.0834,91.01,54.18
230,131,1,66.6137,15.3997,70.0288,92.54,54.02
231,131,1,66.6254,15.3893,70.0361,90.89,53.05
232,131,1,66.6518,15.4254,70.0393,94.27,52.84
233,131,1,66.4545,15.4632,70.2411,84.43,53.87
234,131,1,66.5259,15.4456,70.0781,93.6,53
235,131,1,66.5746,15.4475,70.0753,93.09,52.34
236,131,1,66.5449,15.3883,70.1865,85.75,53.84
237,131,1,66.5318,15.4058,70.1923,93.51,54.47
238,131,1,66.7029,15.3336,69.9453,82.72,53.9
239,131,1,66.5504,15.3723,70.0387,85.71,53.23
240,131,1,66.3736,15.444,70.2279,93.55,54.84
241,131,1,66.4743,15.3434,70.1503,84.47,53.05
242,131,1,66.3912,15.4443,70.1998,84.36,53.89
243,131,1,66.6016,15.3521,70.0249,86.51,53.17
244,131,1,66.6567,15.3371,69.9711,86.02,52.92
245,131,1,66.5143,15.3738,70.1061,97.24,54.13
246,131,1,66.4728,15.3075,70.2744,88.73,54.39
247,131,1,66.5292,15.4012,70.1592,93.12,54.43
248,131,1,66.505,15.3935,70.1103,93.43,53.17
249,131,1,66.432,15.3476,70.147,93.92,53.67
250,131,1,66.4681,15.4098,70.2202,94.45,51.11
251,131,1,66.7421,15.4221,70.022,91.55,49.42
252,131,0,0,0,0,0,50.77
253,131,2,347.099,44.2334,59.5389,82.12,46.04
254,131,0,0,0,0,0,36.27
255,131,2,134.527,31.3097,68.2966,33.04,35.63
0,132,0,0,0,0,0,51.81
1,132,0,0,0,0,0,55.66
2,132,0,0,0,0,0,56.88
3,132,0,0,0,0,0,56.83
4,132,1,42.8018,39.5504,75.187,90.38,49.91
5,132,1,43.0592,39.6171,74.8209,90.6,56.92
6,132,1,42.6725,39.566,75.3248,91.61,57.63
7,132,1,42.8309,39.7785,75.1499,93.37,56.8
8,132,1,42.9266,39.742,75.0988,93.52,58.6
9,132,1,42.8602,39.5027,75.0543,88.42,58.36
10,132,1,42.9789,39.4753,74.8856,89.36,58.63
11,132,1,42.6293,39.5271,75.3805,89.46,57.6
12,132,1,42.8189,39.7308,75.1279,94.42,57.17
13,132,1,42.787,39.5167,75.2188,89.22,58.2
14,132,1,42.5104,39.5321,75.455,87.72,57.89
15,132,1,42.5054,39.5669,75.4479,86.11,58.1
16,132,1,42.5492,39.5748,75.378,89.18,57.83
17,132,1,42.9561,39.7057,75.1893,91.02,58.04
18,132,1,42.7831,39.7541,75.1393,92.09,56.88
19,132,0,0,0,0,0,52.65
20,132,1,270.885,11.6726,76.9666,92.62,51.63
21,132,1,271.216,11.7487,76.6677,93.03,54.26
22,132,1,271.116,11.6752,76.7123,92.94,53.64
23,132,1,270.942,11.6704,76.7871,92.09,54.28
24,132,1,271.185,11.7347,76.7202,93.31,53.78
25,132,1,271.106,11.7367,76.8033,95.52,54.78
26,132,1,271.16,11.7747,76.6808,92.13,54.06
27,132,1,270.966,11.6941,76.8312,92.31,54.54
28,132,1,271.113,11.7451,76.8312,94.37,55.1
29,132,1,270.994,11.7129,76.8464,92.06,54.31
30,132,1,271.219,11.7419,76.7128,92.2,54.99
31,132,1,271.04,11.7478,76.849,93.47,55.03
32,132,1,271.106,11.7181,76.7201,94.46,55.18
33,132,1,271.143,11.7889,76.7776,93,54.74
34,132,1,271.161,11.8095,76.7656,90.09,55.29
35,132,1,271.166,11.7481,76.6839,94.91,55.17
36,132,1,270.962,11.7819,76.8361,93.8,55.16
37,132,1,271.034,11.7335,76.8585,94.02,54.27
38,132,1,270.985,11.7222,76.806,93.51,54.3
39,132,1,271.074,11.7792,76.8699,94.02,55.06
40,132,1,271.133,11.743,76.7711,93.94,54.55
41,132,1,271.328,11.7956,76.5357,91.87,54.81
42,132,1,271.081,11.724,76.7328,91.93,52.67
43,132,0,0,0,0,0,51.53
44,132,1,42.7575,39.7137,75.2261,94.95,55.58
45,132,1,42.6851,39.7496,75.3762,92.79,57.66
46,132,1,42.734,39.5104,75.2807,90.25,56.95
47,132,1,42.7936,39.6978,75.2723,94.6,58.21
48,132,1,42.7372,39.722,75.2241,94.05,57.13
49,132,1,42.8046,39.6948,75.288,93.31,54.39
50,132,1,155.201,38.6359,51.5616,89.44,52.43
51,132,1,155.205,38.6458,51.588,93.09,53.71
52,132,1,290.537,12.5569,62.6373,83.09,50.23
53,132,1,290.458,12.5397,62.6852,93.22,51.73
54,132,1,290.332,12.5407,62.7866,91.96,52.33
55,132,1,290.338,12.5368,62.7625,88.58,51.69
56,132,1,290.337,12.5632,62.7735,94.12,53.99
57,132,1,290.512,12.5717,62.6062,90.6,52.56
58,132,1,290.402,12.5388,62.675,93.91,52.39
59,132,1,290.363,12.5358,62.7322,93.87,53.76
60,132,1,290.311,12.5902,62.8895,92.28,53.11
61,132,1,290.475,12.5711,62.6053,91.76,53.33
62,132,1,290.31,12.5629,62.8159,91.19,52.91
63,132,1,290.266,12.5438,62.7486,90.57,52.9
64,132,1,290.328,12.5883,62.7771,93.87,53.49
65,132,1,290.352,12.5595,62.7794,92.14,53.71
66,132,1,290.33,12.582,62.8521,91.31,53.08
67,132,1,290.326,12.5685,62.8408,93.17,53.36
68,132,1,290.28,12.5473,62.7941,91.16,52.7
69,132,1,290.408,12.5806,62.7451,94.59,54.14
70,132,1,290.336,12.5715,62.8605,90.46,52.85
71,132,1,290.29,12.5695,62.7603,91.44,53.24
72,132,1,290.299,12.5929,62.8123,90.24,52.47
73,132,1,290.19,12.5383,62.8143,89.92,52.66
74,132,1,290.327,12.5946,62.7994,92.61,53.78
75,132,1,290.28,12.5707,62.7584,91.57,53.53
76,132,1,290.204,12.5854,62.8529,89.65,53.52
77,132,1,290.228,12.5517,62.8097,92.41,52.74
78,132,1,290.081,12.5863,62.9357,91.88,53.12
79,132,1,290.27,12.5793,62.9111,93.89,53.48
80,132,1,290.202,12.6007,62.8473,93.58,54.01
81,132,1,290.254,12.633,62.8631,92.24,53.18
82,132,1,290.342,12.6263,62.8626,92.5,52.52
83,132,1,290.265,12.6075,62.8912,91.26,53.33
84,132,1,290.234,12.6193,62.8917,91.12,53.08
85,132,1,290.256,12.6166,62.7786,91.6,54.2
86,132,1,290.12,12.5942,62.969,95.6,53.57
87,132,1,290.246,12.6313,62.9254,92.95,53.95
88,132,1,290.216,12.6137,62.7932,92.8,53.01
89,132,1,290.121,12.6335,62.9771,89.03,52.84
90,132,0,0,0,0,0,51.94
91,132,1,155.285,38.5635,51.4648,94.29,54.27
92,132,1,155.29,38.6284,51.4371,90.94,56.05
93,132,1,155.343,38.6045,51.441,92.46,56.09
94,132,1,155.218,38.625,51.4913,93.12,56.17
95,132,1,155.235,38.6114,51.4647,90.38,56.7
96,132,1,155.182,38.6374,51.4633,91.39,56.19
97,132,1,155.306,38.6173,51.4397,92.3,56.6
98,132,1,155.446,38.6121,51.3916,89.37,56.87
99,132,1,155.283,38.6023,51.4727,94.23,56.8
100,132,1,155.384,38.5944,51.4005,89.4,53.6
101,132,1,45.5836,19.4484,11.6015,91.82,56.03
102,132,1,45.5621,19.5045,11.5135,96.8,57.81
103,132,1,45.4943,19.5002,11.5242,94.74,57.76
104,132,1,45.5227,19.4685,11.6246,94.31,57.16
105,132,1,45.5629,19.4423,11.6912,93.07,57.78
106,132,1,45.4699,19.4996,11.684,95.02,57.58
107,132,1,45.5266,19.4143,11.6287,88.7,58.73
108,132,1,45.616,19.4724,11.5004,93.03,57.82
109,132,1,45.5298,19.4365,11.5661,86.71,58.61
110,132,1,45.5112,19.4499,11.5867,85.73,58.85
111,132,1,45.6677,19.4706,11.4381,95.28,58.56
112,132,1,45.6788,19.4477,11.4897,93.89,58.22
113,132,1,45.4157,19.4687,11.6635,96.57,57.51
114,132,1,45.5324,19.4587,11.5418,91.79,57.2
115,132,1,45.406,19.4236,11.6836,87.56,58.39
116,132,1,45.471,19.4568,11.6807,96.64,58.42
117,132,1,45.4787,19.4791,11.6086,95.94,57.79
118,132,1,45.4513,19.4158,11.6382,87.53,58.86
119,132,1,45.4812,19.4216,11.5762,95.46,58.93
120,132,1,45.4523,19.4644,11.5943,93.56,57.3
121,132,1,45.4053,19.4175,11.614,95.23,57.79
122,132,1,45.5672,19.4218,11.4829,93.55,57.96
123,132,1,45.403,19.4684,11.6071,95.83,57.44
124,132,1,45.5181,19.4207,11.6027,94.34,58.29
125,132,1,45.5121,19.4381,11.5836,94.65,57.69
126,132,1,45.4514,19.468,11.5497,94.55,58.45
127,132,1,45.4703,19.4104,11.586,87.55,58.63
128,132,1,45.3691,19.4117,11.6485,95.29,58.47
129,132,1,45.5463,19.4321,11.5596,94.48,57.47
130,132,1,45.5194,19.4368,11.569,95.12,57.94
131,132,1,45.3799,19.4729,11.5333,82.92,58.89
132,132,1,45.41,19.437,11.6421,89,57.73
133,132,1,45.458,19.3989,11.7437,94.52,58.55
134,132,1,45.4157,19.4529,11.6862,95.91,58.62
135,132,1,45.4058,19.4013,11.6795,87.42,79.12
136,132,1,45.3515,19.4171,11.7988,87.27,59.36
137,132,1,45.2786,19.4092,11.7405,86.82,58.49
138,132,1,45.3608,19.3895,11.6996,86.68,58.86
139,132,1,45.4443,19.4086,11.7203,95.57,57.71
140,132,1,45.4095,19.4391,11.6563,94.72,57.73
141,132,1,45.3871,19.3915,11.6857,86.86,58.58
142,132,1,45.4512,19.4015,11.6374,95.53,58.62
143,132,1,45.2816,19.4147,11.8339,94.34,58.59
144,132,1,45.3829,19.3882,11.6992,89.56,58.46
145,132,1,45.4585,19.4247,11.615,94.98,58.49
146,132,1,45.4407,19.3797,11.7477,88.27,58.38
147,132,1,45.2467,19.3871,11.8242,95.55,58.32
148,132,1,45.2792,19.4429,11.7532,95.89,57.69
149,132,1,45.5034,19.3948,11.63,95.32,58.22
150,132,1,45.3193,19.4217,11.6628,93.87,58.34
151,132,1,45.445,19.3943,11.619,88.18,58.37
152,132,1,45.4062,19.4349,11.6222,95.6,57.75
153,132,1,45.3944,19.431,11.6624,95.6,56.72
154,132,1,45.3925,19.417,11.7433,88.61,58.2
155,132,1,45.331,19.3963,11.6991,87.69,58.81
156,132,1,45.2532,19.3826,11.8662,88.66,58.55
157,132,1,45.2854,19.4089,11.7078,94.1,57.71
158,132,1,45.2222,19.3949,11.7925,86.49,58.65
159,132,1,45.284,19.4217,11.8152,94.72,58.18
160,132,1,45.3394,19.4356,11.718,95.38,58.03
161,132,1,45.2346,19.4533,11.6236,86.89,58.02
162,132,1,45.3794,19.3883,11.7115,93.82,58
163,132,1,45.3139,19.3568,11.7176,87.89,58.58
164,132,1,45.2947,19.3969,11.7768,93.94,56.72
165,132,1,155.319,38.6322,51.293,89.7,55.52
166,132,1,155.568,38.6488,51.2327,90.99,56.09
167,132,1,155.41,38.6491,51.3122,91.96,56.46
168,132,1,155.471,38.631,51.2825,89.62,56.84
169,132,1,155.433,38.6501,51.308,91.27,56.65
170,132,1,155.487,38.5966,51.2003,93.56,56.92
171,132,1,155.445,38.5591,51.2294,91.92,56.91
172,132,1,155.435,38.5545,51.2292,93.33,55.75
173,132,1,155.462,38.5193,51.1739,91.74,57.38
174,132,1,155.449,38.5272,51.1869,91.9,56.34
175,132,0,0,0,0,0,53.04
176,132,1,160.744,22.1695,57.049,89.4,54.16
177,132,1,161.047,22.1602,56.919,85.69,55.68
178,132,1,160.777,22.1539,57.0438,89.25,55.68
179,132,1,160.86,22.145,57.0102,89.82,55.95
180,132,1,160.984,22.1275,56.967,92.41,56.11
181,132,1,160.997,22.1642,56.9109,87.76,55.26
182,132,1,160.857,22.1316,57.0129,91.42,55.52
183,132,1,160.767,22.1428,57.0326,93.19,55.92
184,132,1,160.946,22.1552,56.9737,93.67,56.71
185,132,1,161.003,22.149,56.9024,90.11,55.67
186,132,0,0,0,0,0,51.7
187,132,1,255.519,32.8117,23.3368,91.93,54.66
188,132,1,255.526,32.6754,23.352,88.62,54.93
189,132,1,255.642,32.787,23.2453,92.58,56.7
190,132,1,255.436,32.8206,23.4355,92.4,55.61
191,132,1,255.578,32.8028,23.3424,95.14,56.18
192,132,1,255.449,32.8355,23.3873,90.83,56.12
193,132,1,255.526,32.7821,23.3221,94.62,57.44
194,132,1,255.521,32.8016,23.32,94.41,56.21
195,132,1,255.682,32.7172,23.2264,90.97,56.88
196,132,1,255.639,32.6712,23.1739,87.12,56.59
197,132,1,255.669,32.6875,23.2007,91.67,56.02
198,132,1,255.734,32.7284,23.1993,91.37,56.21
199,132,1,255.822,32.7387,23.1533,92.11,56.14
200,132,1,255.596,32.8409,23.276,91.73,57.06
201,132,1,255.51,32.8119,23.3465,93.59,57.1
202,132,1,255.448,32.7978,23.2881,91.34,56.83
203,132,1,255.42,32.825,23.3571,91.35,56.77
204,132,1,255.41,32.8246,23.3934,93.57,56.05
205,132,1,255.646,32.8531,23.2554,92.44,57.11
206,132,1,255.615,32.8275,23.2333,91.55,57.32
207,132,1,255.734,32.696,23.1457,93.12,57.16
208,132,1,255.613,32.7688,23.0676,90.94,56.76
209,132,1,255.578,32.796,23.2476,93.82,56.52
210,132,1,255.641,32.6546,23.1752,89.62,56.05
211,132,1,255.719,32.7008,23.1408,90.1,57.03
212,132,1,255.68,32.7891,23.2266,91.77,55.51
213,132,1,255.765,32.7413,23.1557,90.87,54.05
214,132,1,255.585,32.8484,23.3066,88.79,54.4
215,132,1,254.545,33.1214,24.4265,71.12,53.49
216,132,1,254.151,33.1715,24.6619,63.41,51.9
217,132,0,0,0,0,0,50.97
218,132,0,0,0,0,0,51.14
219,132,0,0,0,0,0,50.98
220,132,0,0,0,0,0,50.76
221,132,1,66.3405,15.4919,70.3301,88.34,50.97
222,132,1,66.8265,15.3617,69.8726,82.71,51.47
223,132,1,66.5123,15.4583,70.2793,83.41,52.84
224,132,1,66.7729,15.3971,69.8495,83,52.32
225,132,1,66.5284,15.4674,70.0684,92.35,53.75
226,132,1,66.7364,15.3951,69.927,91.95,53.26
227,132,1,66.5897,15.4429,70.0505,92.43,53.58
228,132,1,66.5806,15.436,70.1292,90.8,53.47
229,132,1,66.512,15.397,70.1516,93.28,53.9
230,132,1,66.4581,15.4491,70.1538,93.07,54.08
231,132,1,66.5189,15.4416,70.0901,94.91,53.44
232,132,1,66.6022,15.4384,70.076,91.26,53.67
233,132,1,66.7058,15.3876,69.9372,93.42,52.67
234,132,1,66.3646,15.4588,70.2004,85.95,52.62
235,132,1,66.5638,15.4335,70.1196,89.53,53.38
236,132,1,66.5224,15.3474,70.1005,83.82,52.72
237,132,1,66.6197,15.3569,70.0351,92.32,53.46
238,132,1,66.7211,15.3422,69.9516,86.29,52.74
239,132,1,66.5826,15.3945,70.1904,85.2,53.66
240,132,1,66.5528,15.3421,70.0786,84.28,54.55
241,132,1,66.5552,15.3824,70.1439,95.16,54.42
242,132,1,66.5162,15.3839,70.1702,87.17,54
243,132,1,66.4373,15.4269,70.1841,83.3,53.64
244,132,1,66.6209,15.384,70.0781,91.88,54.3
245,132,1,66.7068,15.343,69.9803,92.71,53.23
246,132,1,66.4675,15.4118,70.2366,92.72,53.12
247,132,1,66.5293,15.4039,70.0452,94.81,53.51
248,132,1,66.6392,15.3784,70.0396,92.28,53.89
249,132,1,66.5606,15.3614,70.163,84.88,52.74
250,132,1,66.2917,15.414,70.3789,91.26,50.33
251,132,0,0,0,0,0,47.88
252,132,0,0,0,0,0,50.09
253,132,2,346.94,44.1731,59.6814,90.21,46.23
254,132,1,63.8332,49.2206,34.0324,58.9,35.9
255,132,0,0,0,0,0,36.3
0,133,0,0,0,0,0,53.69
1,133,0,0,0,0,0,59.6
2,133,2,63.2418,47.4547,34.5381,43.87,57.51
3,133,0,0,0,0,0,56.63
4,133,1,42.739,39.5735,75.2258,88.13,49.27
5,133,1,42.6444,39.5821,75.3323,87.3,56.64
6,133,1,42.8558,39.7671,75.1188,95.13,57.22
7,133,1,43.0012,39.5833,74.9158,88.48,56.82
8,133,1,42.818,39.4974,75.1372,88.71,58.25
9,133,1,43.0687,39.4746,74.8777,94.12,58.29
10,133,1,42.457,39.4786,75.4203,86.15,58.08
11,133,1,42.5841,39.5391,75.4475,90.65,57.98
12,133,1,42.65,39.5321,75.3789,89.94,58.4
13,133,1,42.5874,39.531,75.3875,88.67,57.71
14,133,1,42.758,39.5273,75.2334,89.89,57.89
15,133,1,42.708,39.5257,75.2275,90.45,57.89
16,133,1,42.9542,39.5781,74.9205,91.66,58.14
17,133,1,42.8673,39.5597,75.0004,90.61,57.26
18,133,1,42.9187,39.5042,75.0836,90.14,57.67
19,133,1,42.7805,39.7223,75.2005,95.21,54.41
20,133,1,271.183,11.696,76.6954,82.99,51.76
21,133,1,271.041,11.6861,76.8641,93.18,53.57
22,133,1,271.031,11.7027,76.7909,94.59,53.28
23,133,1,271.106,11.7217,76.7025,92.83,53.81
24,133,1,271.25,11.723,76.5456,92.18,55.07
25,133,1,270.934,11.7074,76.9287,93.05,54.97
26,133,1,271.125,11.7581,76.6644,91.36,54.84
27,133,1,270.959,11.7135,76.8711,94.22,54.6
28,133,1,270.998,11.7534,76.895,94.03,54.74
29,133,1,271.021,11.6995,76.7938,92.5,54.48
30,133,1,271.18,11.7564,76.7922,92.53,54.35
31,133,1,270.976,11.7581,76.9575,93.43,54.47
32,133,1,271.029,11.7019,76.8545,93.49,54.63
33,133,1,270.954,11.7045,76.8043,92.97,54.2
34,133,1,271.135,11.8005,76.7193,92.27,55.55
35,133,1,271.06,11.7234,76.8812,93.37,54.23
36,133,1,271.104,11.7508,76.8457,94.65,54.17
37,133,1,271.226,11.8036,76.7455,90.46,54.77
38,133,1,270.985,11.7485,76.8343,92.7,55.13
39,133,1,271.354,11.7823,76.4228,91.18,54.8
40,133,1,270.98,11.7562,76.8556,91.9,54.53
41,133,1,271.246,11.7622,76.6197,90.58,54.28
42,133,1,271.15,11.7482,76.6932,92.92,54.19
43,133,0,0,0,0,0,53.24
44,133,1,42.7259,39.7362,75.1661,91.63,54.48
45,133,1,42.7876,39.714,75.2266,94.77,57.03
46,133,1,42.7637,39.7132,75.1904,95.78,57.62
47,133,1,42.6108,39.7525,75.361,92.22,57.26
48,133,1,42.8966,39.5132,75.0463,93.47,56.73
49,133,1,43.0956,39.9289,74.9885,77.35,52.07
50,133,1,155.129,38.6832,51.5994,93.25,52.1
51,133,0,0,0,0,0,51.01
52,133,1,290.477,12.5304,62.6174,90.73,50.42
53,133,1,290.424,12.5559,62.7609,90.37,52.4
54,133,1,290.325,12.5349,62.7004,92.34,53.38
55,133,1,290.27,12.5365,62.7892,88.73,52.21
56,133,1,290.353,12.5568,62.7919,96.33,52.94
57,133,1,290.333,12.5324,62.7642,86.49,53.06
58,133,1,290.36,12.5388,62.7916,89.16,53.02
59,133,1,290.517,12.5508,62.6645,92.02,51.74
60,133,1,290.453,12.5837,62.7462,90.5,52.94
61,133,1,290.418,12.5603,62.7504,91.83,53.26
62,133,1,290.242,12.5793,62.8665,92.9,53.38
63,133,1,290.39,12.5696,62.8066,92.46,52.62
64,133,1,290.348,12.5637,62.7593,91.77,51.64
65,133,1,290.313,12.5556,62.741,91.19,52.72
66,133,1,290.315,12.5534,62.7766,93.31,52.94
67,133,1,290.4,12.5871,62.7653,91.15,53.34
68,133,1,290.318,12.5511,62.7091,94.39,53.01
69,133,1,290.309,12.5646,62.7223,92.27,53.6
70,133,1,290.401,12.5857,62.7873,93.06,52.84
71,133,1,290.208,12.544,62.7986,90.43,52.82
72,133,1,290.316,12.5454,62.7784,91.21,53.32
73,133,1,290.19,12.5351,62.8116,90.55,52.46
74,133,1,290.298,12.5469,62.7405,93.41,52.75
75,133,1,290.223,12.5523,62.8562,88.5,53.07
76,133,1,290.308,12.5829,62.7286,90.36,52.33
77,133,1,290.277,12.6346,62.9288,91.85,53.58
78,133,1,290.204,12.6002,62.9384,94.65,53.75
79,133,1,290.228,12.6147,62.9103,93.45,53.34
80,133,1,290.35,12.5835,62.6867,95.32,52.92
81,133,1,290.248,12.6111,62.8914,93.52,54.13
82,133,1,290.276,12.5736,62.7583,92.86,53.06
83,133,1,290.223,12.5836,62.8658,90.26,53.59
84,133,1,290.153,12.6247,62.9835,92.39,53.65
85,133,1,290.313,12.6256,62.8256,91.1,52.05
86,133,1,290.29,12.6003,62.69,88.91,53.04
87,133,1,290.242,12.6176,62.9272,90.32,52.16
88,133,1,290.112,12.665,63.064,94.74,53.24
89,133,0,0,0,0,0,53.06
90,133,1,155.247,38.5926,51.5044,91.73,53.83
91,133,1,155.263,38.6247,51.4517,90.19,56.04
92,133,1,155.283,38.6086,51.4793,91.34,55.54
93,133,1,155.368,38.6074,51.4575,94.09,56.73
94,133,1,155.381,38.609,51.4346,90.68,55.88
95,133,1,155.189,38.6294,51.4815,91.8,55.81
96,133,1,155.303,38.6157,51.4568,93.45,56.9
97,133,1,155.311,38.6318,51.4309,90.66,56.76
98,133,1,155.378,38.6072,51.4399,95.12,56.88
99,133,1,155.293,38.5901,51.4263,90.21,55.97
100,133,1,155.319,38.618,51.4207,88.24,54.58
101,133,1,45.5767,19.4552,11.5362,91.13,56.26
102,133,1,45.5797,19.4886,11.5108,93.33,57.26
103,133,1,45.5671,19.4976,11.433,94.67,57.17
104,133,1,45.5919,19.4869,11.4984,95.97,58
105,133,1,45.4318,19.4329,11.7028,86.53,58.32
106,133,1,45.5155,19.4788,11.5073,94.69,57.45
107,133,1,45.588,19.4607,11.4705,94.64,58.21
108,133,1,45.5471,19.4703,11.62,93.87,57.49
109,133,1,45.5806,19.4576,11.4291,95.05,57.52
110,133,1,45.5049,19.4781,11.5797,94.09,57.73
111,133,1,45.5362,19.4363,11.6078,94.52,58.04
112,133,1,45.4457,19.4675,11.6155,96.39,57.69
113,133,1,45.5409,19.4039,11.5279,87.69,58.27
114,133,1,45.4354,19.4856,11.6671,97.28,57.94
115,133,1,45.4865,19.428,11.6445,88.16,58
116,133,1,45.4797,19.4199,11.6115,88.44,58.53
117,133,1,45.4438,19.43,11.5734,86.1,58.84
118,133,1,45.4051,19.4499,11.6322,94.67,57.93
119,133,1,45.4819,19.4293,11.6365,95.44,58.06
120,133,1,45.3783,19.3885,11.771,86.48,57.99
121,133,1,45.3626,19.4509,11.7588,94.57,57.92
122,133,1,45.4905,19.406,11.6942,95.37,58.32
123,133,1,45.1848,18.9904,11.8368,76.43,58.19
124,133,1,45.4252,19.3886,11.7146,92.7,57.95
125,133,1,45.4695,19.4473,11.6696,94.98,58.2
126,133,1,45.4243,19.3831,11.6707,94.71,58.12
127,133,1,45.4905,19.4029,11.6936,95.4,58.09
128,133,1,45.3992,19.4035,11.6539,95.48,58.44
129,133,1,45.4911,19.3835,11.7255,95.71,57.69
130,133,1,45.4576,19.4018,11.6878,96.32,58.83
131,133,1,45.3875,19.4041,11.6978,88.79,58.73
132,133,1,45.3721,19.4126,11.6931,88.4,58.15
133,133,1,45.4249,19.4345,11.6358,92.77,58.06
134,133,1,45.5225,19.4123,11.6878,94.23,57.66
135,133,1,45.4543,19.4728,11.6026,95.83,58.43
136,133,1,45.3777,19.4828,11.5616,92.47,56.88
137,133,1,45.3639,19.4105,11.7643,87.27,58.28
138,133,1,45.3377,19.4805,11.6191,94.51,57.55
139,133,1,45.3461,19.4429,11.6638,88.54,58.36
140,133,1,45.4014,19.4488,11.6226,96.79,57.82
141,133,1,45.4545,19.4108,11.616,94.73,57.56
142,133,1,45.3972,19.3905,11.7533,94.37,58.65
143,133,1,45.327,19.3824,11.7988,95.69,58.13
144,133,1,45.2908,19.4526,11.7812,95.82,57.25
145,133,1,45.4127,19.4489,11.6882,96.97,57.8
146,133,1,45.3431,19.3838,11.8219,86.78,59.15
147,133,1,45.4409,19.4317,11.6792,94.54,58.02
148,133,1,45.2862,19.4676,11.6857,93.49,57.89
149,133,1,45.3547,19.3918,11.7272,86.93,59.29
150,133,1,45.3242,19.4575,11.6642,94.88,57.68
151,133,1,45.3159,19.4338,11.7521,95.41,57.57
152,133,1,45.3763,19.4308,11.723,95.56,57.7
153,133,1,45.3004,19.4738,11.7698,97.24,57.32
154,133,1,45.3614,19.3764,11.8018,95.15,58.29
155,133,1,45.3129,19.4417,11.7826,95.88,57.63
156,133,1,45.3566,19.4058,11.7228,93.74,58.67
157,133,1,45.3349,19.4027,11.7752,91.46,57.7
158,133,1,45.4773,19.3626,11.6115,96.6,58.31
159,133,1,45.3044,19.4025,11.8663,97.66,58.46
160,133,1,45.3329,19.4331,11.6889,96.35,58.36
161,133,1,45.2643,19.3893,11.8143,86.93,58.07
162,133,1,45.357,19.3598,11.7401,87.38,58.74
163,133,1,45.3076,19.4445,11.6776,94.01,58.07
164,133,1,45.2083,19.373,11.8735,93.86,56.97
165,133,1,155.419,38.6306,51.3202,89.79,55.17
166,133,1,155.438,38.6027,51.3012,94.45,56.29
167,133,1,155.335,38.6444,51.3067,91.72,57.31
168,133,1,155.48,38.624,51.2994,90.31,56.09
169,133,1,155.531,38.6165,51.2364,88.86,56.65
170,133,1,155.342,38.5822,51.281,90.94,55.81
171,133,1,155.445,38.5601,51.2295,91.86,55.9
172,133,1,155.439,38.5529,51.2072,89.4,57.08
173,133,1,155.456,38.5763,51.2148,89.2,56.46
174,133,1,155.491,38.5524,51.2138,89.96,56.21
175,133,1,155.59,38.5202,51.137,91.27,54.41
176,133,1,160.685,22.1678,57.1124,93.2,51.91
177,133,1,160.713,22.1568,57.0533,92.22,54.78
178,133,1,160.816,22.143,57.0173,91.48,55.2
179,133,1,160.925,22.1463,56.9759,89.09,55.26
180,133,1,161.019,22.1266,56.9232,93.85,55.16
181,133,1,161.055,22.135,56.9264,89.38,54.99
182,133,1,160.838,22.1476,57.0139,91.33,54.32
183,133,1,161.004,22.1426,56.9009,88.34,55.82
184,133,1,160.834,22.1494,56.9963,91.6,54.95
185,133,1,161.048,22.1802,56.8556,88.61,54.61
186,133,1,329.934,26.3527,32.3047,85.16,48.76
187,133,0,0,0,0,0,51.72
188,133,1,255.762,32.7539,23.2478,90.61,55.89
189,133,1,255.616,32.7954,23.3212,93.88,56.08
190,133,1,255.401,32.7516,23.3215,92.59,56.44
191,133,1,255.68,32.7013,23.2522,90.3,56.14
192,133,1,255.446,32.7973,23.3623,92.79,56.9
193,133,1,255.674,32.7524,23.2675,85.24,55.84
194,133,1,255.631,32.8151,23.2709,94.21,56.25
195,133,1,255.604,32.8389,23.2908,93.49,56.51
196,133,1,255.44,32.7845,23.3749,89.48,56.35
197,133,1,255.717,32.8269,23.2533,95.21,56.17
198,133,1,255.627,32.8167,23.2472,93.45,56.54
199,133,1,255.406,32.8007,23.3389,89.44,56.89
200,133,1,255.443,32.8202,23.3913,93.83,55.85
201,133,1,255.816,32.7796,23.0083,91.8,57.34
202,133,1,255.661,32.7103,23.2263,92.47,55.57
203,133,1,255.343,32.8189,23.382,92.46,57.03
204,133,1,255.69,32.8473,23.2257,93.79,56.82
205,133,1,255.599,32.6115,23.1482,84.98,56.12
206,133,1,255.57,32.8278,23.2978,90.72,56.44
207,133,1,255.463,32.8174,23.3545,92.28,56.88
208,133,1,255.761,32.7368,23.1855,91.85,56.23
209,133,1,255.522,32.6779,23.2775,90.06,56.17
210,133,1,255.688,32.6887,23.1824,92.19,56.37
211,133,1,255.579,32.8554,23.2689,94.23,56.83
212,133,1,255.415,32.8384,23.2787,87.76,57.8
213,133,1,255.573,32.6983,23.299,89.76,57.64
214,133,1,255.506,32.8745,23.3935,91.22,56.11
215,133,1,255.57,32.8243,23.2739,93.74,55.76
216,133,1,255.519,32.8135,23.2548,89.7,55.57
217,133,1,255.673,32.8706,23.2665,92.1,54.25
218,133,1,255.828,32.8727,23.2526,93.96,54.26
219,133,1,254.87,33.0458,24.146,77.18,52.07
220,133,1,255.737,32.7978,23.135,87.86,53.41
221,133,0,0,0,0,0,51.83
222,133,0,0,0,0,0,51.36
223,133,0,0,0,0,0,51.24
224,133,1,66.492,15.4678,70.1712,85.23,50.52
225,133,1,66.5559,15.4719,70.0976,84.28,50.47
226,133,1,66.6526,15.3997,69.9819,83.82,51.39
227,133,1,66.8611,15.3872,69.8357,91.82,52.06
228,133,1,66.4881,15.4911,70.138,84.26,52.5
229,133,1,66.7123,15.3843,69.9071,88.81,53.3
230,133,1,66.6597,15.3787,69.9947,86.62,54.1
231,133,1,66.6995,15.3795,69.9414,91.43,52.89
232,133,1,66.4893,15.4343,70.3611,83.7,52.72
233,133,1,66.8023,15.36,69.8746,84.83,53.04
234,133,1,66.6903,15.3975,70.076,92.12,53.75
235,133,1,66.6289,15.4198,70.0878,93.78,52.77
236,133,1,66.5841,15.4115,70.0851,93.14,53.66
237,133,1,66.6023,15.3678,69.9846,85.33,52.49
238,133,1,66.495,15.3705,70.1134,86.95,53.85
239,133,1,66.5633,15.36,70.0709,93.23,54.59
240,133,1,66.5192,15.4055,70.1551,94.65,54.37
241,133,1,66.4434,15.3717,70.1734,85.99,54.34
242,133,1,66.646,15.3559,70.0067,93.88,54.17
243,133,1,66.3936,15.4398,70.2252,93.66,53.94
244,133,1,66.6872,15.3303,70.0014,94.56,53.54
245,133,1,66.6689,15.3408,69.9807,93.87,54.38
246,133,1,66.5399,15.402,70.0899,93.86,53.22
247,133,1,66.6685,15.3351,70.017,89.61,53.86
248,133,1,66.4234,15.4052,70.2656,86.85,53.17
249,133,1,66.6579,15.2961,70.0182,87.04,52.92
250,133,1,66.3524,15.4104,70.2439,81.62,50.7
251,133,2,347.13,43.9591,59.5674,89.48,49.34
252,133,2,346.881,43.9365,59.5295,90.53,51.78
253,133,2,346.853,43.9492,59.6384,90.84,45.49
254,133,0,0,0,0,0,36.32
255,133,0,0,0,0,0,35.92
0,134,0,0,0,0,0,52.9
1,134,0,0,0,0,0,57.06
2,134,0,0,0,0,0,56.54
3,134,0,0,0,0,0,57.38
4,134,1,42.7831,39.541,75.2728,89.88,50.24
5,134,1,42.627,39.5859,75.3115,88.9,57.2
6,134,1,42.7864,39.5229,75.1999,86.27,57.45
7,134,1,43.0389,39.5844,74.8951,93.07,56.99
8,134,1,43.0519,39.5371,74.8919,92.47,57.1
9,134,1,42.8751,39.4026,75.1558,91.69,58.37
10,134,1,43.0226,39.4909,75.0343,93.19,58.41
11,134,1,42.9362,39.5488,75.0206,94.04,57.85
12,134,1,42.7889,39.7171,75.1913,94.55,58.07
13,134,1,42.7889,39.5079,75.2567,92.62,58.08
14,134,1,42.7858,39.5217,75.2632,90.43,57.3
15,134,1,42.8669,39.4926,75.2893,90.59,58.01
16,134,1,42.9731,39.5211,75.0142,91.99,57.99
17,134,1,42.5654,39.5569,75.3765,90,58.21
18,134,1,42.9072,39.5477,75.0109,91.41,57.65
19,134,1,42.91,39.7206,75.0947,94.2,56.54
20,134,0,0,0,0,0,53.44
21,134,1,271.088,11.6662,76.7641,91.97,52.6
22,134,1,271.357,11.753,76.4968,92.41,53.65
23,134,1,270.971,11.7023,76.8441,91.44,55.33
24,134,1,271.089,11.7029,76.7907,93.76,54.75
25,134,1,270.974,11.6931,76.8538,93.69,54.83
26,134,1,271.128,11.7026,76.7344,93.91,55.14
27,134,1,271.08,11.7918,76.8415,92.95,56.04
28,134,1,271.053,11.7451,76.8423,93.5,55.08
29,134,1,271.077,11.7466,76.867,94.95,55
30,134,1,271.065,11.8032,76.8352,94.17,54.98
31,134,1,271.167,11.7313,76.6826,93.33,53.83
32,134,1,271.076,11.7372,76.8586,93.51,54
33,134,1,271.017,11.7183,76.7995,92.35,54.4
34,134,1,271.055,11.7563,76.8682,92.88,54.5
35,134,1,271.343,11.7963,76.6132,93.13,55.04
36,134,1,271.128,11.7681,76.7143,91.88,54.56
37,134,1,271.09,11.7398,76.7961,90.75,54.62
38,134,1,271.021,11.7526,76.853,94.39,54.97
39,134,1,271.368,11.7742,76.4172,91.94,54.73
40,134,1,271.035,11.7147,76.7481,92.64,55.07
41,134,1,271.162,11.7994,76.6537,93.12,55.95
42,134,1,271.271,11.7721,76.5521,91.15,53.83
43,134,1,271.232,11.7702,76.6054,91.14,53.66
44,134,0,0,0,0,0,53.27
45,134,1,42.8544,39.6813,75.2574,90.86,56.57
46,134,1,42.807,39.6894,75.2279,91.02,57.21
47,134,1,42.7743,39.698,75.2176,90.89,57.23
48,134,1,42.7189,39.6963,75.2215,93.78,54.91
49,134,0,0,0,0,0,51.04
50,134,0,0,0,0,0,52.08
51,134,1,290.504,12.5412,62.6915,90.74,50.48
52,134,1,290.396,12.5553,62.7885,93.49,52.42
53,134,1,290.408,12.5429,62.7187,92.84,52.22
54,134,1,290.461,12.5516,62.6883,93.45,51.74
55,134,1,290.487,12.5481,62.6958,91.33,52.75
56,134,1,290.455,12.5466,62.5919,93.87,52.85
57,134,1,290.51,12.5711,62.6425,92.36,52.29
58,134,1,290.353,12.5123,62.6755,91.34,52.77
59,134,1,290.356,12.5576,62.7537,91.15,52.95
60,134,1,290.368,12.5714,62.7561,90.86,53.02
61,134,1,290.208,12.5825,62.9396,95.3,53.56
62,134,1,290.299,12.556,62.7736,90.44,52.63
63,134,1,290.316,12.5357,62.7432,89.67,52.46
64,134,1,290.292,12.551,62.8005,90.65,53.34
65,134,1,290.27,12.5625,62.7263,92.82,53.08
66,134,1,290.247,12.5742,62.8199,92.16,53.03
67,134,1,290.286,12.5704,62.8533,92.51,53.01
68,134,1,290.317,12.5568,62.7561,92.57,52.2
69,134,1,290.393,12.5792,62.626,93.63,52.65
70,134,1,290.334,12.5797,62.7643,91.9,52.82
71,134,1,290.063,12.5386,62.9062,92.95,53.21
72,134,1,290.3,12.5711,62.8049,92.1,52.88
73,134,1,290.209,12.5616,62.8614,90.98,52.96
74,134,1,290.243,12.6014,62.8795,92.47,53.99
75,134,1,290.299,12.5748,62.7398,90.54,51.49
76,134,1,290.264,12.5732,62.7878,91.81,53.14
77,134,1,290.174,12.5742,62.9565,94.11,53.92
78,134,1,290.291,12.5917,62.8013,91.26,52.4
79,134,1,290.244,12.5747,62.807,90.71,52.98
80,134,1,290.193,12.5967,62.854,91.94,53.47
81,134,1,290.207,12.5843,62.8037,92.44,53.8
82,134,1,290.264,12.619,62.8361,93.09,53.8
83,134,1,290.138,12.6324,63.0149,95.27,53.81
84,134,1,290.285,12.6028,62.8032,90.36,53.63
85,134,1,290.143,12.5886,62.929,94.55,53.3
86,134,1,290.197,12.6278,62.9385,93.28,54.22
87,134,1,290.297,12.617,62.8029,93.32,52.84
88,134,1,290.25,12.607,62.8951,92.11,52.05
89,134,1,155.29,38.6053,51.4353,83.79,53.66
90,134,1,155.312,38.5888,51.4561,94.15,55.09
91,134,1,155.288,38.6138,51.4662,90.95,55.78
92,134,1,155.224,38.6289,51.4542,92.98,55.42
93,134,1,155.438,38.6177,51.4377,90.08,56.81
94,134,1,155.351,38.6209,51.4272,92.25,56.22
95,134,1,155.339,38.5992,51.4777,93.15,56.44
96,134,1,155.382,38.6212,51.4357,93.64,56.67
97,134,1,155.287,38.6178,51.441,92.92,57.24
98,134,1,155.217,38.6237,51.496,94.26,57.12
99,134,1,155.414,38.5775,51.4097,92.97,57.34
100,134,1,155.364,38.5944,51.3808,87.94,53.54
101,134,1,45.6658,19.4733,11.459,96.2,55.12
102,134,1,45.5785,19.4601,11.6251,94.07,57.89
103,134,1,45.4758,19.5104,11.5701,95.79,57.25
104,134,1,45.608,19.4695,11.4736,87.88,58.17
105,134,1,45.5881,19.4612,11.4225,95.01,57.57
106,134,1,45.4943,19.4715,11.6986,96.46,57.19
107,134,1,45.6096,19.4534,11.4664,94.95,57.42
108,134,1,45.4696,19.4377,11.6034,87.81,57.97
109,134,1,45.4891,19.488,11.5449,94.06,57.33
110,134,1,45.484,19.4165,11.6066,88.3,58.72
111,134,1,45.4552,19.4949,11.5431,96.11,57.76
112,134,1,45.4159,19.5253,11.5769,94.29,57.89
113,134,1,45.6001,19.4455,11.4628,94,57.37
114,134,1,45.4861,19.4969,11.5315,95.94,57.69
115,134,1,45.5552,19.4563,11.5558,92.6,57.96
116,134,1,45.4604,19.4836,11.6245,94.14,58.1
117,134,1,45.509,19.4141,11.57,85.93,58.76
118,134,1,45.4065,19.427,11.6683,88.21,58.49
119,134,1,45.4769,19.4608,11.5556,96.25,57.7
120,134,1,45.5815,19.4083,11.5646,94.74,58.08
121,134,1,45.483,19.4013,11.5835,88.57,58.73
122,134,1,45.4307,19.4083,11.5606,86.48,59.06
123,134,1,45.4172,19.4354,11.6995,94.54,57.88
124,134,1,45.5392,19.4071,11.5509,94.87,57.94
125,134,1,45.4153,19.4314,11.6915,92.65,58.21
126,134,1,45.5407,19.4399,11.5301,93.69,58.25
127,134,1,45.4234,19.3853,11.6974,95.13,58.22
128,134,1,45.3067,19.4844,11.7662,95.44,57.62
129,134,1,45.3591,19.4444,11.6086,87.46,58.49
130,134,1,45.4999,19.4376,11.5406,93.34,58.05
131,134,1,45.1898,19.7558,11.9112,87.65,58.09
132,134,1,45.536,19.4127,11.6021,95.21,58.56
133,134,1,45.3934,19.4101,11.672,86.78,58.77
134,134,1,45.3712,19.4044,11.6911,87.11,58.14
135,134,1,45.3988,19.4316,11.6308,86.48,58.89
136,134,1,45.465,19.4345,11.6106,95,58.2
137,134,1,45.417,19.4443,11.652,95.07,58.19
138,134,1,45.3577,19.4061,11.727,87.69,58.12
139,134,1,45.3709,19.469,11.6396,93.69,58.15
140,134,1,45.3904,19.3975,11.674,87.61,58.22
141,134,1,45.3184,19.4698,11.7143,96.23,57.73
142,134,1,45.3352,19.4673,11.6151,88.69,58.48
143,134,1,45.3141,19.3879,11.8082,85.56,57.57
144,134,1,45.4782,19.3975,11.7088,93.9,57.45
145,134,1,45.3898,19.3635,11.7068,94.98,58.67
146,134,1,45.4836,19.4259,11.6187,94.32,58.84
147,134,1,45.4296,19.4237,11.6064,94.37,57.8
148,134,1,45.3037,19.4007,11.7783,87.97,58.4
149,134,1,45.3882,19.4376,11.6516,95.59,58.68
150,134,1,45.2751,19.3744,11.9079,88.13,58.41
151,134,1,45.3826,19.421,11.7087,92.55,57.94
152,134,1,45.3619,19.4196,11.6983,94.84,57.82
153,134,1,45.3909,19.3938,11.6288,87.53,58.9
154,134,1,45.3093,19.454,11.6966,93.14,57.47
155,134,1,45.7954,19.1003,11.1818,83.06,57.97
156,134,1,45.2987,19.3828,11.7283,88.82,58.37
157,134,1,45.3428,19.4056,11.6693,96.08,57.91
158,134,1,45.2902,19.4061,11.7702,95.44,57.85
159,134,1,45.3077,19.425,11.7284,95.31,58.04
160,134,1,45.3937,19.4086,11.6568,94.53,57.75
161,134,1,45.2328,19.4068,11.8263,96.5,57.74
162,134,1,45.3763,19.3951,11.716,94.76,57.79
163,134,1,45.373,19.3944,11.729,94.92,58.84
164,134,1,45.2693,19.3917,11.8548,91.18,55.98
165,134,1,155.382,38.5984,51.2926,89.43,55.37
166,134,1,155.419,38.6149,51.2812,92.32,55.59
167,134,1,155.465,38.6278,51.2734,94.53,56.99
168,134,1,155.445,38.6105,51.2904,92.15,55.25
169,134,1,155.521,38.5886,51.1804,95.5,57.3
170,134,1,155.426,38.5983,51.2384,92.71,56.93
171,134,1,155.382,38.5639,51.2429,92.96,56.61
172,134,1,155.448,38.5562,51.2249,91.91,56.01
173,134,1,155.374,38.5229,51.2418,92.52,57.28
174,134,1,155.497,38.535,51.201,90.61,56.56
175,134,1,155.465,38.5123,51.1884,92.83,55.54
176,134,0,0,0,0,0,53.25
177,134,1,160.931,22.1539,56.9923,88.23,54.26
178,134,1,160.992,22.1608,56.94,90.55,55.66
179,134,1,161.071,22.1696,56.8765,92.29,56.38
180,134,1,160.85,22.1596,56.9763,89.98,55.13
181,134,1,160.976,22.1421,56.9086,93.73,55
182,134,1,160.713,22.1569,57.0305,92.31,55.8
183,134,1,160.908,22.103,57.0194,91.89,55.23
184,134,1,161.098,22.1087,56.9008,89.74,56.01
185,134,1,160.94,22.204,56.9104,92.77,53.55
186,134,1,329.783,26.329,32.4341,81.52,49.83
187,134,0,0,0,0,0,49.89
188,134,1,255.384,32.7695,23.4047,89.2,54.34
189,134,1,255.609,32.7687,23.27,92.38,56.22
190,134,1,255.569,32.7927,23.2876,92.03,55.87
191,134,1,255.351,32.7996,23.4078,90.54,55.83
192,134,1,255.624,32.7279,23.2686,87.5,56.37
193,134,1,255.517,32.8078,23.2945,92.31,56.32
194,134,1,255.617,32.8214,23.2332,92.23,55.7
195,134,1,255.445,32.7906,23.3123,91.08,56.23
196,134,1,255.471,32.7824,23.2972,91.33,56.21
197,134,1,255.585,32.6906,23.3139,87.15,56.75
198,134,1,255.688,32.8064,23.2266,92.55,56.33
199,134,1,255.578,32.8023,23.296,95.23,56.86
200,134,1,255.74,32.6984,23.1605,93.17,56.8
201,134,1,255.398,32.8184,23.3393,89.82,56.65
202,134,1,255.756,32.7283,23.2395,92.56,56.1
203,134,1,255.586,32.8096,23.2872,92.5,57.05
204,134,1,255.602,32.9242,23.346,87.94,57.43
205,134,1,255.705,32.6935,23.1601,90.81,56.44
206,134,1,255.555,32.8433,23.2487,89.79,56.31
207,134,1,255.558,32.8479,23.25,93.46,57.17
208,134,1,255.734,32.645,23.1375,90.91,56.83
209,134,1,255.722,32.8384,23.0603,91.08,56.68
210,134,1,255.719,32.6988,23.1413,91.92,57.15
211,134,1,255.596,32.5947,23.0976,86.84,56.81
212,134,1,255.404,32.8288,23.3276,88.14,56.42
213,134,1,255.794,32.6265,23.1619,88.36,57.97
214,134,1,255.42,32.8279,23.3211,92.09,56.72
215,134,1,255.742,32.748,23.1757,90.71,56.91
216,134,1,255.774,32.872,23.2564,92.64,56.46
217,134,1,255.606,32.8689,23.2528,93.26,57.42
218,134,1,255.556,32.8668,23.2452,91.62,56.75
219,134,1,255.51,32.8233,23.2932,93.62,56.26
220,134,1,255.567,32.7865,23.0874,89.11,55.9
221,134,1,255.711,32.7634,23.1717,88.51,54.14
222,134,1,255.772,32.7585,23.2117,90.32,53.32
223,134,1,255.764,32.6811,23.1277,88.63,53.12
224,134,1,254.208,33.2564,24.774,65.4,50.55
225,134,0,0,0,0,0,47.5
226,134,0,0,0,0,0,50.82
227,134,0,0,0,0,0,49.86
228,134,1,66.3954,15.4982,70.2112,83.72,50.9
229,134,0,0,0,0,0,51.41
230,134,1,66.5427,15.4325,70.1029,89.6,52
231,134,1,66.6651,15.4342,70.0972,86.42,52.71
232,134,1,66.5562,15.4498,70.1672,87.45,52.53
233,134,1,66.7515,15.3931,70.0322,89.64,54.3
234,134,1,66.437,15.4528,70.2396,91.93,53.5
235,134,1,66.559,15.4363,70.082,93.66,54.33
236,134,1,66.7025,15.3718,69.9739,93.75,53.39
237,134,1,66.5792,15.4151,70.0285,85.98,53.35
238,134,1,66.6366,15.3683,69.982,94.59,53.83
239,134,1,66.4472,15.4226,70.2468,84.03,53.37
240,134,1,66.7302,15.3542,69.9221,94.14,53.29
241,134,1,66.6117,15.3618,70.1009,85.21,53.74
242,134,1,66.6115,15.3545,70.0374,87.53,53.48
243,134,1,66.7678,15.316,69.9183,87.35,53.94
244,134,1,66.5737,15.3675,69.9918,88.3,52.78
245,134,1,66.3135,15.4449,70.3135,85.36,53.81
246,134,1,66.4355,15.3648,70.13,87.23,54.01
247,134,1,66.5637,15.3949,70.0896,93.34,53.23
248,134,1,66.4429,15.4152,70.249,86.32,52.02
249,134,1,66.5636,15.3642,70.137,92.3,54.48
250,134,1,66.3777,15.3662,70.3808,87.13,50.32
251,134,0,0,0,0,0,51.41
252,134,2,347.104,43.943,59.4933,89.98,53.88
253,134,2,346.966,43.788,59.6362,90.95,46.63
254,134,0,0,0,0,0,36.05
255,134,0,0,0,0,0,35.64
0,135,0,0,0,0,0,53.59
1,135,0,0,0,0,0,60.17
2,135,0,0,0,0,0,56.69
3,135,0,0,0,0,0,36.19
4,135,1,42.5828,39.52,75.2871,87.14,50.45
5,135,1,42.9797,39.5839,74.9447,90.47,56.75
6,135,1,42.8213,39.7664,75.0922,94.94,57.3
7,135,1,43.0685,39.5634,74.9156,90.49,58.15
8,135,1,42.9339,39.5198,75.0296,87.72,59.74
9,135,1,42.8641,39.709,75.1943,93.75,57.64
10,135,1,42.8306,39.5006,75.1903,87.16,57.37
11,135,1,43.1079,39.5687,75.0203,91.04,58.44
12,135,1,43.0355,39.5651,74.9313,90.09,58.77
13,135,1,42.7048,39.7567,75.3188,92.97,58.34
14,135,1,42.9474,39.5394,75.0059,93.86,58.2
15,135,1,42.7819,39.7121,75.1774,92.26,57.97
16,135,1,42.5827,39.5539,75.3979,88.44,57.95
17,135,1,43.0486,39.5294,74.9277,94.02,57.91
18,135,1,42.7935,39.5349,75.2069,92.2,57.77
19,135,1,42.7365,39.4972,75.2514,88.09,58.03
20,135,1,42.8118,39.7151,75.2424,93.15,55.68
21,135,1,271.028,11.7028,76.831,85.36,52.62
22,135,1,271.04,11.6903,76.8517,93.34,53.79
23,135,1,271.246,11.7556,76.6546,88.71,54.89
24,135,1,271.318,11.7714,76.5699,93.62,54.56
25,135,1,270.959,11.7057,76.8827,92.84,54.94
26,135,1,271.025,11.7073,76.8065,93.46,53.99
27,135,1,271.153,11.8047,76.9085,89.2,54.49
28,135,1,270.901,11.7129,76.9055,94.3,55.7
29,135,1,271.142,11.7092,76.7311,92.64,54.06
30,135,1,271.041,11.7241,76.8236,93.67,53.82
31,135,1,271.028,11.7157,76.8116,93.34,55.24
32,135,1,271.013,11.7038,76.7607,91.42,54.16
33,135,1,271.113,11.7394,76.7727,93.24,55.11
34,135,1,271.197,11.8042,76.817,91.01,55.06
35,135,1,271.359,11.7839,76.5252,94.58,55.07
36,135,1,271.111,11.7106,76.7937,92.1,54.04
37,135,1,271.028,11.7738,76.9471,92.31,54.7
38,135,1,271.31,11.7658,76.5326,94.3,54.25
39,135,1,271.36,11.7647,76.4723,93.63,54.79
40,135,1,271.051,11.7453,76.8347,92.37,53.85
41,135,1,271.383,11.7913,76.5729,93.14,55.03
42,135,1,271.001,11.7324,76.8614,92.67,54.19
43,135,1,271.063,11.7551,76.8186,91.44,54.26
44,135,1,271.164,11.7996,76.8034,82.81,53.06
45,135,1,42.7418,39.7333,75.1912,85.52,54.46
46,135,1,42.7635,39.7369,75.2014,95.18,56.67
47,135,1,42.6797,39.6984,75.2459,92.73,56.98
48,135,1,42.7692,39.6679,75.2482,95.66,52.6
49,135,0,0,0,0,0,49.65
50,135,1,290.506,12.5551,62.6367,91.08,51.18
51,135,1,290.335,12.5353,62.697,92.96,52.65
52,135,1,290.336,12.5424,62.7817,89.75,51.88
53,135,1,290.334,12.5435,62.7651,90.97,51.57
54,135,1,290.321,12.5364,62.7987,90.13,52.57
55,135,1,290.535,12.5538,62.7009,92.79,53.55
56,135,1,290.367,12.5054,62.6653,93.02,52.18
57,135,1,290.455,12.5619,62.7422,91.83,52.96
58,135,1,290.287,12.5352,62.8463,86.38,52.89
59,135,1,290.352,12.5197,62.7295,92.72,52.12
60,135,1,290.305,12.5188,62.7584,89.17,53.06
61,135,1,290.416,12.5595,62.7492,92.63,52.63
62,135,1,290.346,12.5588,62.7813,89.46,52.49
63,135,1,290.353,12.5788,62.7718,92.47,52.74
64,135,1,290.34,12.5324,62.7394,92.37,52.94
65,135,1,290.287,12.5883,62.7451,95.4,53.62
66,135,1,290.246,12.5783,62.838,90.18,53.22
67,135,1,290.307,12.56,62.7828,90.84,52.94
68,135,1,290.299,12.582,62.7753,91.52,52.8
69,135,1,290.359,12.5916,62.8334,93.87,52.8
70,135,1,290.323,12.5495,62.751,92.3,52.56
71,135,1,290.274,12.567,62.7968,93.84,52.88
72,135,1,290.291,12.5624,62.8402,90.63,52.7
73,135,1,290.319,12.5775,62.7236,93.37,53.29
74,135,1,290.282,12.5649,62.7834,93.06,52.93
75,135,1,290.328,12.5873,62.8377,93.5,53.39
76,135,1,290.278,12.5648,62.8104,89.03,52.76
77,135,1,290.067,12.5832,63.0252,92.61,53.44
78,135,1,290.29,12.5939,62.8321,95.14,53.29
79,135,1,290.189,12.5546,62.8689,91,53.05
80,135,1,290.235,12.6112,62.8298,93.51,53.93
81,135,1,290.296,12.6365,62.8724,91.42,53.88
82,135,1,290.306,12.5914,62.7696,90.02,52.57
83,135,1,290.136,12.5933,62.9431,91.09,52.84
84,135,1,290.275,12.6517,62.9456,92.67,53.63
85,135,1,290.188,12.6137,62.9298,87.95,53.12
86,135,1,290.137,12.5895,62.9697,91.77,53.23
87,135,1,290.534,12.6003,62.6468,91.11,52.33
88,135,0,0,0,0,0,52.71
89,135,1,155.155,38.6416,51.5095,91.12,55.2
90,135,1,155.274,38.633,51.4657,90.26,56.25
91,135,1,155.299,38.6302,51.4515,92.28,56.22
92,135,1,155.234,38.6385,51.4708,93.17,55.67
93,135,1,155.314,38.6254,51.4559,91.64,56.39
94,135,1,155.211,38.6377,51.4772,93.14,56.48
95,135,1,155.293,38.6183,51.4627,92.6,57.14
96,135,1,155.194,38.6392,51.4757,90.52,56.97
97,135,1,155.372,38.6215,51.3935,89.18,56.11
98,135,1,155.398,38.6179,51.4409,92.94,56.11
99,135,1,155.398,38.6186,51.3772,95.87,57.95
100,135,1,155.334,38.6211,51.4257,89.83,54.73
101,135,1,45.7006,19.445,11.5409,93.77,56.45
102,135,1,45.6483,19.4379,11.499,93.94,58.08
103,135,1,45.6257,19.4763,11.4439,95.82,57.92
104,135,1,45.5325,19.4958,11.5038,93.86,57.11
105,135,1,45.5421,19.5045,11.4779,94.26,57.81
106,135,1,45.5453,19.4795,11.5243,94.65,57.83
107,135,1,45.5719,19.483,11.4618,93.62,58.16
108,135,1,45.5447,19.4407,11.5454,94.58,57.28
109,135,1,45.4352,19.4272,11.6923,86.9,58.2
110,135,1,45.4004,19.4333,11.7156,92.88,57.7
111,135,1,45.5069,19.4625,11.61,95.17,57.13
112,135,1,45.3715,19.4451,11.6532,86.18,58.22
113,135,1,45.5236,19.4359,11.6144,87.6,58.25
114,135,1,45.4682,19.4489,11.6235,91.45,58.36
115,135,1,45.451,19.4639,11.6464,96.09,57.6
116,135,1,45.4465,19.4765,11.646,96.68,57.17
117,135,1,45.4285,19.4813,11.5665,96.05,57.7
118,135,1,45.6026,19.4283,11.4749,94.5,57.89
119,135,1,45.4905,19.4371,11.6143,92,58.65
120,135,1,45.583,19.4193,11.5105,95.35,58.67
121,135,1,45.4311,19.3958,11.6752,87.15,58.46
122,135,1,45.539,19.4216,11.5357,96.65,58.09
123,135,1,45.4546,19.4028,11.7546,94.22,58.14
124,135,1,45.4392,19.4417,11.5953,93.9,58.35
125,135,1,45.4382,19.4201,11.7034,96.6,57.5
126,135,1,45.4146,19.4747,11.6156,93.97,57.75
127,135,1,45.5049,19.447,11.566,93.99,57.82
128,135,1,45.5159,19.4367,11.59,96.88,57.88
129,135,1,45.4225,19.421,11.7374,93.07,57.8
130,135,1,45.3309,19.4938,11.6893,97.09,57.33
131,135,1,45.4347,19.3932,11.7619,89.2,58.45
132,135,1,45.4572,19.4219,11.6071,94.94,58.04
133,135,1,45.3414,19.4337,11.7094,89.02,58.52
134,135,1,45.5128,19.4289,11.5811,95.29,58.07
135,135,1,45.4447,19.4635,11.592,94.29,57.72
136,135,1,45.4052,19.4407,11.7515,95.93,58.14
137,135,1,45.4707,19.4417,11.57,94.14,57.79
138,135,1,45.4731,19.4316,11.5941,96.15,57.32
139,135,1,45.4615,19.404,11.7625,93.62,58.55
140,135,1,45.4717,19.4238,11.6019,95.07,58.26
141,135,1,45.3828,19.4164,11.7405,95.38,58.43
142,135,1,45.3508,19.4786,11.6428,94.14,57.51
143,135,1,45.336,19.471,11.6556,94.91,57.57
144,135,1,45.3762,19.4407,11.6642,95.32,57.44
145,135,1,45.3461,19.4296,11.7315,95.2,58.01
146,135,1,45.3079,19.407,11.7885,94.88,59.14
147,135,1,45.3329,19.3777,11.7649,94.55,58.33
148,135,1,45.3911,19.3987,11.672,87.11,58.84
149,135,1,45.2563,19.3762,11.9257,87.38,58.85
150,135,1,45.3778,19.4727,11.6045,95.21,58.67
151,135,1,45.3756,19.4069,11.7792,95.04,57.54
152,135,1,45.2701,19.3909,11.8514,86.28,57.78
153,135,1,45.4266,19.3969,11.6954,94.24,58.09
154,135,1,45.3101,19.4222,11.7918,93.7,57.67
155,135,1,45.3617,19.4136,11.7093,95.95,57.85
156,135,1,45.123,18.9746,11.8936,75.84,58.91
157,135,1,45.3049,19.4267,11.8094,96.75,57.75
158,135,1,45.3376,19.3784,11.7682,95.35,57.76
159,135,1,45.3598,19.4317,11.6598,94.43,57.72
160,135,1,45.3562,19.3497,11.7721,87.78,59.18
161,135,1,45.3458,19.3812,11.7126,88.9,59.16
162,135,1,45.264,19.4381,11.8336,97.07,57.58
163,135,1,45.2817,19.3717,11.7516,86.75,58.76
164,135,1,45.2975,19.407,11.6789,92.97,54.89
165,135,1,155.414,38.5825,51.2728,91.91,53.96
166,135,1,155.474,38.5932,51.2486,91.56,56.31
167,135,1,155.398,38.6071,51.2692,91.5,56.6
168,135,1,155.468,38.5846,51.2577,92.42,56.31
169,135,1,155.39,38.5956,51.2851,92.95,56.2
170,135,1,155.402,38.5708,51.2413,93.17,57.01
171,135,1,155.45,38.5636,51.2221,92.08,56.6
172,135,1,155.382,38.5548,51.2405,90.52,55.39
173,135,1,155.476,38.5387,51.2057,92.71,56.11
174,135,1,155.428,38.5365,51.2237,92.81,57.05
175,135,1,155.422,38.5278,51.2019,91.18,56.77
176,135,1,155.564,38.47,51.1567,84.21,52.68
177,135,1,161.106,22.2069,56.6955,87.08,52.19
178,135,1,160.9,22.1478,56.984,88.76,54.59
179,135,1,161.134,22.1201,56.897,89.77,55.78
180,135,1,160.84,22.1583,56.9898,93.22,55.78
181,135,1,160.786,22.1542,57.0087,94.21,55.16
182,135,1,160.951,22.1578,56.8974,86.79,55.57
183,135,1,161.155,22.1425,56.829,87.13,55.79
184,135,1,161.12,22.1901,56.8067,88.79,54.86
185,135,1,161.093,22.1741,56.7813,81.44,52.35
186,135,1,329.745,26.2768,32.3542,91.74,49.77
187,135,1,329.414,26.394,32.5599,89.31,48.49
188,135,1,255.46,32.7279,23.2982,87.83,51.79
189,135,1,255.527,32.6122,23.2396,88.1,55.17
190,135,1,255.548,32.7933,23.3332,92.68,56.52
191,135,1,255.617,32.8424,23.2941,92.19,56.58
192,135,1,255.49,32.7775,23.2934,92.53,56.87
193,135,1,255.656,32.6299,23.1714,86.6,56.91
194,135,1,255.377,32.802,23.3733,91.27,56.69
195,135,1,255.59,32.8361,23.262,91.24,57.05
196,135,1,255.651,32.6875,23.1608,91.18,56.54
197,135,1,255.637,32.683,23.2876,90.53,56.04
198,135,1,255.723,32.6737,23.1583,89.98,56
199,135,1,255.541,32.8223,23.3103,91.13,56.4
200,135,1,255.461,32.8053,23.3153,90.92,57.02
201,135,1,255.532,32.6903,23.3065,91,57.25
202,135,1,255.545,32.8218,23.3291,95.13,56.72
203,135,1,255.575,32.8182,23.3169,93.26,56.72
204,135,1,255.555,32.8317,23.3383,92.25,56.66
205,135,1,255.69,32.6096,23.1824,88.84,56.89
206,135,1,255.509,32.6603,23.253,90.03,56.89
207,135,1,255.404,32.7893,23.3706,93.1,57.16
208,135,1,255.566,32.8384,23.2672,91.9,56.44
209,135,1,255.525,32.5938,23.2724,89.46,57.12
210,135,1,255.393,32.8076,23.3257,90.37,56.36
211,135,1,255.579,32.8288,23.2553,91.9,56.65
212,135,1,255.511,32.8312,23.2881,91.04,56.99
213,135,1,255.649,32.648,23.1945,89.72,57.1
214,135,1,255.499,32.7869,23.2935,90.59,57.36
215,135,1,255.715,32.6531,23.1591,90.62,56.25
216,135,1,255.79,32.7592,23.1817,90.27,56.5
217,135,1,255.695,32.7511,23.2014,88.11,56.47
218,135,1,255.501,32.8567,23.3241,91.15,56.85
219,135,1,255.838,32.7345,23.0961,91.82,56.26
220,135,1,255.408,32.8394,23.3409,91.04,57.13
221,135,1,255.649,32.8618,23.2243,94.53,57.23
222,135,1,255.557,32.81,23.2913,94.1,57.49
223,135,1,255.615,32.8234,23.2644,92.71,56.17
224,135,1,255.745,32.8558,23.253,91.59,53.35
225,135,1,255.357,32.8222,23.3409,85.27,48.63
226,135,1,254.857,32.921,24.175,79.3,52.75
227,135,1,255.798,32.9036,23.2068,94.35,52.36
228,135,1,254.535,33.1124,24.4192,72.63,51.62
229,135,1,253.87,33.3862,24.9415,59.12,51.77
230,135,0,0,0,0,0,51.55
231,135,0,0,0,0,0,50.77
232,135,0,0,0,0,0,50.37
233,135,0,0,0,0,0,50.96
234,135,1,66.4771,15.4428,70.2446,84.76,51.44
235,135,1,66.686,15.3665,70.0703,83,51.12
236,135,1,66.8164,15.2981,69.8857,83.99,51.32
237,135,1,66.6927,15.3444,70.0137,83.95,54.15
238,135,1,66.6203,15.3968,70.0476,85.65,53.83
239,135,1,66.639,15.3397,70.1173,83.2,53.53
240,135,1,66.6509,15.3822,70.1111,89.77,53.41
241,135,1,66.823,15.326,69.8653,84.27,54.1
242,135,1,66.4117,15.3985,70.2895,86.27,54.06
243,135,1,66.5691,15.3636,70.123,85.76,53.84
244,135,1,66.4871,15.4035,70.2888,84.9,53.06
245,135,1,66.7024,15.3242,70.0092,84.15,54.3
246,135,1,66.3986,15.4327,70.3204,86.33,53.8
247,135,1,66.6169,15.3985,70.1068,92.9,53.81
248,135,1,66.5564,15.3913,70.0948,92.41,53.32
249,135,1,66.5127,15.3891,70.2225,90.72,53.82
250,135,1,66.482,15.3739,70.1781,90.63,52.42
251,135,0,0,0,0,0,49.94
252,135,2,347.341,43.89,59.4716,89.46,52.53
253,135,2,347.246,43.6518,59.7189,91.05,51.06
254,135,0,0,0,0,0,35.9
255,135,0,0,0,0,0,36.44
0,136,0,0,0,0,0,54.21
1,136,0,0,0,0,0,58.73
2,136,0,0,0,0,0,55.42
3,136,0,0,0,0,0,57.26
4,136,1,42.6657,39.5664,75.1762,86.11,50.07
5,136,1,42.8354,39.7511,75.1153,93.53,56.69
6,136,1,42.8374,39.7492,74.9908,95.69,57.35
7,136,1,42.8984,39.7271,75.0747,89.85,58.18
8,136,1,43.0183,39.4738,74.9118,93.56,58.3
9,136,1,42.6967,39.4981,75.3003,87.24,57.88
10,136,1,42.8758,39.7367,75.1828,95.35,57.51
11,136,1,42.9549,39.5512,74.9805,92.44,58.53
12,136,1,42.8056,39.5358,75.2218,91.26,58.11
13,136,1,42.6789,39.5461,75.3348,90.82,58.64
14,136,1,42.9837,39.5456,75.0296,93.52,57.59
15,136,1,42.7442,39.767,75.322,91.67,57.66
16,136,1,42.5449,39.5358,75.4371,86.37,57.76
17,136,1,42.7485,39.5033,75.2181,87.84,57.03
18,136,1,42.8391,39.5516,75.1793,90.64,57.33
19,136,1,42.9216,39.7076,75.1659,92.73,58.69
20,136,1,42.7025,39.8166,75.3035,90.74,56.14
21,136,0,0,0,0,0,53.46
22,136,1,271.053,11.6759,76.8242,91.95,52.55
23,136,1,271.235,11.7515,76.7179,92.73,54.28
24,136,1,271.014,11.7352,76.9497,93.7,54.43
25,136,1,271.075,11.769,76.8286,91.58,54.46
26,136,1,271.061,11.7216,76.8153,93.75,54.72
27,136,1,270.993,11.708,76.8393,91.37,54.34
28,136,1,270.837,11.7174,76.9366,92.37,54.79
29,136,1,271.034,11.7655,76.8953,92.6,54.39
30,136,1,270.891,11.7356,76.9702,92.59,55.3
31,136,1,271.13,11.777,76.8069,90.85,55.07
32,136,1,270.984,11.7142,76.8686,94.72,55.87
33,136,1,271.242,11.7481,76.628,91.99,54.47
34,136,1,271.124,11.8001,76.7191,93.51,55.72
35,136,1,270.849,11.7265,76.9398,93.1,54.19
36,136,1,271.311,11.7976,76.7207,89.84,55.04
37,136,1,271.096,11.8008,76.7494,93.07,55.29
38,136,1,271.076,11.7712,76.8508,94.56,55.04
39,136,1,271.157,11.721,76.6768,91.48,55.08
40,136,1,271.043,11.7024,76.7902,94.68,53.99
41,136,1,271.09,11.7748,76.8655,93.9,54.71
42,136,1,271.105,11.7614,76.7095,92,55.18
43,136,1,271.133,11.7215,76.6813,92.96,54.39
44,136,1,271.06,11.711,76.9043,93.66,53.22
45,136,0,0,0,0,0,51.97
46,136,1,42.8598,39.6892,75.2288,92.62,55.78
47,136,1,42.7024,39.4985,75.2528,89.82,56.72
48,136,1,42.7792,39.6347,75.278,79.9,50.85
49,136,1,290.543,12.54,62.5481,89.06,51.15
50,136,1,290.453,12.5465,62.7112,92.83,52.14
51,136,1,290.412,12.5383,62.7567,90.47,52.2
52,136,1,290.386,12.4928,62.6241,92.09,52.36
53,136,1,290.441,12.5406,62.6478,90.81,52.69
54,136,1,290.224,12.5705,62.9448,92.94,53.75
55,136,1,290.399,12.5318,62.5776,90.41,52.71
56,136,1,290.422,12.5525,62.7783,91.5,52.08
57,136,1,290.414,12.5307,62.7253,90.63,53.3
58,136,1,290.327,12.5456,62.7856,92.43,52.56
59,136,1,290.303,12.5369,62.7191,91.08,53.05
60,136,1,290.3,12.5526,62.7173,90.87,53.09
61,136,1,290.34,12.5739,62.8254,89.34,52.99
62,136,1,290.28,12.571,62.8296,91.02,52.35
63,136,1,290.384,12.5322,62.7106,91.47,52.58
64,136,1,290.196,12.5547,62.8048,93.08,53.28
65,136,1,290.38,12.5815,62.695,93.4,52.94
66,136,1,290.336,12.5584,62.7357,90.8,53.02
67,136,1,290.298,12.5377,62.8165,94.65,52.23
68,136,1,290.354,12.5843,62.7231,91.12,52.29
69,136,1,290.392,12.5902,62.6618,92.68,52.31
70,136,1,290.348,12.5638,62.6754,92.35,52.86
71,136,1,290.207,12.5743,62.8969,89.96,52.8
72,136,1,290.233,12.5679,62.8783,96.19,53.67
73,136,1,290.267,12.5841,62.9146,91.91,53.25
74,136,1,290.359,12.5782,62.7983,92.51,52.89
75,136,1,290.159,12.5709,62.9339,90.95,53
76,136,1,290.306,12.5776,62.8328,91.69,52.76
77,136,1,290.114,12.5977,63.0485,96.2,53.92
78,136,1,290.272,12.5686,62.7795,92.91,52.82
79,136,1,290.156,12.5704,62.9128,90.29,52.44
80,136,1,290.308,12.61,62.8147,93.61,53.98
81,136,1,290.191,12.5905,62.8932,89.89,53.27
82,136,1,290.348,12.6161,62.7895,90.54,53.05
83,136,1,290.16,12.5821,62.8649,92.38,53.51
84,136,1,289.962,12.6336,63.0982,92.25,53.08
85,136,1,290.191,12.6288,62.9272,91.03,52.11
86,136,1,290.093,12.6712,63.0818,93.26,53.2
87,136,0,0,0,0,0,52.55
88,136,1,155.338,38.601,51.4469,90.32,54.99
89,136,1,155.324,38.6168,51.4408,94.71,55.91
90,136,1,155.236,38.6292,51.4654,92.87,55.14
91,136,1,155.219,38.5983,51.4885,93.32,55.39
92,136,1,155.265,38.6383,51.4505,94.15,56.25
93,136,1,155.287,38.6081,51.4702,93.05,56.06
94,136,1,155.284,38.6301,51.4433,91.31,56.96
95,136,1,155.308,38.5966,51.4652,94.08,57.27
96,136,1,155.452,38.5807,51.409,90.41,56.69
97,136,1,155.443,38.6137,51.3973,91.86,55.72
98,136,1,155.335,38.6134,51.4501,93.19,56.22
99,136,1,155.266,38.6248,51.4466,93.4,56.89
100,136,1,155.268,38.5807,51.4121,91.88,54.62
101,136,1,45.5779,19.4723,11.6094,96.76,55.86
102,136,1,45.5803,19.4946,11.5116,93.09,57.21
103,136,1,45.5324,19.5036,11.4318,94.27,57.06
104,136,1,45.5537,19.4955,11.4642,96.25,57.38
105,136,1,45.4724,19.4781,11.5921,94.27,57.61
106,136,1,45.6272,19.4588,11.4324,96.23,57.6
107,136,1,45.6132,19.462,11.49,94.03,57.74
108,136,1,45.509,19.4394,11.5231,87.87,58.26
109,136,1,45.5472,19.4255,11.5472,87.82,57.79
110,136,1,45.9825,19.1049,11.075,83.11,58.42
111,136,1,45.5227,19.4547,11.658,93.86,57.8
112,136,1,45.5698,19.4694,11.5321,93.46,57.75
113,136,1,45.4373,19.4612,11.6313,94.49,57.16
114,136,1,45.6009,19.4375,11.5086,94.09,58.08
115,136,1,45.4844,19.4475,11.6031,88.48,58.1
116,136,1,45.5326,19.4612,11.5141,94.2,57.56
117,136,1,45.5483,19.4384,11.5589,94.87,58.28
118,136,1,45.4311,19.4808,11.6805,94.61,57.48
119,136,1,45.4343,19.4492,11.5532,93.92,57.4
120,136,1,45.4576,19.4651,11.5893,95.06,57.69
121,136,1,45.3336,19.4811,11.6651,90.49,57.45
122,136,1,45.4499,19.4276,11.5321,95.08,57.75
123,136,1,45.437,19.4035,11.7134,87.33,59.05
124,136,1,45.5559,19.4424,11.5342,93.54,57.46
125,136,1,45.3696,19.4264,11.7371,87.62,58.27
126,136,1,45.3858,19.4433,11.6596,88.44,58.7
127,136,1,45.3998,19.4697,11.5737,95.08,58.23
128,136,1,45.431,19.3902,11.7094,94.85,57.77
129,136,1,45.3812,19.4571,11.6866,96.28,57.71
130,136,1,45.5656,19.4227,11.5648,95.19,58.5
131,136,1,45.4602,19.4317,11.6606,93.36,58.26
132,136,1,45.5833,19.4276,11.5595,96.25,57.91
133,136,1,45.5056,19.4315,11.6168,93.22,58.52
134,136,1,45.4684,19.4386,11.5715,95.33,58.51
135,136,1,45.477,19.4441,11.6469,92.56,58.35
136,136,1,45.4302,19.3872,11.7593,88.61,58.73
137,136,1,46.6765,19.0282,10.397,71.91,58.25
138,136,1,45.3635,19.3809,11.7378,87.36,58.27
139,136,1,45.4521,19.4327,11.5862,95.65,58.03
140,136,1,45.3493,19.3974,11.6486,86.85,58.45
141,136,1,45.3142,19.4679,11.7917,94.69,57.44
142,136,1,45.4838,19.4209,11.5994,92.99,57.56
143,136,1,45.2772,19.5163,11.8782,84.84,58.65
144,136,1,45.3495,19.4279,11.7215,89.08,57.96
145,136,1,45.5197,19.4299,11.5302,95.57,57.63
146,136,1,45.3255,19.4008,11.6707,94.59,58.63
147,136,1,45.3405,19.388,11.7862,93.56,57.95
148,136,1,45.364,19.4245,11.7683,96.6,57.87
149,136,1,45.3586,19.3695,11.7314,88.94,57.87
150,136,1,45.301,19.4023,11.8024,88.12,58.32
151,136,1,45.3799,19.4589,11.6278,95.29,57.85
152,136,1,45.3782,19.3962,11.7811,93.98,57.85
153,136,1,45.3509,19.4297,11.6682,93.33,57.44
154,136,1,45.4262,19.3983,11.5959,94.39,58
155,136,1,45.4018,19.3999,11.6743,93.59,58.33
156,136,1,45.3031,19.3689,11.8365,87.76,58.61
157,136,1,45.2815,19.3707,11.7728,85.47,58.73
158,136,1,45.3574,19.4215,11.6969,95.6,58.12
159,136,1,45.3113,19.3995,11.7189,95.12,57.71
160,136,1,45.2597,19.4371,11.8007,96.34,58.14
161,136,1,45.382,19.3924,11.6467,93.49,58.34
162,136,1,45.2957,19.412,11.7424,94.81,58.06
163,136,1,45.3759,19.4046,11.6482,96.28,58.63
164,136,1,45.2177,19.4029,11.8111,93.33,55.81
165,136,1,155.325,38.6032,51.3132,88.87,54.93
166,136,1,155.353,38.5936,51.2963,91.6,56.2
167,136,1,155.5,38.5974,51.2579,92.8,55.82
168,136,1,155.407,38.6117,51.2917,91.22,56.32
169,136,1,155.461,38.5915,51.2385,92.69,55.94
170,136,1,155.42,38.5722,51.2425,90.1,56.11
171,136,1,155.328,38.551,51.2684,90.91,55.84
172,136,1,155.436,38.5473,51.2267,93.67,57.18
173,136,1,155.469,38.5394,51.1865,89.9,56.41
174,136,1,155.497,38.5362,51.217,91.15,56.73
175,136,1,155.451,38.5036,51.2034,93.7,56.45
176,136,1,155.522,38.5129,51.1673,88.82,54.94
177,136,0,0,0,0,0,52.37
178,136,1,160.934,22.1596,56.9421,90.6,55.24
179,136,1,161.046,22.1513,56.8959,88.23,54.89
180,136,1,160.893,22.1709,56.9154,90.52,55.37
181,136,1,160.907,22.171,56.953,88.05,56.23
182,136,1,160.794,22.1513,56.9997,91.03,55.55
183,136,1,160.967,22.1571,56.9473,90.81,55
184,136,1,160.814,22.1607,56.9747,90.65,54.86
185,136,0,0,0,0,0,50.49
186,136,1,329.683,26.2825,32.4528,91.88,50.72
187,136,1,329.661,26.283,32.4743,90.63,50.47
188,136,0,0,0,0,0,50.81
189,136,1,255.671,32.8274,23.2496,88.86,54.08
190,136,1,255.629,32.5923,23.1847,84.91,56.01
191,136,1,255.614,32.6679,23.2065,91.42,56.22
192,136,1,255.758,32.6754,23.0998,92.67,56.68
193,136,1,255.35,32.778,23.3239,90,56.69
194,136,1,255.768,32.6538,23.1413,92.42,56.89
195,136,1,255.544,32.8314,23.3217,94.16,56.37
196,136,1,255.453,32.8089,23.396,92.47,56.25
197,136,1,255.475,32.8225,23.3611,88.92,55.49
198,136,1,255.619,32.6511,23.2277,86.7,55.76
199,136,1,255.794,32.5633,23.14,85.82,57.31
200,136,1,255.586,32.8266,23.2757,93.52,56.73
201,136,1,255.799,32.7136,23.173,91.32,56.71
202,136,1,255.42,32.8001,23.3213,91.88,56.48
203,136,1,255.654,32.6933,23.1781,89.95,57.27
204,136,1,255.445,32.7999,23.3621,94.44,56.47
205,136,1,255.454,32.766,23.3424,93.91,55.9
206,136,1,255.544,32.5947,23.305,90.23,56.64
207,136,1,255.745,32.7193,23.1474,90.61,57.35
208,136,1,255.632,32.8473,23.2522,93.25,57.05
209,136,1,255.579,32.8128,23.2936,93.7,56.83
210,136,1,255.587,32.8464,23.2861,92.08,57.33
211,136,1,255.647,32.6684,23.193,90.64,56.78
212,136,1,255.646,32.8517,23.2565,93.72,56.95
213,136,1,255.698,32.6533,23.1573,89.92,57.63
214,136,1,255.533,32.827,23.2669,91.37,56.75
215,136,1,255.693,32.876,23.2112,91.99,56.9
216,136,1,255.549,32.8513,23.3265,92.95,57.28
217,136,1,255.402,32.8171,23.3354,93.2,57.27
218,136,1,255.582,32.8179,23.2173,91.33,56.16
219,136,1,255.687,32.8565,23.3025,94.45,56.38
220,136,1,255.784,32.676,23.1616,92.26,56.11
221,136,1,255.637,32.8776,23.2571,93.32,56.11
222,136,1,255.658,32.678,23.3028,89.12,56.5
223,136,1,255.417,32.7969,23.3642,88.9,56.63
224,136,1,255.318,32.7887,23.463,91.24,54.28
225,136,1,255.365,32.9279,23.4926,89.8,51.18
226,136,1,255.491,32.7295,23.2569,87.48,56.05
227,136,1,255.697,32.763,23.1664,91.53,56.04
228,136,1,255.713,32.8796,23.229,91.25,55.25
229,136,1,255.764,32.8526,23.154,92.59,55.16
230,136,1,255.783,32.8804,23.2389,91.11,53.26
231,136,1,255.702,32.8451,23.1672,90.4,52.66
232,136,1,254.343,32.9504,24.5418,70.4,51.67
233,136,0,0,0,0,0,51.85
234,136,0,0,0,0,0,51.78
235,136,0,0,0,0,0,50.14
236,136,1,66.5613,15.3787,70.1131,84.03,50.82
237,136,1,66.3681,15.4512,70.4219,84.35,50.85
238,136,1,66.6945,15.3692,69.9205,86.16,51.62
239,136,1,66.6383,15.382,70.1237,90.51,52.23
240,136,1,66.7606,15.3449,69.9122,84.01,52.71
241,136,1,66.7132,15.3738,70.0649,91.27,53.2
242,136,1,66.4468,15.4264,70.1428,88.18,53.81
243,136,1,66.6833,15.3179,69.9981,86.85,53.64
244,136,1,66.5235,15.4018,70.1507,92.56,53.26
245,136,1,66.6169,15.386,70.0827,92.93,53.44
246,136,1,66.5742,15.3728,70.0829,87.9,53.27
247,136,1,66.3167,15.4122,70.3888,86.9,53.45
248,136,1,66.6958,15.3222,70.042,92.37,53.19
249,136,1,66.5295,15.3956,70.136,93.69,53.02
250,136,1,66.597,15.373,70.0686,91.83,53.38
251,136,1,66.4107,15.4006,70.226,83.04,50
252,136,0,0,0,0,0,50.63
253,136,2,347.507,43.6652,59.779,89.56,46.9
254,136,0,0,0,0,0,37
255,136,0,0,0,0,0,35.64
0,137,0,0,0,0,0,52.89
1,137,0,0,0,0,0,58.45
2,137,0,0,0,0,0,55.52
3,137,0,0,0,0,0,59.58
4,137,1,42.8895,39.5904,75.0045,90.9,51.48
5,137,1,42.9602,39.6116,74.9071,89.9,56.66
6,137,1,42.8013,39.5808,75.1134,90.57,57.7
7,137,1,42.8272,39.5366,75.0488,90.09,57.82
8,137,1,43.0186,39.5045,74.8099,91.31,57.73
9,137,1,43.0223,39.5273,74.9351,92.15,57.77
10,137,1,43.0753,39.5454,74.892,92.31,57.72
11,137,1,42.7955,39.7361,75.1028,94.24,57.37
12,137,1,42.7068,39.7661,75.3174,91.72,58.13
13,137,1,42.7759,39.4752,75.2434,87.63,57.68
14,137,1,42.9776,39.6685,75.1804,91.7,57.88
15,137,1,42.7378,39.5173,75.2333,91.72,58.46
16,137,1,42.8783,39.7112,75.1577,93.66,58.38
17,137,1,42.5213,39.5468,75.4037,88.02,58.13
18,137,1,42.7643,39.4744,75.2774,88.53,57.75
19,137,1,42.5288,39.5409,75.4357,89.08,57.81
20,137,1,42.9067,39.6857,75.2006,95.49,57.93
21,137,1,42.7944,39.6998,75.1506,93.84,55.98
22,137,0,0,0,0,0,53.75
23,137,1,270.993,11.7068,76.8843,92.99,53.89
24,137,1,271.084,11.7188,76.8002,93.52,54.66
25,137,1,270.927,11.6932,76.8845,93.83,54.4
26,137,1,271.118,11.793,76.8154,91.06,54.98
27,137,1,271.22,11.7914,76.6901,92.51,54.56
28,137,1,271.249,11.7527,76.6446,91.32,54.98
29,137,1,271.011,11.7259,76.922,94.29,54.88
30,137,1,271.046,11.7162,76.7441,93.52,55.02
31,137,1,270.967,11.7233,76.8418,92.11,54.68
32,137,1,270.967,11.7147,76.8725,90.63,55.34
33,137,1,270.95,11.6755,76.9892,92.81,54.12
34,137,1,271.008,11.7235,76.8378,91.69,54.64
35,137,1,271.09,11.7205,76.8224,91.41,54.53
36,137,1,270.991,11.7077,76.8599,93.5,54.04
37,137,1,271.008,11.7404,76.9082,93.79,55.22
38,137,1,271.142,11.7808,76.8417,95.42,55.23
39,137,1,270.973,11.7447,76.926,92.94,55.09
40,137,1,271.261,11.7674,76.6041,92.37,54.99
41,137,1,271.02,11.7682,76.9092,94.28,54.82
42,137,1,271.102,11.7559,76.8172,91.03,54.94
43,137,1,271.011,11.7892,76.8796,90.99,56.13
44,137,1,271.162,11.7775,76.7223,95,54.47
45,137,1,270.96,11.7647,76.9162,90.81,53.37
46,137,0,0,0,0,0,53.98
47,137,1,42.7538,39.6924,75.2416,94.51,54.1
48,137,1,290.532,12.4145,62.4392,84.33,49.9
49,137,1,290.499,12.4921,62.5827,91.14,52.39
50,137,1,290.421,12.5348,62.6698,90.3,52.27
51,137,1,290.476,12.5423,62.6801,92.47,52.71
52,137,1,290.487,12.5578,62.7232,90.7,51.8
53,137,1,290.365,12.5394,62.7724,91.74,53.01
54,137,1,290.49,12.5326,62.6477,92.66,53.71
55,137,1,290.372,12.5491,62.721,91.76,53.37
56,137,1,290.403,12.5547,62.8192,92.46,52.62
57,137,1,290.281,12.5302,62.8354,90.94,52.97
58,137,1,290.442,12.5406,62.687,93.16,53.38
59,137,1,290.464,12.5819,62.7042,90.52,52.42
60,137,1,290.245,12.5343,62.7962,90.37,53.36
61,137,1,290.404,12.547,62.7419,91.26,53.37
62,137,1,290.345,12.5638,62.7999,90.15,51.99
63,137,1,290.332,12.5369,62.8006,93.37,53.41
64,137,1,290.382,12.5578,62.7278,93.02,52.76
65,137,1,290.345,12.5926,62.7595,95.88,53.75
66,137,1,290.406,12.5384,62.7012,94.92,53.6
67,137,1,290.292,12.5575,62.817,90.28,53.17
68,137,1,290.224,12.5502,62.8666,92.29,52.45
69,137,1,290.203,12.6021,62.9579,91.66,53.59
70,137,1,290.302,12.5872,62.7735,91.25,53.28
71,137,1,290.265,12.567,62.7794,93.84,53.34
72,137,1,290.257,12.5406,62.7464,93.87,53.56
73,137,1,290.297,12.573,62.7261,91.75,52.81
74,137,1,290.299,12.6023,62.7705,92.16,53.46
75,137,1,290.243,12.5982,62.8246,93.81,53.56
76,137,1,290.248,12.5442,62.7549,93.53,53.13
77,137,1,290.224,12.5645,62.8454,91.33,52.31
78,137,1,290.257,12.6043,62.9001,91.71,53.21
79,137,1,290.144,12.4712,62.9446,91.94,52.86
80,137,1,290.31,12.5712,62.8189,91.97,52.95
81,137,1,290.196,12.609,62.872,89.38,52.85
82,137,1,290.084,12.6049,63.0578,94.17,53.23
83,137,1,290.21,12.6298,62.9618,91.36,53.45
84,137,1,290.155,12.5711,62.8606,91.74,53.35
85,137,1,290.117,12.6031,62.8968,91.02,52.37
86,137,0,0,0,0,0,53.42
87,137,1,155.218,38.5968,51.4356,94.04,54.71
88,137,1,155.316,38.6277,51.4858,95.21,56.31
89,137,1,155.29,38.6222,51.4683,92.52,56.82
90,137,1,155.364,38.5858,51.4319,93.1,56.04
91,137,1,155.315,38.6354,51.4287,93.27,56.53
92,137,1,155.292,38.6096,51.4486,93,56.08
93,137,1,155.346,38.6193,51.436,92.7,56.1
94,137,1,155.235,38.6369,51.4689,90.49,56.64
95,137,1,155.271,38.6316,51.4394,92.95,56.53
96,137,1,155.324,38.6266,51.4298,92.53,56.33
97,137,1,155.3,38.6237,51.4514,92.05,56.12
98,137,1,155.389,38.6184,51.4232,89.52,56.53
99,137,1,155.423,38.6167,51.4302,93.1,56.34
100,137,1,155.336,38.5948,51.3947,89.24,54.74
101,137,1,45.5867,19.4774,11.4459,95.69,56.35
102,137,1,45.5939,19.478,11.4758,94.92,57.12
103,137,1,45.5229,19.509,11.5606,96.99,57.65
104,137,1,45.5231,19.4219,11.6336,86.77,58.11
105,137,1,45.5811,19.4,11.5887,94.45,57.96
106,137,1,45.6087,19.442,11.5021,92.97,57.93
107,137,1,45.6258,19.4632,11.4164,91.69,58.12
108,137,1,45.7186,19.4118,11.5002,94.2,57.79
109,137,1,45.5023,19.4657,11.5821,95.63,57.92
110,137,1,45.487,19.4724,11.6135,94.69,57.39
111,137,1,45.5249,19.4182,11.5461,87.3,58.61
112,137,1,45.5267,19.4184,11.5657,86.8,58.31
113,137,1,45.4932,19.4151,11.6399,87.12,58.11
114,137,1,45.5605,19.4854,11.613,96.22,58.05
115,137,1,45.5261,19.4044,11.606,87.4,58.19
116,137,1,45.4469,19.4646,11.6426,95.89,57.77
117,137,1,45.4269,19.4398,11.6027,85.99,57.89
118,137,1,45.309,19.0012,11.7396,77.75,58.09
119,137,1,45.3491,19.4002,11.804,86.42,58.53
120,137,1,45.5058,19.4563,11.6648,94.97,57.51
121,137,1,45.4468,19.4257,11.6964,95.19,57.7
122,137,1,45.6794,19.4331,11.3953,93.87,58.02
123,137,1,45.4454,19.4193,11.6658,85.13,58.36
124,137,1,45.4616,19.3821,11.7068,87.9,58.69
125,137,1,45.3646,19.4341,11.6799,87.82,58.37
126,137,1,45.3569,19.4192,11.728,87.6,58.09
127,137,1,45.4233,19.4253,11.7377,96.58,57.18
128,137,1,45.4165,19.4352,11.5701,96.21,58.59
129,137,1,45.4335,19.4259,11.7255,94.93,58.72
130,137,1,45.4492,19.3983,11.6044,88.23,58.42
131,137,1,45.3874,19.4436,11.7301,94.55,57.81
132,137,1,45.3844,19.4175,11.7213,88.58,59.49
133,137,1,45.5113,19.4238,11.5449,94.67,58.17
134,137,1,45.3864,19.4988,11.4211,83.63,57.84
135,137,1,45.4264,19.3805,11.73,93.31,58.94
136,137,1,45.4382,19.3956,11.6781,94.06,58.57
137,137,1,45.5023,19.406,11.6332,95.5,58.54
138,137,1,45.3723,19.492,11.6061,93.67,57.9
139,137,1,45.4853,19.4453,11.5563,93.71,57.7
140,137,1,45.3241,19.3616,11.8348,93.81,57.47
141,137,1,45.4283,19.4829,11.4481,86.17,57.15
142,137,1,45.4059,19.4117,11.7027,85.97,58.85
143,137,1,45.4581,19.4037,11.7117,94.93,58.23
144,137,1,45.3174,19.4674,11.6789,96.03,58.11
145,137,1,45.4155,19.3612,11.7158,87.53,58.12
146,137,1,45.4084,19.4305,11.6669,93.3,58.24
147,137,1,45.3966,19.4166,11.7371,92.78,58.14
148,137,1,45.3249,19.3818,11.7754,86.82,58.2
149,137,1,45.3408,19.5024,11.5709,91.33,57.53
150,137,1,45.3862,19.3982,11.6451,87.42,58.2
151,137,1,45.3864,19.4329,11.7077,96.2,57.95
152,137,1,45.4169,19.3674,11.7547,95.77,58.87
153,137,1,45.4385,19.4425,11.6306,95.63,57.59
154,137,1,45.2917,19.3559,11.8424,86.75,57.92
155,137,1,45.3232,19.4181,11.7595,97.2,57.74
156,137,1,45.3492,19.4102,11.7692,96.35,58.2
157,137,1,45.4646,19.4006,11.6224,94.73,58.54
158,137,1,45.3243,19.4327,11.6398,95.15,57.31
159,137,1,45.2908,19.3996,11.7753,96.18,57.9
160,137,1,45.3358,19.4727,11.4632,86.41,57.14
161,137,1,45.418,19.3807,11.6913,95.04,58.32
162,137,1,45.4053,19.3902,11.6235,95.03,58.37
163,137,1,45.3559,19.4031,11.731,94.53,57.76
164,137,1,45.299,19.3771,11.7074,94.42,55.24
165,137,1,155.251,38.6071,51.3189,88.09,54.81
166,137,1,155.465,38.5864,51.2506,92.78,56.61
167,137,1,155.461,38.5881,51.2589,92.95,55.97
168,137,1,155.532,38.5785,51.2126,91.34,57.04
169,137,1,155.339,38.5725,51.2535,90.76,56.35
170,137,1,155.506,38.5744,51.2239,86.71,56.64
171,137,1,155.476,38.5405,51.2055,91.48,56.7
172,137,1,155.443,38.559,51.2162,92.5,57.32
173,137,1,155.441,38.5472,51.2182,89.82,56.36
174,137,1,155.478,38.5399,51.2184,93.76,56.68
175,137,1,155.39,38.5129,51.3281,91.53,56.99
176,137,1,155.396,38.5395,51.2148,93.82,56.08
177,137,1,155.62,38.5053,51.1437,85.27,52.24
178,137,1,160.925,22.1619,56.9771,88.71,52.97
179,137,1,160.851,22.1647,56.9994,91.68,54.87
180,137,1,160.865,22.163,56.9591,86.31,55.51
181,137,1,160.925,22.133,56.9504,92.79,55.15
182,137,1,161.039,22.1444,56.9022,91.48,55.62
183,137,1,160.924,22.1713,56.9553,90.69,55.05
184,137,1,160.789,22.1697,56.9803,94.73,54.24
185,137,1,329.69,26.2975,32.4665,84.06,49.28
186,137,1,329.805,26.2942,32.3603,90.74,50.28
187,137,1,329.463,26.2913,32.7224,85.59,49.94
188,137,1,161.12,22.2114,56.8583,85.74,51.6
189,137,1,255.72,32.6383,23.2683,88.02,53.12
190,137,1,255.43,32.7975,23.406,86.23,55.05
191,137,1,255.589,32.6329,23.2247,84.42,56.21
192,137,1,255.592,32.8107,23.2982,95.26,55.87
193,137,1,255.589,32.6828,23.1791,89.14,55.77
194,137,1,255.654,32.6961,23.24,91.23,56.04
195,137,1,255.429,32.8047,23.3557,92.37,56.82
196,137,1,255.66,32.8669,23.2566,92.51,56.92
197,137,1,255.639,32.6511,23.1639,90.38,56.12
198,137,1,255.475,32.834,23.3801,89.38,55.53
199,137,1,255.753,32.7485,23.1695,93.55,56.64
200,137,1,255.71,32.8635,23.2565,92.34,56.21
201,137,1,255.399,32.8199,23.3615,90.3,56.9
202,137,1,255.408,32.8292,23.3698,91.82,56.54
203,137,1,255.603,32.8309,23.2797,91.67,56.66
204,137,1,255.644,32.6576,23.1777,92.02,56.23
205,137,1,255.521,32.8122,23.291,91.07,56.69
206,137,1,255.568,32.8354,23.2793,92.45,56.59
207,137,1,255.494,32.8499,23.355,91.97,55.7
208,137,1,255.61,32.8477,23.2794,93.57,56.7
209,137,1,255.6,32.5744,23.2781,88.9,57.57
210,137,1,255.357,32.8091,23.3677,90.73,57.7
211,137,1,255.695,32.6659,23.158,90.81,57.58
212,137,1,255.517,32.8129,23.3208,90.12,56.55
213,137,1,255.475,32.6836,23.3773,90.65,56.24
214,137,1,255.697,32.6618,23.1568,90.35,56.92
215,137,1,255.714,32.8724,23.2331,91.81,56.76
216,137,1,255.674,32.7101,23.1935,90.84,56.58
217,137,1,255.702,32.666,23.1484,89.35,56.82
218,137,1,255.625,32.8632,23.2541,91.41,56.68
219,137,1,255.683,32.6274,23.2308,89.89,57
220,137,1,255.803,32.716,23.1678,93.97,56.95
221,137,1,255.608,32.8102,23.3056,94.89,57.28
222,137,1,255.336,32.8076,23.3738,88.64,55.34
223,137,1,255.679,32.702,23.2348,90.38,56.86
224,137,1,255.4,32.8344,23.4593,94.18,55.74
225,137,1,255.314,32.9058,23.5679,91.35,53.38
226,137,1,255.319,32.87,23.414,89.24,56.37
227,137,1,255.454,32.864,23.3433,92.51,56.76
228,137,1,255.458,32.9025,23.3676,88.92,57.31
229,137,1,255.597,32.6569,23.2314,88.63,56.76
230,137,1,255.611,32.8484,23.2593,93.3,55.92
231,137,1,255.835,32.7942,23.1903,88.42,55.58
232,137,1,255.476,32.6143,23.1949,85.54,55.75
233,137,1,255.43,32.8359,23.2953,90,54.95
234,137,1,255.395,32.9179,23.3434,86.37,53.89
235,137,1,255.788,32.8404,23.2182,87.7,51.94
236,137,1,254.647,33.1659,24.449,65.32,51.6
237,137,0,0,0,0,0,52.08
238,137,0,0,0,0,0,50.34
239,137,0,0,0,0,0,49.75
240,137,1,66.5706,15.4176,70.1434,82.64,50.3
241,137,0,0,0,0,0,51.71
242,137,0,0,0,0,0,52.17
243,137,1,66.3658,15.4291,70.2866,85.55,52.78
244,137,1,66.8106,15.3484,69.8764,93.76,53.72
245,137,1,66.621,15.3903,70.1059,93.81,53.43
246,137,1,66.5515,15.3384,70.0624,92.92,53.36
247,137,1,66.6774,15.3382,69.9504,84.95,54.17
248,137,1,66.6048,15.3667,70.059,94.75,53.42
249,137,1,66.6228,15.374,70.1635,92.8,53.52
250,137,1,66.4648,15.3361,70.1858,84.93,53
251,137,1,66.6866,15.3019,70.0646,90.53,52.02
252,137,1,66.1808,15.4492,70.5786,87.5,49.47
253,137,0,0,0,0,0,42.87
254,137,0,0,0,0,0,36.03
255,137,0,0,0,0,0,35.81
0,138,0,0,0,0,0,35.08
1,138,0,0,0,0,0,55.05
2,138,0,0,0,0,0,54.99
3,138,0,0,0,0,0,36.04
4,138,1,42.8622,39.7687,75.0741,90.99,51
5,138,1,42.8045,39.5762,75.1203,92.17,57.8
6,138,1,42.7082,39.5963,75.2213,88,56.58
7,138,1,42.8716,39.6528,75.0819,92.3,59.16
8,138,1,42.8354,39.6427,75.101,91.21,58.09
9,138,1,42.7693,39.7757,75.3153,92.04,58.02
10,138,1,42.6912,39.4682,75.2385,85.77,58.27
11,138,1,42.9616,39.5696,74.8896,90.65,57.54
12,138,1,42.8101,39.524,75.2556,89.5,57.9
13,138,1,42.9568,39.5821,74.8983,91.35,57.59
14,138,1,42.6386,39.5315,75.4336,88.93,58.44
15,138,1,43.0653,39.5587,74.9445,91.96,57.98
16,138,1,42.7613,39.7254,75.1618,95,59.13
17,138,1,42.7485,39.5028,75.2598,89.06,58.12
18,138,1,42.7904,39.5227,75.2368,89.39,58.14
19,138,1,42.7907,39.5441,75.171,91.06,58.09
20,138,1,42.8506,39.7001,75.1581,95.5,58.04
21,138,1,42.7249,39.7187,75.1607,94.26,58.06
22,138,1,42.9561,39.6963,75.0452,88.97,54.44
23,138,1,270.999,11.6747,76.7746,92.57,53.17
24,138,1,271.01,11.6987,76.9176,95.06,53.73
25,138,1,270.9,11.748,76.9705,87.78,54.8
26,138,1,271.088,11.7145,76.7974,93.12,54.41
27,138,1,271.08,11.7184,76.8414,91.79,54.44
28,138,1,270.942,11.7471,76.9758,92.01,54.77
29,138,1,271.035,11.7321,76.8729,90.22,54.85
30,138,1,271.053,11.752,76.8898,93.55,54.83
31,138,1,270.929,11.6901,76.7932,92.18,54.75
32,138,1,271.334,11.7758,76.646,90.53,55.34
33,138,1,270.962,11.7187,76.8673,92.24,54.32
34,138,1,271.027,11.7515,76.8792,92.66,55.18
35,138,1,270.95,11.7209,76.8543,94.48,55.09
36,138,1,270.992,11.7281,76.8149,94.12,54.23
37,138,1,271.066,11.7529,76.8027,94.62,54.63
38,138,1,271.081,11.7357,76.8337,92.12,54.59
39,138,1,271.322,11.7604,76.4941,90.82,54.36
40,138,1,271.014,11.7173,76.806,93.56,54.6
41,138,1,270.999,11.74,76.8517,92.92,54.68
42,138,1,271.059,11.7371,76.8197,94.24,54.25
43,138,1,271.039,11.7614,76.8322,94.44,54.73
44,138,1,270.992,11.7562,76.9138,93.88,54.9
45,138,1,271.293,11.79,76.5199,93.27,54.13
46,138,0,0,0,0,0,49.36
47,138,0,0,0,0,0,51.59
48,138,1,290.493,12.4794,62.5857,91.54,51.32
49,138,1,290.401,12.5097,62.7828,92.53,52.05
50,138,1,290.455,12.5144,62.5518,94.02,53
51,138,1,290.328,12.5158,62.7931,91.95,52.82
52,138,1,290.319,12.5116,62.7644,93.28,53.47
53,138,1,290.43,12.5517,62.6806,94.69,52.47
54,138,1,290.384,12.5101,62.7274,91.9,53.48
55,138,1,290.377,12.5706,62.803,90.8,51.69
56,138,1,290.243,12.5043,62.7693,88.81,53.32
57,138,1,290.346,12.5347,62.7869,93.46,53.59
58,138,1,290.375,12.561,62.7784,91.11,53.52
59,138,1,290.397,12.5342,62.7171,93.35,53.39
60,138,1,290.301,12.5325,62.7963,88.61,52.26
61,138,1,290.328,12.5499,62.7835,92.15,52.81
62,138,1,290.417,12.5787,62.8212,89.67,53.37
63,138,1,290.4,12.569,62.6406,93.01,52.96
64,138,1,290.377,12.6006,62.8534,92.67,53.86
65,138,1,290.249,12.4999,62.7638,89.78,52.63
66,138,1,290.339,12.5739,62.7929,92.09,53.33
67,138,1,290.365,12.5594,62.697,92.35,52.78
68,138,1,290.302,12.5828,62.7865,94.48,54.24
69,138,1,290.3,12.5658,62.8248,92.34,53.43
70,138,1,290.261,12.5167,62.7478,91.73,53.21
71,138,1,290.298,12.5753,62.6851,92.13,52.59
72,138,1,290.281,12.5544,62.8283,91.25,53.03
73,138,1,290.242,12.5989,62.8865,88.72,53.26
74,138,1,290.284,12.6148,62.8916,95.11,53.16
75,138,1,290.207,12.569,62.8425,90.24,52.72
76,138,1,290.217,12.5671,62.9252,93.68,53.23
77,138,1,290.292,12.5615,62.7883,90.68,53.75
78,138,1,290.3,12.5837,62.9118,90.6,52.39
79,138,1,290.321,12.6303,62.8731,89.85,53.06
80,138,1,290.302,12.5841,62.8308,91.43,53.63
81,138,1,290.233,12.5919,62.8663,91.47,52.67
82,138,1,290.106,12.6091,62.9709,94.98,53.99
83,138,1,290.243,12.5774,62.8809,93.3,52.65
84,138,1,290.098,12.6142,62.9681,89.83,52.06
85,138,1,290.173,12.6265,62.9351,82.49,52.15
86,138,1,155.277,38.6055,51.4873,91.36,55.18
87,138,1,155.373,38.6179,51.4212,92.44,56.08
88,138,1,155.44,38.6038,51.394,93.45,56.86
89,138,1,155.197,38.6293,51.5,92.31,56.64
90,138,1,155.366,38.6329,51.4671,94.17,55.94
91,138,1,155.199,38.6243,51.4964,90.78,56.62
92,138,1,155.363,38.6387,51.4407,93.12,56.61
93,138,1,155.385,38.6139,51.4039,90.55,56.54
94,138,1,155.356,38.6146,51.4187,91.93,56.75
95,138,1,155.257,38.6167,51.4592,92.83,56.71
96,138,1,155.276,38.6314,51.4177,93.09,56.48
97,138,1,155.335,38.6058,51.4483,93.56,56.65
98,138,1,155.279,38.6167,51.4533,91.25,56
99,138,1,155.333,38.6153,51.3954,90.58,56.24
100,138,1,155.249,38.6073,51.4194,93.38,54.24
101,138,1,45.6177,19.4876,11.436,94.39,56.07
102,138,1,45.6982,19.449,11.3075,93.69,57.78
103,138,1,45.49,19.4297,11.6246,86.36,58.59
104,138,1,45.5558,19.4063,11.5191,93.7,57.98
105,138,1,45.6875,19.4466,11.4447,94.45,57.62
106,138,1,45.5436,19.4204,11.4944,86.35,58.62
107,138,1,45.4897,19.4834,11.5249,94.19,57.99
108,138,1,45.5531,19.4694,11.4957,93.64,58.18
109,138,1,45.5356,19.45,11.6344,95.39,57.51
110,138,1,45.5218,19.4108,11.5902,87.63,58.39
111,138,1,45.4031,19.4984,11.5644,94.07,57.4
112,138,1,45.447,19.4543,11.5924,96.27,56.92
113,138,1,45.5466,19.4518,11.4384,91.05,58.5
114,138,1,45.3793,19.4953,11.6238,93.39,57.55
115,138,1,45.4977,19.4135,11.6141,86.8,58.67
116,138,1,45.5504,19.4342,11.5743,93.1,58.34
117,138,1,46.0516,19.1152,11.0104,83.68,57.97
118,138,1,45.5428,19.4721,11.4792,95.89,57.68
119,138,1,45.4782,19.4091,11.5896,88.99,57.95
120,138,1,45.5268,19.4307,11.5781,95.23,58.6
121,138,1,45.577,19.4185,11.5345,94.79,57.97
122,138,1,45.5869,19.4097,11.5413,94.24,58.13
123,138,1,45.4679,19.3922,11.6601,86.16,58.16
124,138,1,45.6189,19.4227,11.5981,94.12,57.82
125,138,1,45.4681,19.4041,11.6198,86.27,58.59
126,138,1,45.3305,19.4086,11.7751,86.05,58.49
127,138,1,45.5405,19.43,11.5176,95.26,57.75
128,138,1,45.5932,19.4235,11.4764,92.2,57.51
129,138,1,45.4688,19.4039,11.7039,87.18,57.72
130,138,1,45.555,19.4184,11.5484,95.85,58.24
131,138,1,45.3692,19.436,11.7273,93.72,57.23
132,138,1,45.4299,19.4055,11.6569,86.3,58.93
133,138,1,45.5814,19.42,11.5234,94.27,57.69
134,138,1,46.906,19.1321,10.2078,82.69,58.31
135,138,1,45.4812,19.442,11.5975,95.58,57.49
136,138,1,45.3834,19.4411,11.571,87.61,58.36
137,138,1,45.3997,19.4408,11.6409,93.93,57.99
138,138,1,45.38,19.3872,11.7443,86.08,58.21
139,138,1,45.3407,19.4613,11.6086,88.05,58.6
140,138,1,45.3159,19.3928,11.8075,84.98,58.26
141,138,1,45.3761,19.4637,11.6564,94.33,57.68
142,138,1,45.492,19.4271,11.5381,93.91,57.33
143,138,1,45.3608,19.4002,11.7441,85.42,59.31
144,138,1,45.5309,19.4333,11.5383,94.91,57.43
145,138,1,45.3721,19.3941,11.756,93.64,57.79
146,138,1,45.3461,19.4318,11.8553,94.86,57.47
147,138,1,45.4182,19.415,11.6299,87.8,58.43
148,138,1,45.4818,19.4099,11.5893,95.58,57.88
149,138,1,45.4522,19.4381,11.6514,94.14,58.03
150,138,1,45.3242,19.3953,11.7574,88.44,58.66
151,138,1,45.3445,19.3857,11.7359,87.9,57.86
152,138,1,45.3705,19.3792,11.7095,88.52,58.53
153,138,1,45.365,19.3917,11.7813,92.63,57.97
154,138,1,45.3212,19.4037,11.7208,95.99,57.86
155,138,1,45.4314,19.4052,11.6486,94.84,57.72
156,138,1,45.4461,19.4139,11.6169,95.35,58.21
157,138,1,45.3346,19.3995,11.7715,96.19,58.01
158,138,1,45.4373,19.3857,11.6095,94.97,58.45
159,138,1,45.3583,19.4237,11.6965,96.14,58.14
160,138,1,45.3925,19.3975,11.7377,94.82,58.29
161,138,1,45.3048,19.3912,11.8334,93.7,57.59
162,138,1,45.3582,19.3948,11.7014,87.97,58.69
163,138,1,45.3824,19.3869,11.7086,93.76,58.59
164,138,1,45.3665,19.3688,11.6658,93.9,55.38
165,138,1,155.415,38.5775,51.2704,91.68,54.89
166,138,1,155.367,38.5768,51.2688,92.49,55.62
167,138,1,155.446,38.5936,51.2187,93.36,56.43
168,138,1,155.468,38.5789,51.2098,91.01,56.69
169,138,1,155.431,38.5678,51.2226,92.05,56.94
170,138,1,155.595,38.5395,51.1797,92.46,56.94
171,138,1,155.596,38.5434,51.178,91.64,57.18
172,138,1,155.443,38.5537,51.2016,90.4,56.93
173,138,1,155.45,38.5284,51.2104,91.89,56.92
174,138,1,155.46,38.5486,51.2185,94.04,56.67
175,138,1,155.474,38.5549,51.1811,89.33,57.07
176,138,1,155.441,38.5559,51.2205,90.98,56.89
177,138,1,155.647,38.486,51.1214,91.38,54.41
178,138,1,161.074,22.1156,56.9115,83.45,53.58
179,138,1,160.809,22.1579,57.0271,92.23,54.86
180,138,1,160.928,22.1487,56.9724,93.41,56.15
181,138,1,160.935,22.153,56.9402,88.88,56.15
182,138,1,161.187,22.1543,56.8146,87.83,55
183,138,1,161.061,22.1695,56.8787,89.61,55.5
184,138,1,160.669,22.2089,57.1077,81.48,53.29
185,138,1,329.729,26.2626,32.4461,91.38,49.31
186,138,1,329.495,26.2845,32.7603,87.17,50.53
187,138,1,329.655,26.2842,32.5465,78.42,49.57
188,138,1,160.791,22.1581,57.0039,93.39,52.63
189,138,0,0,0,0,0,51.92
190,138,1,255.44,32.8283,23.4145,90.29,55.45
191,138,1,255.606,32.7139,23.2954,88.7,55.27
192,138,1,255.561,32.826,23.3035,91.93,56.06
193,138,1,255.632,32.6627,23.1909,93.18,56.78
194,138,1,255.694,32.8577,23.2406,92.4,57.29
195,138,1,255.722,32.773,23.218,88.35,56.94
196,138,1,255.611,32.8414,23.2729,92.87,56.24
197,138,1,255.579,32.8418,23.2812,89.87,56.98
198,138,1,255.729,32.6798,23.161,91.46,56.91
199,138,1,255.552,32.8159,23.2758,93.53,56.23
200,138,1,255.72,32.6247,23.1405,89.35,56.74
201,138,1,255.641,32.734,23.2271,91.5,57.1
202,138,1,255.569,32.6476,23.2169,88.59,56.19
203,138,1,255.523,32.7064,23.2705,87.18,55.69
204,138,1,255.417,32.555,23.2205,86.06,56.5
205,138,1,255.42,32.8069,23.3651,91.1,56.33
206,138,1,255.55,32.804,23.1523,89.47,55.49
207,138,1,255.53,32.85,23.3075,89.29,54.25
208,138,1,255.407,32.8383,23.4394,93.26,56.17
209,138,1,255.557,32.8566,23.3164,92.31,56.57
210,138,1,255.589,32.8342,23.3153,91.55,56.77
211,138,1,255.48,32.7883,23.2521,90.6,56.65
212,138,1,255.469,32.8072,23.3464,92.13,55.91
213,138,1,255.516,32.6478,23.2955,87.79,57.05
214,138,1,255.594,32.6921,23.2511,89.7,57.56
215,138,1,255.642,32.8577,23.2588,93.6,57.06
216,138,1,255.748,32.7168,23.1905,93.42,57.9
217,138,1,255.726,32.701,23.1773,92.71,57.29
218,138,1,255.504,32.8104,23.277,89.25,56.62
219,138,1,255.569,32.8531,23.3257,92.4,57.06
220,138,1,255.425,32.8411,23.3672,93.33,57.13
221,138,1,255.6,32.8385,23.3038,91.05,56.37
222,138,1,255.612,32.8254,23.2941,92.59,57.14
223,138,1,255.514,32.8278,23.3158,92.74,57.07
224,138,1,255.281,32.8268,23.5167,91.12,56.59
225,138,1,255.371,32.86,23.5094,93.7,57.49
226,138,1,255.511,32.8959,23.3896,93.48,56.62
227,138,1,255.507,32.7638,23.3112,89.15,57.21
228,138,1,255.597,32.8878,23.3035,94.53,56.39
229,138,1,255.595,32.8832,23.3217,88.86,56.19
230,138,1,255.45,32.6452,23.2387,85.44,56.51
231,138,1,255.557,32.6962,23.2664,89.89,57.01
232,138,1,255.664,32.5699,23.1575,86.85,57.12
233,138,1,255.42,32.8189,23.3593,92.97,57.31
234,138,1,255.437,32.8563,23.3925,92.28,56.57
235,138,1,255.411,32.8922,23.4074,91.41,56.32
236,138,1,255.707,32.7016,23.1022,88.77,55.23
237,138,1,255.665,32.9009,23.2593,90.39,54.18
238,138,1,255.684,32.9194,23.276,92.69,53.62
239,138,1,254.115,33.2215,24.6816,62.95,51.5
240,138,0,0,0,0,0,51.04
241,138,0,0,0,0,0,50.65
242,138,0,0,0,0,0,51.92
243,138,0,0,0,0,0,51.69
244,138,1,66.5273,15.4031,70.1609,85.15,51.08
245,138,1,66.5223,15.4062,70.1667,83.77,52.07
246,138,1,66.5603,15.414,70.1811,94.99,52.54
247,138,1,66.5521,15.3922,70.1147,85.41,53.97
248,138,1,66.7584,15.3153,69.9766,93.74,54.34
249,138,1,66.5409,15.3881,70.1412,91.88,53.3
250,138,1,66.7007,15.35,69.8642,84.83,53.74
251,138,1,66.5652,15.3497,70.0357,87.14,53.13
252,138,1,66.6791,15.3202,70.0773,94.23,50.56
253,138,0,0,0,0,0,40.51
254,138,0,0,0,0,0,36.28
255,138,0,0,0,0,0,35.77
0,139,0,0,0,0,0,35.75
1,139,0,0,0,0,0,52.76
2,139,0,0,0,0,0,53.21
3,139,0,0,0,0,0,57.99
4,139,1,42.7183,39.538,75.2625,88.51,51.3
5,139,1,42.9178,39.7682,74.9681,97.1,56.76
6,139,1,42.6265,39.5461,75.2833,88.8,57.99
7,139,1,43.0236,39.508,74.8669,92.73,58.28
8,139,1,42.6688,39.4463,75.3364,88,56.73
9,139,1,42.8221,39.6941,75.1831,91.67,57.22
10,139,1,42.7429,39.7718,75.3033,92.04,57.58
11,139,1,42.9133,39.7147,75.1982,91.77,58.27
12,139,1,42.7508,39.5243,75.22,91.52,57.97
13,139,1,42.9912,39.5736,74.8588,90.26,58.15
14,139,1,42.9428,39.6884,75.0642,94.33,58.44
15,139,1,42.9151,39.6972,75.1718,94.61,58.22
16,139,1,43.0131,39.5774,74.9042,92.21,58.29
17,139,1,42.8482,39.6913,75.2015,93.55,57.47
18,139,1,43.0043,39.5508,74.8997,91.73,57.96
19,139,1,42.7706,39.5133,75.2159,89.84,58.03
20,139,1,42.8052,39.708,75.1916,94.72,57.33
21,139,1,42.6568,39.5074,75.4494,90.02,58.22
22,139,1,42.8845,39.713,75.1824,92.25,57.07
23,139,0,0,0,0,0,52.89
24,139,1,270.876,11.6745,76.9612,90.4,52.79
25,139,1,271.024,11.7203,76.851,91.07,53.38
26,139,1,271.066,11.719,76.7932,93.67,54.11
27,139,1,271.011,11.6987,76.8335,93.11,55.16
28,139,1,271.051,11.7113,76.8948,91.18,54.35
29,139,1,270.986,11.7268,76.8531,92.33,54.59
30,139,1,270.863,11.7242,77.0016,91.7,54.74
31,139,1,271.067,11.7162,76.8087,94.29,54.98
32,139,1,271.058,11.743,76.8386,90.9,54.91
33,139,1,271.035,11.7984,76.8802,91.86,54.96
34,139,1,271.141,11.7355,76.7736,89.93,54.63
35,139,1,270.797,11.6813,77.0426,90.65,55.02
36,139,1,270.99,11.68,76.9257,91.73,55.46
37,139,1,271.154,11.7946,76.7771,93.38,54.95
38,139,1,271.088,11.7598,76.849,92.03,54.6
39,139,1,271.06,11.8065,76.872,91.57,54.79
40,139,1,271.266,11.7563,76.5014,93.92,55.08
41,139,1,270.981,11.7411,76.8697,92.75,54.27
42,139,1,271.048,11.7233,76.8354,92.74,54.05
43,139,1,270.833,11.7168,76.9818,89.79,55.42
44,139,1,270.859,11.7546,77.002,90.68,55.65
45,139,1,271.012,11.7412,76.8339,91.17,54.34
46,139,1,270.592,11.7554,77.5802,81.59,48.68
47,139,1,290.484,12.4312,62.5059,91.12,48.64
48,139,1,290.442,12.5071,62.7139,91.92,52.59
49,139,1,290.332,12.5012,62.717,91.9,52.94
50,139,1,290.398,12.5415,62.7224,92.22,53.54
51,139,1,290.368,12.532,62.7656,92.16,52.16
52,139,1,290.343,12.5407,62.7479,91.71,52.42
53,139,1,290.45,12.5516,62.6542,90.32,52.54
54,139,1,290.43,12.5341,62.6237,90.71,52.06
55,139,1,290.355,12.5248,62.7454,91.88,53.37
56,139,1,290.345,12.5262,62.7532,92.37,53.35
57,139,1,290.411,12.5663,62.7087,91.41,52.89
58,139,1,290.391,12.5725,62.8089,93.59,53.6
59,139,1,290.299,12.5228,62.6615,90.73,52.45
60,139,1,290.335,12.549,62.7607,94.04,53.76
61,139,1,290.249,12.5607,62.8638,93.57,53.7
62,139,1,290.35,12.5485,62.7622,91.69,52.74
63,139,1,290.367,12.5349,62.6464,91.67,53.64
64,139,1,290.358,12.5622,62.6925,93.64,53.47
65,139,1,290.391,12.546,62.6923,93.8,53.4
66,139,1,290.313,12.5626,62.7947,91.36,52.32
67,139,1,290.309,12.5398,62.7679,91.55,52.62
68,139,1,290.305,12.5677,62.838,89.51,52.71
69,139,1,290.303,12.561,62.7633,92.42,53.44
70,139,1,290.195,12.6002,63.0216,95.6,53.75
71,139,1,290.304,12.5982,62.8621,91.36,52.63
72,139,1,290.26,12.6016,62.9165,89.06,53.28
73,139,1,290.222,12.6069,62.936,94.05,54
74,139,1,290.302,12.6085,62.8939,92.43,53.7
75,139,1,290.046,12.5726,63.049,94.19,53.56
76,139,1,290.231,12.5762,62.8247,92.62,54.53
77,139,1,290.239,12.5535,62.8456,92.55,53.08
78,139,1,290.316,12.5721,62.7834,94.86,53.51
79,139,1,290.236,12.5885,62.8655,92.26,52.1
80,139,1,290.233,12.5775,62.8291,93.84,53.21
81,139,1,290.084,12.5863,62.9741,93.39,53.52
82,139,1,290.264,12.6169,62.8614,91.36,52.95
83,139,1,290.21,12.6281,62.9927,94.74,53.74
84,139,1,290.058,12.6055,63.0137,83.28,51.9
85,139,1,155.244,38.5992,51.5046,81.33,53.13
86,139,1,155.251,38.6433,51.4742,92.94,55.65
87,139,1,155.28,38.6444,51.4566,89.74,56.34
88,139,1,155.297,38.6268,51.4574,91.9,56.54
89,139,1,155.337,38.6314,51.4221,92.76,56.85
90,139,1,155.386,38.6229,51.4303,92.79,57.25
91,139,1,155.248,38.6362,51.4748,91.26,56.32
92,139,1,155.242,38.6371,51.4567,91.11,56
93,139,1,155.301,38.6249,51.4493,93.02,56.43
94,139,1,155.289,38.6115,51.4701,92.81,56.76
95,139,1,155.339,38.6216,51.417,91.54,56.7
96,139,1,155.342,38.6263,51.4405,92.28,56.33
97,139,1,155.405,38.6109,51.398,91.11,56.22
98,139,1,155.359,38.6186,51.4142,92.59,56.52
99,139,1,155.32,38.6198,51.4445,92.79,57.82
100,139,1,155.318,38.6421,51.4106,90.01,53.9
101,139,1,45.7387,19.4569,11.3428,93.27,56.5
102,139,1,45.5906,19.4892,11.4447,92.16,57.39
103,139,1,45.6796,19.4498,11.4354,93.09,57.51
104,139,1,45.5086,19.4227,11.6052,85.94,58.18
105,139,1,45.5529,19.4513,11.5731,96.09,57.43
106,139,1,45.654,19.4227,11.5273,94.82,57.43
107,139,1,47.0802,19.1487,10.0976,78.79,57.74
108,139,1,45.5026,19.4908,11.4768,94.79,57.45
109,139,1,45.7036,19.4767,11.2281,89.39,57.67
110,139,1,45.5265,19.4803,11.4876,92.74,57.09
111,139,1,45.5957,19.432,11.5454,92.56,58.15
112,139,1,45.5266,19.4119,11.5646,86.24,58.86
113,139,1,45.5749,19.4658,11.4548,94.97,57.6
114,139,1,45.6665,19.4268,11.5156,93.94,57.78
115,139,1,45.5304,19.4155,11.6464,88.72,59.1
116,139,1,45.3462,19.4387,11.72,87.02,58.18
117,139,1,45.5867,19.4243,11.5262,95.93,57.7
118,139,1,45.525,19.4668,11.5415,96.62,57.86
119,139,1,45.5182,19.4237,11.6578,94.85,57.66
120,139,1,45.4385,19.3865,11.7197,92.31,58.57
121,139,1,45.4774,19.4152,11.58,88.61,57.87
122,139,1,45.5288,19.4109,11.6269,93.91,58.25
123,139,1,45.457,19.4509,11.5769,88.22,58.55
124,139,1,45.3772,19.4924,11.5829,94.31,57.75
125,139,1,45.4609,19.4514,11.6013,96.03,57.75
126,139,1,45.5898,19.4251,11.5346,94.68,57.64
127,139,1,45.4943,19.4049,11.5308,87.88,58.31
128,139,1,45.3844,19.3914,11.7796,92.74,58.16
129,139,1,45.4752,19.3913,11.6487,93.39,58.29
130,139,1,45.4014,19.4469,11.7383,95.45,57.79
131,139,1,45.3729,19.4387,11.6931,87.13,58.45
132,139,1,45.4238,19.4599,11.64,94.45,57.05
133,139,1,45.4652,19.3658,11.6463,87.86,58.23
134,139,1,45.5596,19.4133,11.5322,95.5,58.25
135,139,1,45.5228,19.4353,11.5101,92.49,57.71
136,139,1,45.2963,19.411,11.7237,84.1,58.12
137,139,1,45.3916,19.4518,11.633,94.06,57.63
138,139,1,45.3389,19.4206,11.7673,86.67,58.61
139,139,1,45.3079,19.3864,11.7715,87.78,58.05
140,139,1,45.391,19.4413,11.6883,96.48,58.23
141,139,1,45.3172,19.4713,11.6789,95.64,56.98
142,139,1,45.5093,19.4269,11.5578,92.98,57.93
143,139,1,45.4166,19.4079,11.8034,85.38,58.38
144,139,1,45.3977,19.4442,11.6438,93.1,57.9
145,139,1,45.8358,19.4607,11.2444,92.34,57.8
146,139,1,45.3821,19.4069,11.6295,88.47,58.54
147,139,1,45.3824,19.4576,11.6435,96.11,57.31
148,139,1,45.3779,19.4386,11.6805,94.51,57.81
149,139,1,45.4613,19.4129,11.6377,93.93,57.63
150,139,1,45.3696,19.4168,11.7324,95.19,58.21
151,139,1,45.2883,19.446,11.8118,95.26,57.49
152,139,1,45.365,19.4012,11.7514,96.18,57.72
153,139,1,45.3565,19.4095,11.6579,94.25,58.02
154,139,1,45.3646,19.3635,11.7312,93.99,58.73
155,139,1,45.2933,19.4113,11.6675,88.3,59.04
156,139,1,45.3452,19.3835,11.7543,92.54,58.05
157,139,1,45.3413,19.4509,11.5996,93.94,58.08
158,139,1,45.2645,19.4224,11.8982,96.98,57.84
159,139,1,45.4065,19.4166,11.6841,94.43,58.08
160,139,1,45.4613,19.3837,11.6222,96.01,58.09
161,139,1,45.2891,19.3374,11.8294,87.71,58.57
162,139,1,45.3534,19.4062,11.6603,93.65,57.84
163,139,1,45.2945,19.3902,11.7434,93.28,57.01
164,139,1,45.3503,19.4506,11.7724,93.62,56.6
165,139,1,155.43,38.5816,51.2579,92.26,55.16
166,139,1,155.423,38.5756,51.2387,90.24,56.06
167,139,1,155.357,38.5964,51.2577,90.12,56.44
168,139,1,155.459,38.5749,51.225,90.14,56.26
169,139,1,155.459,38.5608,51.2371,95.72,56.53
170,139,1,155.46,38.5539,51.2038,90.11,56.25
171,139,1,155.417,38.5676,51.2163,90.29,56.52
172,139,1,155.378,38.5543,51.2476,91.05,56.39
173,139,1,155.438,38.5283,51.1981,92.2,55.96
174,139,1,155.424,38.5489,51.201,90.59,56.49
175,139,1,155.473,38.552,51.2134,89.99,56.57
176,139,1,155.637,38.5074,51.11,94.26,57.21
177,139,1,155.404,38.536,51.2019,92.2,55.47
178,139,0,0,0,0,0,51.79
179,139,1,160.853,22.1598,56.996,88.38,54.71
180,139,1,160.843,22.1717,56.9869,90.45,54.95
181,139,1,160.883,22.1748,56.9378,90.41,56
182,139,1,161.178,22.1541,56.7752,89.3,56.09
183,139,1,161.053,22.1379,56.8634,91.45,55
184,139,1,329.974,26.335,32.1853,81.63,50.55
185,139,1,329.731,26.2892,32.4926,89.01,50.34
186,139,1,329.707,26.2747,32.4296,88.92,49.16
187,139,0,0,0,0,0,51.96
188,139,1,160.794,22.1656,57.0005,89.69,55.7
189,139,1,161.084,22.1526,56.8938,91.51,52.97
190,139,1,255.501,32.8551,23.4564,91.63,53.77
191,139,1,255.583,32.8193,23.3534,93.5,55.7
192,139,1,255.47,32.8353,23.385,90.47,56.52
193,139,1,255.568,32.8448,23.3098,92,55.27
194,139,1,255.598,32.8224,23.3102,95.14,56.52
195,139,1,255.698,32.6865,23.2363,90.03,56.25
196,139,1,255.611,32.8398,23.2823,91.77,56.09
197,139,1,255.708,32.6451,23.1696,91.22,56.79
198,139,1,255.696,32.6657,23.1558,91.1,56.74
199,139,1,255.504,32.6595,23.2357,90.87,56.58
200,139,1,255.597,32.8675,23.289,88.71,56.56
201,139,1,255.423,32.8259,23.3767,91.96,57.33
202,139,1,255.774,32.7416,23.1906,91.36,56.52
203,139,1,255.646,32.8435,23.2598,92.89,56.85
204,139,1,255.675,32.7214,23.2219,90.46,56.92
205,139,1,255.779,32.725,23.1725,93.17,56.27
206,139,1,255.417,32.7984,23.3727,89.16,55.26
207,139,1,255.424,32.8435,23.3791,91.41,54.64
208,139,1,255.438,32.841,23.3746,93.6,55.96
209,139,1,255.647,32.8313,23.2681,93.71,56.28
210,139,1,255.623,32.8295,23.3021,91.31,56.18
211,139,1,255.565,32.7842,23.178,86.34,56.37
212,139,1,255.492,32.8225,23.3268,93.22,57.13
213,139,1,255.519,32.6668,23.2847,89.03,56.72
214,139,1,255.537,32.5427,23.2312,86.84,57.22
215,139,1,255.406,32.8156,23.318,90.1,57
216,139,1,255.582,32.8648,23.2844,92,56.5
217,139,1,255.767,32.64,23.2137,89.62,56.69
218,139,1,255.447,32.7329,23.3338,91.22,57.17
219,139,1,255.534,32.8547,23.3025,92.34,56.13
220,139,1,255.615,32.6024,23.2323,88.81,57.03
221,139,1,255.461,32.8336,23.3495,91.31,56.57
222,139,1,255.566,32.6796,23.217,90.31,55.52
223,139,1,255.482,32.8412,23.344,90.24,57
224,139,1,255.416,32.8417,23.3778,90.14,57.15
225,139,1,255.475,32.8515,23.3825,91.09,56.36
226,139,1,255.508,32.8681,23.3446,93,56.02
227,139,1,255.455,32.874,23.3255,89.12,56.96
228,139,1,255.572,32.6491,23.2417,90.3,56.9
229,139,1,255.512,32.6868,23.2792,88.47,56.69
230,139,1,255.548,32.8885,23.334,92.46,55.85
231,139,1,255.519,32.9015,23.3028,92.39,57.39
232,139,1,255.517,32.6358,23.2288,88.03,56.7
233,139,1,255.319,32.8835,23.4048,92.91,56.67
234,139,1,255.604,32.7283,23.2293,91.11,57.12
235,139,1,255.583,32.8664,23.3319,94.53,56.74
236,139,1,255.394,32.8495,23.3449,91.5,56.88
237,139,1,255.548,32.8721,23.3128,93.04,56.66
238,139,1,255.63,32.9084,23.2307,92.62,56.9
239,139,1,255.445,32.9255,23.3723,89.54,56.62
240,139,1,255.798,32.8813,23.0447,93.46,54.79
241,139,1,255.708,32.8912,23.2582,92.36,54.47
242,139,1,255.589,32.8756,23.2606,88.45,52.9
243,139,1,254.109,33.3333,24.8326,64.79,51.12
244,139,0,0,0,0,0,51.4
245,139,0,0,0,0,0,49.75
246,139,0,0,0,0,0,51.33
247,139,1,66.642,15.3858,70.0272,89.46,52.54
248,139,1,66.5037,15.4251,70.1909,83.67,52.26
249,139,1,66.7338,15.3214,69.9102,86.08,53.02
250,139,1,66.5925,15.3159,70.0464,86.94,53.18
251,139,1,66.7346,15.3672,70.0956,81.49,51.7
252,139,1,66.7335,15.3119,70.0197,92.46,48.67
253,139,0,0,0,0,0,36.72
254,139,0,0,0,0,0,35.79
255,139,0,0,0,0,0,54.32
0,140,0,0,0,0,0,35.21
1,140,0,0,0,0,0,53.1
2,140,0,0,0,0,0,52.49
3,140,0,0,0,0,0,58.21
4,140,1,42.9953,39.5925,74.9212,90.37,52.08
5,140,1,42.7685,39.5551,75.1638,90.53,56.45
6,140,1,42.8541,39.4727,75.1534,88.84,57.75
7,140,1,42.9503,39.5031,74.8629,90.9,57.65
8,140,1,42.7966,39.4843,75.2426,88.93,57
9,140,1,42.9602,39.5539,75.0163,91.5,57.67
10,140,1,42.8043,39.4764,75.2944,90.89,56.88
11,140,1,42.9302,39.5858,74.8871,91.42,57.55
12,140,1,42.7832,39.5153,75.2438,88.38,58.27
13,140,1,42.83,39.7263,75.1734,94.33,57.06
14,140,1,42.8601,39.7208,75.1193,88.78,57.53
15,140,1,42.9948,39.5596,74.9124,92.09,57.79
16,140,1,42.861,39.5265,75.1715,91.61,57.7
17,140,1,42.8414,39.6986,75.1686,95.22,57.11
18,140,1,42.7823,39.5261,75.2472,91.07,57.97
19,140,1,42.8478,39.7036,75.1736,94.1,57.28
20,140,1,42.9918,39.5645,74.9375,93.47,57.88
21,140,1,42.9202,39.5268,75.0117,91.34,57.35
22,140,1,42.8985,39.685,75.1394,91.26,58.36
23,140,1,42.7346,39.6966,75.2631,86.06,54.06
24,140,1,270.853,11.7067,76.8828,85.83,53.25
25,140,1,270.955,11.6769,76.8786,92.42,53.57
26,140,1,271.002,11.704,76.8393,92.49,54.37
27,140,1,270.888,11.6745,76.8905,92.15,54.9
28,140,1,270.95,11.73,76.9166,94.7,54.98
29,140,1,270.939,11.7034,76.9246,90.42,54.62
30,140,1,271.198,11.7875,76.676,91.76,55.17
31,140,1,270.979,11.7128,76.8581,92.51,54.4
32,140,1,270.825,11.7008,76.9774,94.86,54.97
33,140,1,270.819,11.725,76.9753,92.8,54.64
34,140,1,270.996,11.7258,76.8696,92.4,54.6
35,140,1,271.005,11.7369,76.9053,93.55,54.55
36,140,1,271,11.7346,76.8437,92.03,54.68
37,140,1,270.992,11.7192,76.8738,91.19,54.66
38,140,1,270.879,11.7208,76.9354,94.66,55.56
39,140,1,271.259,11.7981,76.6063,90.76,54.88
40,140,1,271.011,11.7427,76.8849,93.89,54.87
41,140,1,271.03,11.7614,76.7848,92.62,55.19
42,140,1,270.895,11.73,76.9305,92.17,54.81
43,140,1,271.098,11.7518,76.8032,93.34,54.02
44,140,1,271.155,11.7555,76.7232,92,54.88
45,140,1,270.84,11.7247,76.9181,92.54,52.19
46,140,0,0,0,0,0,49.03
47,140,1,290.309,12.4925,62.7862,90.6,49.94
48,140,1,290.342,12.5092,62.6785,89.07,53.29
49,140,1,290.307,12.5017,62.7793,92.02,53.67
50,140,1,290.269,12.5303,62.8101,91.1,52.09
51,140,1,290.417,12.5305,62.733,91.57,53.32
52,140,1,290.327,12.5563,62.8009,90.69,52.41
53,140,1,290.353,12.5043,62.6133,91.56,52.64
54,140,1,290.242,12.507,62.751,92.05,52.99
55,140,1,290.368,12.548,62.7444,93.28,53.22
56,140,1,290.282,12.4858,62.7343,90.69,52.14
57,140,1,290.296,12.5399,62.7993,90.77,52.79
58,140,1,290.32,12.498,62.7584,94.01,53.11
59,140,1,290.314,12.5487,62.6993,89.98,52.98
60,140,1,290.227,12.55,62.873,93.68,53.29
61,140,1,290.236,12.5047,62.7759,93.66,54.25
62,140,1,290.305,12.5539,62.7908,92.62,53.11
63,140,1,290.247,12.5406,62.7543,91.95,52.98
64,140,1,290.384,12.5342,62.7134,93.85,52.6
65,140,1,290.293,12.5482,62.7666,89.45,52.98
66,140,1,290.248,12.526,62.7757,92.72,52.57
67,140,1,290.168,12.5352,62.8537,92.54,54.59
68,140,1,290.291,12.5692,62.8521,92.18,52.89
69,140,1,290.283,12.557,62.8262,90.15,52.57
70,140,1,290.26,12.5388,62.8723,93.68,53.22
71,140,1,290.359,12.5949,62.8031,94.6,53.67
72,140,1,290.246,12.5881,62.9235,92.84,53.36
73,140,1,290.279,12.5713,62.8252,91.28,52.14
74,140,1,290.193,12.5804,62.9346,95.32,53.26
75,140,1,290.26,12.5831,62.7848,93.7,53.47
76,140,1,290.203,12.5742,62.845,91.98,53.83
77,140,1,290.291,12.5831,62.8911,91.69,52.87
78,140,1,290.239,12.5956,62.8845,94.72,53.53
79,140,1,290.119,12.608,62.9856,93.73,54.2
80,140,1,290.189,12.5931,62.8998,95.03,53.75
81,140,1,290.111,12.5875,62.9215,94.83,53.8
82,140,1,290.164,12.617,62.9472,93.31,52.71
83,140,1,290.132,12.6114,63.0117,87.62,51.91
84,140,0,0,0,0,0,53.93
85,140,1,155.242,38.6289,51.4845,92.13,54.89
86,140,1,155.249,38.6332,51.4727,92.56,56
87,140,1,155.253,38.6317,51.4683,92.86,56.72
88,140,1,155.388,38.6262,51.4603,91.27,56.21
89,140,1,155.214,38.6393,51.4732,91.82,56.95
90,140,1,155.359,38.6088,51.4452,91.57,55.48
91,140,1,155.4,38.5902,51.4353,91.52,56.6
92,140,1,155.259,38.6249,51.4575,88.84,56.34
93,140,1,155.271,38.649,51.4718,91.22,56.31
94,140,1,155.394,38.5933,51.4081,94.75,57.45
95,140,1,155.361,38.6283,51.4129,91.77,57.04
96,140,1,155.357,38.6288,51.449,91.87,56.71
97,140,1,155.358,38.6334,51.4176,90.17,57.24
98,140,1,155.329,38.6376,51.4354,92.47,56.72
99,140,1,155.425,38.6184,51.398,93.07,57.26
100,140,1,155.475,38.5759,51.3463,89.13,54.38
101,140,1,45.6234,19.4625,11.48,96.08,56.33
102,140,1,45.6048,19.4729,11.4823,95.18,56.58
103,140,1,45.582,19.4691,11.504,94.87,57.23
104,140,1,45.635,19.4786,11.4631,94.44,58.15
105,140,1,45.5699,19.4749,11.4803,93.92,57.85
106,140,1,46.0057,19.1203,11.0557,84.42,58.07
107,140,1,45.586,19.4737,11.4827,95.92,57.63
108,140,1,45.6103,19.486,11.4704,95.38,57.37
109,140,1,45.5705,19.4361,11.626,96.05,57.83
110,140,1,46.9764,19.112,10.1898,79.52,58.11
111,140,1,45.5885,19.4709,11.498,93.3,57.6
112,140,1,45.5138,19.4635,11.5148,95.67,56.69
113,140,1,45.4806,19.4408,11.5851,90.63,58.01
114,140,1,45.4976,19.4621,11.5488,92.57,57.63
115,140,1,45.3827,19.4329,11.7037,88.8,78.83
116,140,1,45.4292,19.4303,11.6987,87.43,58.76
117,140,1,45.5603,19.4424,11.5118,94.92,56.97
118,140,1,45.4481,19.4712,11.5632,93.99,58.01
119,140,1,45.562,19.422,11.6153,94.09,57.98
120,140,1,45.4029,19.4012,11.7248,86.24,58.63
121,140,1,45.409,19.4486,11.6095,93.88,57.81
122,140,1,45.4618,19.3637,11.6746,88.08,57.72
123,140,1,45.4718,19.478,11.5134,94.51,58.08
124,140,1,45.3408,19.4898,11.7248,97.66,57.75
125,140,1,45.515,19.4238,11.7418,92.89,58.65
126,140,1,45.38,19.4228,11.6874,85.74,58.43
127,140,1,45.4663,19.4115,11.5379,87.68,58.27
128,140,1,45.3978,19.4652,11.6539,95.7,57.64
129,140,1,45.3557,19.3929,11.7475,87.02,58.62
130,140,1,45.2394,18.9736,11.8655,76.31,58.6
131,140,1,45.4651,19.4197,11.691,91.7,57.89
132,140,1,45.3966,19.4554,11.6665,94.34,57.44
133,140,1,46.6536,19.0356,10.4205,73.2,58.54
134,140,1,45.3337,19.4457,11.6702,88.29,58.32
135,140,1,45.5759,19.4114,11.5338,94.78,57.5
136,140,1,45.4899,19.4357,11.5134,94.61,58.09
137,140,1,45.343,19.4242,11.7846,88,58.47
138,140,1,45.4462,19.4157,11.6528,92.04,58.19
139,140,1,45.4892,19.4224,11.6309,95.12,57.91
140,140,1,45.3775,19.4478,11.6123,88.89,59.17
141,140,1,45.3747,19.4245,11.6882,95.61,58.29
142,140,1,45.4845,19.4353,11.5369,93.33,58.5
143,140,1,45.3811,19.4309,11.7698,93.37,57.88
144,140,1,45.3922,19.3885,11.7114,84.97,58.7
145,140,1,45.5233,19.3997,11.6118,94.69,57.78
146,140,1,45.4321,19.3599,11.6992,88.49,58.63
147,140,1,45.4272,19.4257,11.6472,95.13,58.27
148,140,1,45.4703,19.3858,11.6795,88.41,58.34
149,140,1,45.3875,19.3752,11.6933,94.88,58.5
150,140,1,45.417,19.363,11.7171,93.75,57.86
151,140,1,45.3559,19.4058,11.6857,86.74,79.06
152,140,1,45.3965,19.4177,11.7729,97.19,57.16
153,140,1,45.3816,19.3941,11.7335,95.28,57.58
154,140,1,45.4995,19.3956,11.543,95.11,58.16
155,140,1,45.3365,19.4062,11.799,95.31,57.86
156,140,1,45.4003,19.4186,11.6537,95.07,57.48
157,140,1,45.3866,19.3784,11.6609,94.54,58.07
158,140,1,45.3349,19.3984,11.7616,94.47,57.69
159,140,1,45.329,19.3499,11.7992,93.08,58.91
160,140,1,45.2793,19.4347,11.8179,96.04,57.88
161,140,1,45.3336,19.3695,11.7672,86.6,79.04
162,140,1,46.8426,19.0647,10.3283,79.66,58.33
163,140,1,45.3349,19.3343,11.7258,87.13,58.39
164,140,1,45.311,19.3499,11.787,93.17,54.71
165,140,1,155.323,38.5908,51.2951,88.93,55.22
166,140,1,155.517,38.5698,51.2221,90.93,55.68
167,140,1,155.342,38.5443,51.2308,92.47,56.69
168,140,1,155.512,38.5473,51.1901,91.03,57.12
169,140,1,155.447,38.5562,51.2362,92.25,57.87
170,140,1,155.418,38.5559,51.2425,89.75,57.19
171,140,1,155.429,38.5665,51.2273,90.35,56.62
172,140,1,155.469,38.5288,51.1974,91.4,56.49
173,140,1,155.464,38.553,51.2121,90.25,57.18
174,140,1,155.344,38.5508,51.242,91.53,56.4
175,140,1,155.408,38.5505,51.2272,92.01,56.81
176,140,1,155.419,38.5223,51.2135,92.72,57.19
177,140,1,155.466,38.5323,51.1906,93.52,56.8
178,140,1,155.38,38.5123,51.1426,78.78,52.6
179,140,1,160.97,22.1796,56.9458,87.04,52.33
180,140,1,161.005,22.1811,56.9021,86.73,55.26
181,140,1,160.905,22.136,56.9771,90.42,55.7
182,140,1,161.061,22.1587,56.8769,90.01,55.56
183,140,1,160.958,22.2257,56.9016,91.63,54.11
184,140,1,330.044,26.352,32.1799,81.08,49.92
185,140,1,329.755,26.2538,32.3613,90.15,49.98
186,140,1,329.689,26.2735,32.4488,81.54,50.4
187,140,1,161.092,22.1663,56.8794,91.51,52.74
188,140,1,160.847,22.1516,56.9802,92.19,55.22
189,140,1,160.936,22.1509,56.9249,89.01,52.95
190,140,0,0,0,0,0,52.3
191,140,1,255.398,32.7835,23.4047,89.36,55.66
192,140,1,255.505,32.8655,23.384,91.39,55.75
193,140,1,255.387,32.7977,23.3879,92.57,56.4
194,140,1,255.611,32.7958,23.2555,92.69,56.72
195,140,1,255.688,32.7352,23.3286,91.37,56.96
196,140,1,255.339,32.7922,23.3549,91.26,56.79
197,140,1,255.318,32.8176,23.4405,91.73,56.97
198,140,1,255.613,32.8339,23.2955,93.11,55.5
199,140,1,255.545,32.8304,23.2737,93.91,57.02
200,140,1,255.377,32.8052,23.3969,90.65,56.81
201,140,1,255.621,32.8507,23.2883,92.57,56.85
202,140,1,255.656,32.6427,23.1748,87.02,57.05
203,140,1,255.738,32.6601,23.1846,89.7,56.69
204,140,1,255.49,32.8059,23.334,91.2,56.7
205,140,1,255.738,32.6623,23.1732,92.77,57.37
206,140,1,255.362,32.828,23.4509,92.32,55.91
207,140,1,255.614,32.9058,23.3475,89.79,54.13
208,140,1,255.476,32.8201,23.3374,92.31,56.93
209,140,1,255.703,32.6668,23.1474,90.75,57.27
210,140,1,255.784,32.7229,23.2119,91.42,57.08
211,140,1,255.662,32.6824,23.2084,89.33,56.66
212,140,1,255.69,32.8657,23.2939,92.16,56.58
213,140,1,255.716,32.6506,23.1612,89.89,57.05
214,140,1,255.541,32.8505,23.2946,91.89,57.15
215,140,1,255.429,32.8413,23.3014,88.68,56.16
216,140,1,255.48,32.8535,23.3468,91.48,55.73
217,140,1,255.613,32.8359,23.3044,95.03,57.18
218,140,1,255.671,32.893,23.2564,93.05,56.84
219,140,1,255.671,32.7133,23.1834,91.29,56.74
220,140,1,255.512,32.7913,23.2999,93.36,56.95
221,140,1,255.653,32.6899,23.1805,91.52,56.08
222,140,1,255.753,32.7165,23.1394,89.39,56.84
223,140,1,255.451,32.86,23.3731,90.25,56.66
224,140,1,255.557,32.6195,23.315,88.2,56.66
225,140,1,255.516,32.8908,23.3346,90.78,56.7
226,140,1,255.525,32.8616,23.3618,92.97,55.46
227,140,1,255.426,32.8246,23.2662,89.22,57.24
228,140,1,255.671,32.7417,23.2516,92.44,56
229,140,1,255.63,32.7043,23.2643,89.89,56.65
230,140,1,255.598,32.8555,23.2751,92.46,56.69
231,140,1,255.646,32.7077,23.2163,89.83,56.55
232,140,1,255.427,32.85,23.3593,92.99,57.17
233,140,1,255.548,32.5922,23.2546,88.75,57.02
234,140,1,255.482,32.8568,23.3597,92.41,55.83
235,140,1,255.557,32.8731,23.3009,90.09,56.3
236,140,1,255.687,32.7336,23.2039,88.47,57.32
237,140,1,255.74,32.7088,23.1577,91.63,56.96
238,140,1,255.689,32.7478,23.2276,91.78,55.79
239,140,1,255.427,32.8848,23.3428,89.63,56.31
240,140,1,255.639,32.6692,23.1129,87.75,57.11
241,140,1,255.5,32.8544,23.3255,93.89,55.83
242,140,1,255.369,32.8442,23.3149,91.84,55.51
243,140,1,255.425,32.9236,23.3496,90.37,55.86
244,140,1,255.735,32.9392,23.2265,91.56,53.45
245,140,1,255.901,32.8794,23.11,84.63,52.77
246,140,0,0,0,0,0,52.04
247,140,0,0,0,0,0,51.17
248,140,1,66.4678,15.3326,70.2038,85.27,51.54
249,140,1,66.4191,15.4173,70.3229,85.29,50.09
250,140,1,66.7944,15.2945,69.8626,86.15,52.42
251,140,1,66.536,15.3704,70.1601,91.44,52.46
252,140,1,66.6694,15.3369,70.1544,91.03,48.12
253,140,0,0,0,0,0,36.48
254,140,0,0,0,0,0,35.45
255,140,0,0,0,0,0,35.93
0,141,0,0,0,0,0,51.9
1,141,0,0,0,0,0,53.36
2,141,0,0,0,0,0,53.2
3,141,0,0,0,0,0,57.48
4,141,1,42.6966,39.6013,75.1688,86.26,50.98
5,141,1,43.1476,39.5888,74.8004,90.43,56.89
6,141,1,42.8219,39.4973,75.0909,91.03,57.98
7,141,1,43.0025,39.5334,74.8579,90.47,57.81
8,141,1,42.756,39.5508,75.1093,90.55,57.94
9,141,1,42.6861,39.4922,75.2773,89.84,58.37
10,141,1,42.7271,39.4827,75.2381,89.03,58.31
11,141,1,42.8537,39.5481,75.1425,88.95,57.83
12,141,1,42.7505,39.5155,75.1765,86.85,58.55
13,141,1,42.8183,39.7082,75.1552,93.38,57.9
14,141,1,42.8216,39.5382,75.1656,89.61,57.17
15,141,1,42.8528,39.5163,75.1853,90.11,58.71
16,141,1,42.6235,39.5541,75.4349,88.55,58
17,141,1,42.9547,39.6626,75.0423,94.9,57.62
18,141,1,42.8846,39.7159,75.1321,91.57,57.33
19,141,1,42.866,39.7045,75.0476,95.55,57.73
20,141,1,42.7801,39.7037,75.2068,93.78,58.33
21,141,1,42.6875,39.7387,75.1661,93.49,58.42
22,141,1,42.5906,39.5213,75.4026,85.99,57.45
23,141,1,42.7935,39.7427,75.2172,94.37,57.13
24,141,1,42.9154,39.745,75.013,87.6,54.24
25,141,0,0,0,0,0,52.95
26,141,1,271.014,11.6974,76.8295,92.98,53.38
27,141,1,270.993,11.7173,76.9759,93.92,53.5
28,141,1,271.002,11.6976,76.9488,94.18,54.01
29,141,1,270.912,11.7113,76.9306,91.3,53.86
30,141,1,271.01,11.716,76.8482,93.57,54.85
31,141,1,271.216,11.7434,76.6439,92.2,54.64
32,141,1,270.997,11.7061,76.8539,93.18,54.03
33,141,1,270.985,11.7189,76.8528,94.18,54.87
34,141,1,270.997,11.7483,76.948,92.77,54.89
35,141,1,271.062,11.7709,76.7644,93.26,54.78
36,141,1,271.078,11.7388,76.838,91.66,54.16
37,141,1,271.126,11.7973,76.6916,92.43,55.62
38,141,1,270.997,11.7553,76.7637,93.12,54.38
39,141,1,270.902,11.7908,76.9334,91.36,54.99
40,141,1,271.035,11.7316,76.8649,93.22,53.9
41,141,1,270.982,11.7019,76.8892,90.43,54.59
42,141,1,271.071,11.7578,76.8153,92.85,55.09
43,141,1,270.976,11.7272,76.8326,95.66,54.01
44,141,1,270.884,11.6999,76.9917,91.9,53.34
45,141,0,0,0,0,0,49.76
46,141,1,290.447,12.4916,62.635,89.98,50.3
47,141,1,290.34,12.5093,62.8247,92.02,52.33
48,141,1,290.385,12.5096,62.7696,91.01,52.57
49,141,1,290.337,12.5098,62.7654,93.16,52.69
50,141,1,290.233,12.5604,62.9203,92.87,52.97
51,141,1,290.276,12.5086,62.7541,89.22,51.68
52,141,1,290.326,12.519,62.7189,94.17,52.89
53,141,1,290.384,12.5074,62.706,91.13,53.39
54,141,1,290.441,12.5394,62.7046,92.06,53.26
55,141,1,290.336,12.5486,62.7748,93.99,53.28
56,141,1,290.091,12.5579,63.0449,92.35,53.83
57,141,1,290.359,12.498,62.7094,94.48,51.98
58,141,1,290.331,12.5166,62.7326,91.58,52.23
59,141,1,290.42,12.548,62.6809,91.19,52.21
60,141,1,290.366,12.5332,62.6885,93.9,52.97
61,141,1,290.302,12.5309,62.7958,88.76,53.6
62,141,1,290.297,12.5479,62.7777,93.53,52.76
63,141,1,290.19,12.5603,62.9074,94.47,53.94
64,141,1,290.212,12.5612,62.8645,94.02,53.42
65,141,1,290.296,12.5978,62.8628,93.31,54.02
66,141,1,290.321,12.5619,62.7206,92.17,53.46
67,141,1,290.209,12.5691,62.9236,92.62,53.3
68,141,1,290.227,12.5555,62.8695,89.99,52.49
69,141,1,290.293,12.5392,62.8188,92.78,53.35
70,141,1,290.167,12.5984,63.0506,93.87,53.38
71,141,1,290.12,12.5401,62.9047,91.44,52.89
72,141,1,290.273,12.5829,62.8857,94.1,52.79
73,141,1,290.205,12.5506,62.8588,90.36,53.31
74,141,1,290.231,12.6,62.8911,94.57,53.49
75,141,1,290.221,12.5747,62.846,89.69,53.96
76,141,1,290.237,12.5821,62.9021,92.24,53.58
77,141,1,290.165,12.6276,62.9898,93.51,53.47
78,141,1,290.203,12.5719,62.8701,93.13,53.13
79,141,1,290.116,12.5996,63.0269,93.56,53.66
80,141,1,290.138,12.5519,62.8583,91.48,53.75
81,141,1,290.24,12.5541,62.7953,91.26,53.64
82,141,1,289.993,12.5965,63.0421,89.25,52.38
83,141,0,0,0,0,0,53.15
84,141,1,155.257,38.59,51.4863,92.01,55.32
85,141,1,155.268,38.646,51.4745,93.49,55.52
86,141,1,155.278,38.6287,51.4571,91.84,56.21
87,141,1,155.22,38.6282,51.4927,90.96,55.02
88,141,1,155.245,38.6374,51.4523,90.38,55.56
89,141,1,155.361,38.6197,51.4394,90.74,56.49
90,141,1,155.207,38.64,51.4844,93.67,55.84
91,141,1,155.332,38.6191,51.4285,90.96,56.53
92,141,1,155.29,38.6409,51.4401,94.53,55.69
93,141,1,155.228,38.6235,51.4473,95.08,57.15
94,141,1,155.244,38.6351,51.4525,90.38,56.54
95,141,1,155.25,38.6009,51.4697,90.56,56.38
96,141,1,155.339,38.6186,51.4105,96.58,57.07
97,141,1,155.245,38.6452,51.4538,91.22,56.14
98,141,1,155.325,38.631,51.4386,91.91,57.36
99,141,1,155.33,38.6349,51.4336,92.77,57.22
100,141,1,155.14,38.6271,51.4788,90.47,54.18
101,141,1,45.7082,19.4444,11.4426,92.7,56.68
102,141,1,45.6326,19.4379,11.4044,94.32,57.27
103,141,1,45.5729,19.4732,11.4586,94.71,57.01
104,141,1,45.5434,19.4736,11.4878,94.88,57.57
105,141,1,45.709,19.4471,11.4246,94.09,57.81
106,141,1,45.5489,19.5023,11.4521,95.84,57.22
107,141,1,45.5984,19.4639,11.5391,94.61,57.58
108,141,1,45.5877,19.4655,11.4976,93.11,58.08
109,141,1,45.7071,19.4192,11.5296,94.3,57.9
110,141,1,45.5487,19.4692,11.5,92.07,57.55
111,141,1,45.5081,19.4515,11.6246,96.49,58.03
112,141,1,45.4847,19.4293,11.5241,88.63,58.43
113,141,1,45.5511,19.3913,11.6302,95.26,57.98
114,141,1,45.5254,19.4509,11.5373,93.83,57.68
115,141,1,45.3819,19.4412,11.6633,86.8,58.79
116,141,1,46.7612,19.0593,10.2782,72,58.09
117,141,1,45.5637,19.4444,11.4725,93.27,57.92
118,141,1,45.6092,19.391,11.5516,95.48,57.93
119,141,1,45.5099,19.3956,11.5655,87.12,57.87
120,141,1,45.5047,19.4603,11.5416,92.93,58.21
121,141,1,45.4696,19.4302,11.7215,94.73,57.67
122,141,1,45.4936,19.4102,11.6751,93.18,57.01
123,141,1,45.4221,19.4646,11.5319,93.31,57.08
124,141,1,45.5249,19.4236,11.6667,93.68,58.09
125,141,1,45.398,19.4128,11.6468,85.81,58.15
126,141,1,45.4156,19.4136,11.6299,87.25,58.59
127,141,1,45.4457,19.3881,11.7131,93.43,57.89
128,141,1,45.3351,19.4515,11.6695,86.97,58.12
129,141,1,45.5135,19.4315,11.526,93.26,56.99
130,141,1,45.4147,19.3815,11.6884,87.54,58.16
131,141,1,45.3497,19.3966,11.7329,86.95,58.12
132,141,1,45.3744,19.4151,11.8288,95.55,57.48
133,141,1,45.4159,19.3934,11.7247,94.11,58.52
134,141,1,45.4514,19.4308,11.7019,94.3,57.54
135,141,1,45.3442,19.4628,11.6688,94.28,57.72
136,141,1,45.4064,19.4486,11.7154,95.38,57.66
137,141,1,45.4753,19.3851,11.6092,86.8,58.28
138,141,1,45.4039,19.3742,11.6772,94.4,58.74
139,141,1,45.3629,19.4618,11.7776,94.16,57.67
140,141,1,45.3711,19.4471,11.6153,93.52,58.16
141,141,1,45.3309,19.4057,11.6892,88.33,58.47
142,141,1,45.4363,19.4164,11.7501,96.4,57.26
143,141,1,45.5513,19.4156,11.5408,94.1,58.32
144,141,1,45.4207,19.3951,11.6639,86.25,57.88
145,141,1,45.396,19.445,11.6575,89.91,58.04
146,141,1,45.3415,19.4441,11.6439,93.77,57.8
147,141,1,45.3108,19.4511,11.6803,92.55,57.36
148,141,1,45.4867,19.4004,11.5744,93.63,58.3
149,141,1,45.3933,19.427,11.6141,87.19,59.11
150,141,1,45.4144,19.4273,11.6453,97.29,57.99
151,141,1,45.3986,19.461,11.5637,95.56,58.62
152,141,1,45.4526,19.4179,11.6106,92.91,58.39
153,141,1,45.4423,19.4094,11.5729,93.65,57.69
154,141,1,45.4971,19.3944,11.636,94,58.21
155,141,1,45.3807,19.4312,11.6206,93.99,57.79
156,141,1,45.3187,19.4585,11.5618,87.31,58.37
157,141,1,45.4434,19.3682,11.7724,93.15,58.16
158,141,1,45.3717,19.3863,11.7327,95.66,57.39
159,141,1,45.3786,19.3854,11.612,93.77,58.04
160,141,1,45.5183,19.3765,11.5575,93.98,57.87
161,141,1,45.3367,19.415,11.5965,94.07,57.69
162,141,1,45.3568,19.3524,11.6651,88.45,58.9
163,141,1,45.3606,19.4085,11.6167,95.14,57.36
164,141,1,45.2147,19.3486,11.9353,92.89,55.71
165,141,1,155.395,38.5988,51.2596,90.1,55.05
166,141,1,155.54,38.5476,51.1782,91.91,55.84
167,141,1,155.353,38.5729,51.2616,92.45,55.65
168,141,1,155.438,38.5752,51.2125,90.99,56.83
169,141,1,155.378,38.5635,51.2488,89.54,57.32
170,141,1,155.389,38.5483,51.2545,92.77,56.81
171,141,1,155.39,38.5555,51.2381,92.36,57.36
172,141,1,155.499,38.5485,51.2002,91.89,56.33
173,141,1,155.415,38.5606,51.2181,89.38,55.52
174,141,1,155.366,38.5553,51.2358,91.54,56.11
175,141,1,155.501,38.5586,51.168,91.45,56.14
176,141,1,155.459,38.5387,51.2038,92.1,56.22
177,141,1,155.458,38.5546,51.1906,92.27,56.95
178,141,1,155.465,38.5295,51.1724,91.61,54.73
179,141,0,0,0,0,0,51.46
180,141,1,160.886,22.1758,56.9336,91.38,55.56
181,141,1,161.086,22.1634,56.8702,86.55,55.57
182,141,1,160.884,22.1882,56.9364,88.83,55.99
183,141,1,160.973,22.2025,56.8307,88.38,52.82
184,141,1,329.786,26.2719,32.3876,91.81,50.03
185,141,1,329.498,26.2662,32.7048,89.77,50.91
186,141,0,0,0,0,0,50.03
187,141,1,161.077,22.1919,56.8657,94.35,53.81
188,141,1,160.769,22.1688,57.0544,90.91,55.09
189,141,1,160.872,22.1616,56.9725,92.62,55.08
190,141,1,162.03,21.8502,55.4948,69.71,51.91
191,141,1,255.423,32.8601,23.4095,89.26,54.64
192,141,1,255.614,32.6968,23.2442,91,54.66
193,141,1,255.564,32.7265,23.2622,89.88,56.59
194,141,1,255.32,32.84,23.4493,93.83,56.08
195,141,1,255.511,32.7879,23.3627,94.17,56.3
196,141,1,255.742,32.8319,23.1064,91.06,56.08
197,141,1,255.523,32.7974,23.2757,88.62,56.15
198,141,1,255.384,32.8129,23.4081,91.36,56.79
199,141,1,255.302,32.8182,23.4367,88.82,56.12
200,141,1,255.745,32.7676,23.2658,89.02,56.85
201,141,1,255.632,32.8423,23.3062,91.81,56.21
202,141,1,255.726,32.8453,23.1157,90.79,57.39
203,141,1,255.586,32.6565,23.2045,90.06,56.89
204,141,1,255.376,32.8065,23.3971,92.74,56.91
205,141,1,255.674,32.6379,23.2397,89.87,56.82
206,141,1,255.533,32.8239,23.3436,94.76,55.83
207,141,1,255.381,32.8596,23.4352,92.68,55.52
208,141,1,255.754,32.6637,23.1534,91.85,56.47
209,141,1,255.43,32.8037,23.3552,92.31,56.92
210,141,1,255.815,32.7922,23.2333,90.1,57.54
211,141,1,255.662,32.6955,23.2124,91.7,57.41
212,141,1,255.461,32.8186,23.3572,91.44,56.08
213,141,1,255.595,32.6452,23.22,92.81,56.24
214,141,1,255.473,32.8317,23.3356,90.32,56.91
215,141,1,255.682,32.7335,23.1986,91.27,56.46
216,141,1,255.67,32.8295,23.282,94.86,56.79
217,141,1,255.693,32.8797,23.2567,93.32,56.15
218,141,1,255.628,32.8727,23.2712,94.36,56.74
219,141,1,255.482,32.8549,23.3281,90.87,55.86
220,141,1,255.627,32.6406,23.1136,88.08,56.93
221,141,1,255.62,32.6597,23.1622,90.07,56.86
222,141,1,255.382,32.817,23.3126,90.74,56.77
223,141,1,255.593,32.8711,23.3439,92.97,56.33
224,141,1,255.327,32.8,23.2935,91.31,56.04
225,141,1,255.493,32.8716,23.363,93.32,56.27
226,141,1,255.579,32.8996,23.2989,91.42,56.19
227,141,1,255.568,32.8526,23.2884,92,56.59
228,141,1,255.535,32.8661,23.3484,95.22,56.23
229,141,1,255.525,32.7069,23.2628,90.32,56.79
230,141,1,255.298,32.8354,23.385,91.21,55.75
231,141,1,255.428,32.8928,23.3855,89.78,56.61
232,141,1,255.702,32.6724,23.1472,89.15,57.37
233,141,1,255.819,32.9185,23.1688,93.94,57.23
234,141,1,255.397,32.8601,23.3828,92.01,55.81
235,141,1,255.62,32.9157,23.312,91.3,56.22
236,141,1,255.553,32.5872,23.2952,86.49,56.39
237,141,1,255.508,32.8304,23.2619,91.03,56.92
238,141,1,255.624,32.6683,23.1538,88.74,56.2
239,141,1,255.477,32.8824,23.378,93.83,57.18
240,141,1,255.392,32.8531,23.3529,93.19,57.25
241,141,1,255.504,32.8682,23.2208,88.38,57.19
242,141,1,255.734,32.7175,23.1396,91.38,56.37
243,141,1,255.436,32.8788,23.3237,89.55,55.44
244,141,1,255.562,32.8902,23.2571,90.01,56.59
245,141,1,255.574,32.7782,23.3155,89.62,56.81
246,141,1,255.572,32.9315,23.2949,90.03,55.78
247,141,1,255.707,32.7394,23.1842,91.09,52.75
248,141,1,255.834,32.9197,23.2028,82.5,52.69
249,141,0,0,0,0,0,51.61
250,141,0,0,0,0,0,51.52
251,141,0,0,0,0,0,50.36
252,141,1,66.4767,15.3776,70.2625,93.9,47.46
253,141,0,0,0,0,0,38.19
254,141,0,0,0,0,0,56.94
255,141,0,0,0,0,0,35
0,142,0,0,0,0,0,53.27
1,142,0,0,0,0,0,53
2,142,0,0,0,0,0,53.09
3,142,0,0,0,0,0,57.18
4,142,1,42.9508,39.5619,75.1673,85.12,50.88
5,142,1,42.8201,39.5116,75.1412,88.49,57.26
6,142,1,42.6424,39.4477,75.3348,89.15,57.8
7,142,1,42.8796,39.689,74.9475,95.06,57.6
8,142,1,42.9777,39.5481,74.9958,92.31,57.23
9,142,1,42.8127,39.5152,75.1891,92.74,56.95
10,142,1,42.9865,39.6971,75.0361,94.02,58.51
11,142,1,42.9775,39.5402,74.9326,92.9,57.62
12,142,1,42.8326,39.7414,75.1075,94.54,57.5
13,142,1,42.6536,39.4395,75.4363,84.76,56.97
14,142,1,42.7635,39.5148,75.2035,90.89,57.87
15,142,1,42.8293,39.712,75.1484,91.07,58.96
16,142,1,42.7789,39.7038,75.1581,95.54,58
17,142,1,42.976,39.4803,75.0767,91.6,57.83
18,142,1,42.7503,39.7534,75.2911,93.6,57.58
19,142,1,42.8906,39.5773,74.8662,89.63,57.71
20,142,1,42.8479,39.6915,75.1596,93.05,57.9
21,142,1,42.7792,39.4924,75.3038,91.18,58.2
22,142,1,42.767,39.4833,75.2574,89.17,58.71
23,142,1,42.8645,39.6895,75.1821,93.51,57.56
24,142,1,42.8286,39.718,75.1649,93.77,55.78
25,142,1,42.9758,39.6863,75.0452,87.06,54.82
26,142,1,271.044,11.7053,76.7781,84.64,52.68
27,142,1,270.971,11.7011,76.8814,93.23,54.5
28,142,1,270.866,11.668,76.9227,94.13,54.59
29,142,1,270.756,11.7384,77.085,86.92,55.04
30,142,1,270.986,11.6981,76.8491,94.7,54.25
31,142,1,271.142,11.7068,76.6729,92.85,53.86
32,142,1,271.002,11.7178,76.8734,92.33,54.59
33,142,1,270.995,11.7326,76.877,92.75,54.53
34,142,1,270.951,11.7473,76.9483,93.93,54.56
35,142,1,270.943,11.7324,76.9139,91.85,55.07
36,142,1,271.047,11.7198,76.8184,93.46,54.76
37,142,1,270.973,11.7062,76.8257,90.74,55.17
38,142,1,270.965,11.7406,76.8664,92.87,54.51
39,142,1,270.975,11.783,76.8408,90.54,54.44
40,142,1,270.866,11.7212,77.0338,94.1,54.5
41,142,1,270.984,11.7667,76.9562,93.53,54.97
42,142,1,271.12,11.7317,76.7008,95.87,55.01
43,142,1,270.89,11.7455,77.0128,91.97,51.56
44,142,1,270.559,11.7911,77.5629,80.04,51.01
45,142,1,290.403,12.4808,62.7082,89.64,50.4
46,142,1,290.389,12.5204,62.7286,92,51.6
47,142,1,290.261,12.4583,62.7252,92.69,52.73
48,142,1,290.39,12.4998,62.6743,92.51,52.62
49,142,1,290.386,12.5298,62.8381,91.69,52.45
50,142,1,290.429,12.5369,62.7193,92.51,52.78
51,142,1,290.357,12.5121,62.7833,90.98,52.61
52,142,1,290.396,12.5186,62.7571,93.93,53.34
53,142,1,290.378,12.5412,62.7723,92.32,52.92
54,142,1,290.426,12.5685,62.8224,92.14,51.98
55,142,1,290.294,12.5113,62.7309,90.77,52.5
56,142,1,290.356,12.5613,62.8821,94.13,53.62
57,142,1,290.259,12.5553,62.8542,94.11,53.78
58,142,1,290.419,12.5581,62.6414,88.62,52.83
59,142,1,290.338,12.5226,62.7251,91.38,53.59
60,142,1,290.296,12.5358,62.8186,88.42,53.09
61,142,1,290.41,12.5843,62.7271,93.73,52.91
62,142,1,290.265,12.5928,62.8953,93.7,53.35
63,142,1,290.271,12.5373,62.8071,93.34,52.73
64,142,1,290.379,12.5588,62.7745,89.89,53.11
65,142,1,290.266,12.5685,62.8015,91.98,53.6
66,142,1,290.272,12.5193,62.7627,92.41,52.64
67,142,1,290.399,12.5121,62.6284,94.37,53.36
68,142,1,290.369,12.5755,62.7487,91.34,53.36
69,142,1,290.274,12.566,62.796,92.14,54
70,142,1,290.307,12.5706,62.7927,91.8,53.5
71,142,1,290.131,12.5827,62.9974,93.33,53.49
72,142,1,290.155,12.549,62.9067,91.39,52.93
73,142,1,290.209,12.5926,62.9581,93.65,53.9
74,142,1,290.178,12.5673,62.9716,90.67,52.96
75,142,1,290.138,12.5662,62.9123,90.89,52.97
76,142,1,290.199,12.5796,62.9469,92.25,52.51
77,142,1,290.184,12.5672,62.9054,90.53,53.01
78,142,1,290.256,12.6022,62.8644,90.59,53.17
79,142,1,290.21,12.5745,62.8998,90.97,53.32
80,142,1,290.168,12.5972,62.9418,92.05,53.1
81,142,1,290.294,12.656,62.957,93.46,53.14
82,142,0,0,0,0,0,53.37
83,142,1,155.293,38.6054,51.4358,90.64,53.42
84,142,1,155.359,38.6413,51.4491,91.31,56.16
85,142,1,155.333,38.623,51.4889,93.61,57.02
86,142,1,155.245,38.6413,51.4839,89.21,55.94
87,142,1,155.38,38.6284,51.441,90.6,56.28
88,142,1,155.231,38.6324,51.4738,91.22,55.37
89,142,1,155.366,38.63,51.433,93.92,57.07
90,142,1,155.191,38.6665,51.4964,94.46,56.44
91,142,1,155.304,38.641,51.448,91.76,57.01
92,142,1,155.347,38.6355,51.4375,92.92,56.54
93,142,1,155.423,38.6253,51.4313,93.39,56.01
94,142,1,155.418,38.6394,51.4113,93.31,56.2
95,142,1,155.349,38.6465,51.4328,92.39,56.67
96,142,1,155.212,38.6406,51.4762,92.9,56.38
97,142,1,155.263,38.6348,51.4519,92.05,57.22
98,142,1,155.341,38.6228,51.4142,94.5,56.54
99,142,1,155.389,38.6231,51.3913,92.81,57.37
100,142,1,155.403,38.6235,51.3722,92,54.17
101,142,1,45.6904,19.4576,11.3895,92.99,56.55
102,142,1,45.5969,19.4923,11.4392,94.35,57.49
103,142,1,45.5867,19.4962,11.4502,94.33,56.28
104,142,1,45.5886,19.4476,11.6298,94.33,57
105,142,1,45.5589,19.4728,11.4908,95.64,57.53
106,142,1,45.6157,19.4698,11.4523,93.48,57.43
107,142,1,45.511,19.4513,11.6217,92.49,57.46
108,142,1,45.4824,19.4613,11.5856,88.84,58.55
109,142,1,45.5182,19.4874,11.4791,96.49,58.15
110,142,1,45.5438,19.4868,11.509,93.11,57.88
111,142,1,45.5588,19.4616,11.488,95.91,58.24
112,142,1,45.6087,19.4707,11.4594,95.02,57.71
113,142,1,45.4886,19.424,11.6673,84.86,58.03
114,142,1,45.546,19.4642,11.5016,92.01,58.21
115,142,1,45.5341,19.4444,11.6078,94.27,56.85
116,142,1,45.5835,19.4237,11.4738,95.84,57.18
117,142,1,45.5147,19.4046,11.5959,87.14,58.12
118,142,1,45.4378,19.4224,11.695,87.35,58.24
119,142,1,45.4782,19.4619,11.5312,94.42,57.98
120,142,1,45.6557,19.4474,11.4755,94.69,57.84
121,142,1,45.4857,19.4648,11.5614,94.82,57.81
122,142,1,45.4924,19.4287,11.6342,95.77,56.59
123,142,1,45.5225,19.4411,11.5934,92.84,57.25
124,142,1,45.5281,19.4211,11.5091,93.45,57.17
125,142,1,45.4724,19.4253,11.6594,94.73,57.98
126,142,1,45.568,19.4334,11.5026,94.77,58.39
127,142,1,45.4455,19.4578,11.6181,96.24,57.01
128,142,1,45.2761,19.3927,11.8519,85.26,58.33
129,142,1,45.4575,19.3854,11.6151,88.27,58.03
130,142,1,45.3933,19.4203,11.6316,87.12,58.32
131,142,1,45.508,19.4619,11.5572,95.16,58.13
132,142,1,45.5419,19.4297,11.5634,95.1,57.83
133,142,1,45.9169,19.1154,11.0676,81.21,58.3
134,142,1,45.4569,19.4326,11.6137,95.23,58.28
135,142,1,45.547,19.4162,11.5377,92.72,57.36
136,142,1,45.3899,19.3842,11.7341,86.17,58.42
137,142,1,45.4147,19.4373,11.6161,88.03,58.29
138,142,1,45.4846,19.4502,11.5512,94.52,57.23
139,142,1,45.4751,19.3961,11.6327,85.44,58.4
140,142,1,45.4873,19.4128,11.6309,95.02,57.61
141,142,1,45.2854,19.3895,11.8363,86.79,58.68
142,142,1,45.3736,19.4429,11.6303,95.27,57.56
143,142,1,45.3974,19.3991,11.7001,95.35,59.07
144,142,1,45.4869,19.3888,11.694,95.75,57.97
145,142,1,45.4138,19.4031,11.6817,94.49,57.48
146,142,1,45.4896,19.3937,11.6329,93.05,57.62
147,142,1,46.8764,19.1109,10.2138,82.52,58.34
148,142,1,45.4091,19.438,11.631,94.61,57.92
149,142,1,45.4982,19.4144,11.5742,97.25,58
150,142,1,45.4399,19.4256,11.6161,95.62,57.51
151,142,1,45.4921,19.4036,11.5231,93.61,57.64
152,142,1,45.4841,19.3926,11.6845,93.62,58.19
153,142,1,45.3649,19.3857,11.852,94.03,58
154,142,1,45.3745,19.4271,11.7783,94.97,57.38
155,142,1,45.3928,19.4174,11.6793,95.75,57.97
156,142,1,45.4371,19.3933,11.6572,94.89,58.62
157,142,1,45.2921,19.4303,11.7999,92.97,58
158,142,1,45.3036,19.4006,11.7742,95.66,58.2
159,142,1,45.2139,19.4302,11.8438,95.97,57.41
160,142,1,45.4807,19.3736,11.6468,94.65,57.68
161,142,1,45.4715,19.3745,11.5639,94.7,57.57
162,142,1,45.3227,19.4274,11.6216,94.19,57.36
163,142,1,45.3328,19.4126,11.6821,95.5,58.54
164,142,1,45.3052,19.3401,11.7904,93.77,54.91
165,142,1,155.351,38.5902,51.2728,90.86,55.13
166,142,1,155.377,38.5808,51.2537,89.94,56.17
167,142,1,155.437,38.5734,51.2137,91.09,56.63
168,142,1,155.418,38.5693,51.2298,91.47,56.5
169,142,1,155.359,38.5753,51.252,88.87,57.08
170,142,1,155.456,38.5508,51.2105,92.91,56.58
171,142,1,155.44,38.5822,51.2714,90.22,56.99
172,142,1,155.428,38.5508,51.2252,91.93,56.3
173,142,1,155.465,38.5515,51.1909,93.1,56.85
174,142,1,155.531,38.5503,51.1781,90.94,56.98
175,142,1,155.369,38.5363,51.2264,91.45,56.23
176,142,1,155.455,38.5635,51.182,90.24,55.14
177,142,1,155.447,38.5592,51.1946,92.24,56.45
178,142,1,155.388,38.5398,51.1979,92.94,56.64
179,142,0,0,0,0,0,52.62
180,142,1,161.007,22.1974,56.9132,92.53,53.55
181,142,1,160.916,22.1689,56.9421,91.7,54.95
182,142,1,160.998,22.1574,56.9311,89.56,55.89
183,142,0,0,0,0,0,50.96
184,142,1,329.725,26.2569,32.4101,89.3,50.14
185,142,1,329.653,26.2417,32.5428,89.87,50.88
186,142,0,0,0,0,0,50.87
187,142,1,160.822,22.1775,57.0137,89.67,55.03
188,142,1,160.782,22.1717,57.0161,91.34,55.78
189,142,1,161.041,22.1211,56.9255,90.29,55.26
190,142,1,161.137,22.0767,56.8997,91.49,53.32
191,142,1,255.593,32.6232,23.506,86.69,52.61
192,142,1,255.626,32.7891,23.3113,92.91,54.45
193,142,1,255.399,32.8259,23.4071,91.57,56.26
194,142,1,255.306,32.7749,23.3794,88.02,54.96
195,142,1,255.482,32.8086,23.3596,92.38,55.86
196,142,1,255.61,32.6952,23.2435,90.85,56.55
197,142,1,255.454,32.8273,23.3617,90.46,56.25
198,142,1,255.749,32.6914,23.2132,92.18,56.56
199,142,1,255.649,32.8215,23.3445,92.46,56.75
200,142,1,255.519,32.8078,23.344,92.9,55.68
201,142,1,255.71,32.6459,23.223,89.7,55.85
202,142,1,255.557,32.8185,23.3153,93.48,55.82
203,142,1,255.46,32.8167,23.4097,93.03,55.96
204,142,1,255.484,32.8334,23.3262,90.85,57.19
205,142,1,255.373,32.8042,23.3783,91.47,56.85
206,142,1,255.446,32.853,23.4307,90.33,57.26
207,142,1,255.337,32.8045,23.3744,91.88,56.98
208,142,1,255.789,32.7148,23.2125,92.41,56.72
209,142,1,255.409,32.8087,23.3071,89.09,56.18
210,142,1,255.72,32.7182,23.2429,89.02,55.84
211,142,1,255.634,32.8574,23.2931,93.55,57
212,142,1,255.621,32.8656,23.306,94,57.08
213,142,1,255.614,32.862,23.2927,92.9,56.74
214,142,1,255.601,32.9385,23.3662,92.37,57.11
215,142,1,255.534,32.8333,23.3547,93.87,56.77
216,142,1,255.383,32.8496,23.3907,90.61,56.39
217,142,1,255.396,32.9296,23.4541,89.07,56.98
218,142,1,255.428,32.8381,23.336,89.86,56.31
219,142,1,255.511,32.6339,23.2313,90.34,56.42
220,142,1,255.585,32.8294,23.303,93.04,56.92
221,142,1,255.737,32.9,23.241,95.46,56.58
222,142,1,255.652,32.8845,23.2352,94.46,56.28
223,142,1,255.643,32.7048,23.1879,92.51,57.09
224,142,1,255.664,32.8714,23.2178,93.2,56.58
225,142,1,255.677,32.7015,23.1549,91.59,56.56
226,142,1,255.562,32.6488,23.2004,83.61,57.05
227,142,1,255.826,32.7311,23.1621,93.29,57.09
228,142,1,255.426,32.8455,23.3392,91.99,56.09
229,142,1,255.434,32.8354,23.3429,92.22,56.62
230,142,1,255.629,32.8963,23.3125,92.84,55.91
231,142,1,255.393,32.8526,23.3911,92.59,56.38
232,142,1,255.405,32.8675,23.3787,92.64,56.54
233,142,1,255.359,32.8929,23.4236,92.2,55.67
234,142,1,255.506,32.882,23.2832,89.99,57.17
235,142,1,255.747,32.8916,23.1983,93.64,56.5
236,142,1,255.512,32.9049,23.3957,91.86,56.56
237,142,1,255.551,32.6801,23.2792,90.81,57.22
238,142,1,255.5,32.8596,23.3239,91.67,57.08
239,142,1,255.571,32.6692,23.2809,90.03,56.88
240,142,1,255.469,32.6871,23.2697,88.24,57.36
241,142,1,255.467,32.8854,23.3403,92.68,56.93
242,142,1,255.759,32.6866,23.1667,91.65,57.03
243,142,1,255.543,32.7244,23.292,86.89,56.36
244,142,1,255.453,32.9115,23.3447,92.97,55.94
245,142,1,255.721,32.726,23.2209,90.35,57.24
246,142,1,255.408,32.8702,23.3656,91.83,56.49
247,142,1,255.365,32.8899,23.3462,90.24,55.74
248,142,1,255.642,32.8203,23.1002,87.62,55.54
249,142,1,255.418,32.94,23.3273,90.74,55.41
250,142,1,255.833,32.9424,23.2475,93.13,52.81
251,142,1,255.826,32.8975,23.1264,86.06,51.58
252,142,1,254.368,33.3021,24.5734,59.49,50.41
253,142,0,0,0,0,0,44.34
254,142,1,255.7,32.9666,23.2133,71,37.43
255,142,0,0,0,0,0,35.13
0,143,0,0,0,0,0,54.56
1,143,0,0,0,0,0,55.28
2,143,0,0,0,0,0,55.51
3,143,0,0,0,0,0,58.83
4,143,1,43.0603,39.5986,74.841,88.89,52.62
5,143,1,42.6202,39.4861,75.3066,90.17,58.08
6,143,1,42.894,39.6434,75.1117,92.35,57.79
7,143,1,42.8981,39.4802,75.2043,89.92,57.88
8,143,1,43.0237,39.5235,75.0008,92.97,57.91
9,143,1,42.8859,39.7261,75.1111,94.2,57.38
10,143,1,42.8572,39.7128,75.1212,92.94,57.72
11,143,1,42.6353,39.5334,75.3541,86.8,58.12
12,143,1,42.8714,39.7087,75.1566,94.23,57.42
13,143,1,42.6753,39.4893,75.2681,91.31,57.98
14,143,1,42.9372,39.5526,75.041,91.17,57.41
15,143,1,42.7254,39.5474,75.3325,89.51,57.4
16,143,1,42.8252,39.724,75.1554,93.47,57.58
17,143,1,42.7587,39.512,75.2084,90.88,57.81
18,143,1,42.9431,39.6942,75.1614,92.03,58.17
19,143,1,42.805,39.7076,75.1706,93.35,58.03
20,143,1,42.904,39.7167,75.0498,97.12,58.53
21,143,1,42.797,39.5174,75.2703,89.33,58.26
22,143,1,42.6271,39.4717,75.3505,86.5,57.45
23,143,1,42.8027,39.6845,75.2321,95.06,57.76
24,143,1,42.6542,39.5091,75.3649,90.08,57.47
25,143,1,42.8232,39.7255,75.1513,93.31,57.51
26,143,0,0,0,0,0,52.61
27,143,1,271.012,11.7067,76.8475,93.31,54.03
28,143,1,271.171,11.7544,76.6996,90.26,54.14
29,143,1,271.05,11.7483,76.857,93.84,53.96
30,143,1,270.945,11.6956,76.8445,91.69,53.92
31,143,1,270.83,11.7536,77.0283,84.59,55.1
32,143,1,270.762,11.7841,77.109,86.4,54.52
33,143,1,271.027,11.7238,76.8665,94.24,54.36
34,143,1,271.036,11.7191,76.7801,92.2,54.14
35,143,1,271.109,11.7312,76.8081,92.16,54.58
36,143,1,270.913,11.7095,76.8609,90.39,55.36
37,143,1,271.2,11.731,76.626,93.21,54.98
38,143,1,270.948,11.7181,76.9186,91.89,54.6
39,143,1,270.938,11.7721,76.9929,92.7,54.87
40,143,1,270.845,11.7788,76.9575,95.37,55.25
41,143,1,270.903,11.7056,76.9308,90.04,53.04
42,143,1,270.768,11.7148,77.0888,89.62,50.7
43,143,0,0,0,0,0,48.95
44,143,1,290.34,12.494,62.8104,90.68,50.31
45,143,1,290.361,12.4954,62.6824,90.8,52.41
46,143,1,290.347,12.509,62.6733,90.8,52.55
47,143,1,290.404,12.5474,62.7866,93.53,52.3
48,143,1,290.305,12.5133,62.8589,91.4,52.82
49,143,1,290.211,12.4931,62.8041,89.12,52.71
50,143,1,290.222,12.4305,62.9919,90.52,54.13
51,143,1,290.299,12.5457,62.7755,91.45,53.26
52,143,1,290.308,12.5169,62.7386,91.75,52.96
53,143,1,290.314,12.5649,62.87,94.24,54.44
54,143,1,290.343,12.5477,62.7453,92.49,52.43
55,143,1,290.455,12.536,62.6655,91.36,52.74
56,143,1,290.372,12.5025,62.665,94.45,52.68
57,143,1,290.278,12.5584,62.8169,90.59,53.48
58,143,1,290.261,12.5274,62.8429,93.24,53.18
59,143,1,290.146,12.5304,62.9775,94.82,53.62
60,143,1,290.308,12.4956,62.7428,92.11,52.71
61,143,1,290.304,12.5539,62.8058,92.29,52.6
62,143,1,290.212,12.5305,62.7873,91.72,51.89
63,143,1,290.19,12.518,62.8376,90.81,52.11
64,143,1,290.2,12.5435,62.9073,91.44,53.4
65,143,1,290.266,12.5436,62.791,91.43,52.82
66,143,1,290.281,12.5726,62.8652,96.27,53.55
67,143,1,290.291,12.6104,62.8821,92.29,53.52
68,143,1,290.207,12.5192,62.8021,93.12,52.29
69,143,1,290.023,12.5685,63.008,91.72,53.54
70,143,1,290.176,12.5639,62.8929,89.47,52.57
71,143,1,290.26,12.5815,62.8846,93.25,53.63
72,143,1,290.434,12.6044,62.7863,94.58,53.43
73,143,1,290.219,12.5798,62.904,92.66,53.23
74,143,1,290.119,12.5901,63.0822,93.02,53.3
75,143,1,290.122,12.5584,62.9573,94.99,53.69
76,143,1,290.354,12.5672,62.7963,91.95,53.09
77,143,1,290.016,12.5777,63.0594,92.58,53.47
78,143,1,290.209,12.5925,62.9249,93.15,54.16
79,143,1,290.2,12.6084,62.8995,91.88,52.96
80,143,1,290.172,12.6004,62.9181,90.66,52.37
81,143,0,0,0,0,0,53.2
82,143,1,155.237,38.6078,51.4883,85.81,54.13
83,143,1,155.186,38.6327,51.5048,92.02,56.44
84,143,1,155.257,38.6392,51.4935,91.84,55.89
85,143,1,155.287,38.6445,51.4752,91.53,56.28
86,143,1,155.344,38.6464,51.4428,91.87,56.81
87,143,1,155.267,38.6388,51.4752,91.54,56.54
88,143,1,155.303,38.6054,51.4765,93.5,57.08
89,143,1,155.319,38.6498,51.4531,92.51,56.59
90,143,1,155.378,38.6398,51.4478,94.38,56.19
91,143,1,155.358,38.6234,51.4478,91.67,56.61
92,143,1,155.392,38.6378,51.4248,92.36,57.71
93,143,1,155.343,38.6465,51.4446,91.63,56.07
94,143,1,155.272,38.628,51.4671,92.44,56.11
95,143,1,155.302,38.6376,51.4499,90.83,56.86
96,143,1,155.312,38.6411,51.4641,90.48,57.62
97,143,1,155.332,38.6513,51.4333,90.9,56.45
98,143,1,155.366,38.6352,51.435,93.04,57.02
99,143,1,155.209,38.6005,51.4514,92.03,56.63
100,143,1,155.389,38.6061,51.3618,89.51,53.42
101,143,1,45.59,19.506,11.5047,93.85,56.47
102,143,1,45.4769,19.4219,11.6146,87.56,57.38
103,143,1,45.6406,19.4597,11.4623,94.39,57.37
104,143,1,45.6414,19.4694,11.4822,94.56,57.63
105,143,1,45.4474,19.4827,11.5543,93.83,56.99
106,143,1,45.6014,19.475,11.4492,95.81,57.42
107,143,1,45.5784,19.4739,11.4533,94.17,57.99
108,143,1,45.6454,19.4743,11.4167,94.76,58.03
109,143,1,45.5364,19.4614,11.665,93.24,57.35
110,143,1,45.6032,19.4711,11.4465,94.89,57.45
111,143,1,45.6123,19.4382,11.4791,93.78,58.14
112,143,1,45.5375,19.4611,11.5277,92.39,57
113,143,1,45.6686,19.4266,11.4772,94.4,57.77
114,143,1,45.5197,19.4592,11.559,87.25,58.58
115,143,1,45.4696,19.4266,11.6786,87.63,58.3
116,143,1,45.4236,19.4518,11.7455,94.41,57.45
117,143,1,45.6255,19.4089,11.4844,93.25,57.81
118,143,1,45.591,19.375,11.5241,88.41,58.23
119,143,1,45.4878,19.4654,11.5659,94.58,57.32
120,143,1,45.408,19.4229,11.6771,85.92,58.36
121,143,1,45.5893,19.4207,11.4978,92.78,58.2
122,143,1,45.4889,19.4289,11.6658,91.9,57.47
123,143,1,45.5257,19.4496,11.5183,92.54,56.27
124,143,1,45.4451,19.4782,11.5493,91.99,57.42
125,143,1,45.4711,19.4543,11.5919,92.84,58.44
126,143,1,45.4159,19.4378,11.6498,88.2,57.97
127,143,1,45.5926,19.3958,11.5436,93.78,58.41
128,143,1,45.612,19.4257,11.5566,95.03,58.2
129,143,1,45.5129,19.4216,11.516,87.09,58.12
130,143,1,45.3682,19.4338,11.7393,89.23,58.81
131,143,1,45.4843,19.4027,11.5921,87.8,58.19
132,143,1,45.544,19.424,11.5679,94.9,57.67
133,143,1,45.5663,19.4397,11.5054,92.69,58.04
134,143,1,45.5072,19.4191,11.5479,95.08,58.04
135,143,1,45.4965,19.4526,11.5848,94.67,58.4
136,143,1,45.4341,19.4293,11.6574,85.27,58.95
137,143,1,45.4119,19.4499,11.6505,95.48,58.46
138,143,1,45.3692,19.406,11.6946,86.49,59.06
139,143,1,45.4683,19.4242,11.615,94.03,58.43
140,143,1,45.2899,19.3726,11.85,84.71,58.26
141,143,1,45.472,19.4116,11.5991,94.62,57.44
142,143,1,45.3942,19.4437,11.6656,95.64,57.4
143,143,1,45.4562,19.3774,11.6148,87.61,58.67
144,143,1,45.5264,19.4055,11.5996,95.49,57.86
145,143,1,45.3934,19.417,11.7403,92.24,58.08
146,143,1,45.3615,19.4382,11.7904,93.59,57.42
147,143,1,45.4652,19.4117,11.683,93.46,58.25
148,143,1,45.5241,19.3547,11.7834,87.97,58.66
149,143,1,45.3978,19.4234,11.6388,94.4,57.12
150,143,1,45.3902,19.4546,11.5707,95.65,58.12
151,143,1,45.4687,19.3905,11.6526,94.87,57.76
152,143,1,45.4421,19.3674,11.6781,92.31,57.7
153,143,1,45.3697,19.4117,11.7058,94.77,58.36
154,143,1,45.2504,19.4398,11.8104,93.78,58.21
155,143,1,45.6035,19.4047,11.481,92.89,58.1
156,143,1,45.4045,19.3869,11.8139,94.87,57.95
157,143,1,45.3952,19.3641,11.7284,88.97,58.28
158,143,1,45.3582,19.3801,11.6478,88.04,58.38
159,143,1,45.3645,19.3496,11.6996,88.76,58.19
160,143,1,45.3881,19.3839,11.7562,94.39,58.21
161,143,1,45.4295,19.3883,11.6271,95.47,58.44
162,143,1,45.3375,19.4059,11.7314,93.86,58.14
163,143,1,45.2967,19.3628,11.7276,95.28,58.91
164,143,1,45.2546,19.3722,11.7722,95.72,55.26
165,143,1,155.394,38.5969,51.2559,90.98,54.92
166,143,1,155.679,38.5236,51.1707,91.81,55.78
167,143,1,155.439,38.5628,51.2095,91.26,56.58
168,143,1,155.338,38.5727,51.2546,91.34,56.59
169,143,1,155.411,38.5638,51.2558,93.31,56.43
170,143,1,155.459,38.5562,51.2057,91.96,56
171,143,1,155.332,38.5737,51.2657,91.16,57.17
172,143,1,155.503,38.5432,51.1934,91.68,57.3
173,143,1,155.588,38.5336,51.1714,89.71,56.91
174,143,1,155.538,38.5778,51.1738,90.47,57.34
175,143,1,155.513,38.5754,51.1808,92.39,56.92
176,143,1,155.466,38.5641,51.1949,94.26,55.79
177,143,1,155.38,38.5927,51.221,90.85,57.93
178,143,1,155.463,38.573,51.1708,89.96,57.15
179,143,1,155.616,38.5291,51.1073,89.66,54.33
180,143,1,161.218,22.1959,56.8361,87.39,52.72
181,143,1,160.925,22.1588,56.9532,92.08,54.24
182,143,1,161.016,22.1739,56.8646,89.41,54.8
183,143,1,329.468,26.3015,32.7815,77.52,50.35
184,143,1,329.542,26.3766,32.6727,89.61,51.12
185,143,1,329.458,26.2752,32.7304,86.55,50.41
186,143,1,160.956,22.1995,56.8802,91.85,52.11
187,143,1,161.071,22.1679,56.8892,90.21,55.4
188,143,1,160.948,22.1761,56.903,88.7,54.9
189,143,1,160.842,22.1852,56.9662,90.43,55.41
190,143,1,160.923,22.1665,56.9338,91.7,55.01
191,143,0,0,0,0,0,50.46
192,143,1,255.745,32.8826,23.1682,79.28,49.71
193,143,1,255.498,32.8113,23.4094,84.82,52.19
194,143,1,255.474,32.8087,23.4351,92.21,53.08
195,143,1,255.62,32.8549,23.3594,92.27,53.75
196,143,1,255.649,32.7417,23.2796,88.91,54.52
197,143,1,255.59,32.742,23.3077,91.38,54.64
198,143,1,255.522,32.6688,23.3429,88.85,55.57
199,143,1,255.591,32.8476,23.3521,92.75,55.68
200,143,1,255.581,32.7244,23.2429,90.98,56.37
201,143,1,255.369,32.7718,23.301,87.76,55.82
202,143,1,255.755,32.6169,23.1898,90.28,56.31
203,143,1,255.651,32.8539,23.3247,90.6,55.93
204,143,1,255.257,32.8579,23.4452,88.93,56.51
205,143,1,255.62,32.5974,23.2273,88.5,57.36
206,143,1,255.463,32.715,23.3646,91.9,56.92
207,143,1,255.313,32.8224,23.4436,92.06,56.64
208,143,1,255.736,32.8659,23.2834,93.2,56.65
209,143,1,255.42,32.6812,23.3398,91.25,56.97
210,143,1,255.405,32.8254,23.375,92.73,56.68
211,143,1,255.494,32.5759,23.3034,85.71,56.18
212,143,1,255.411,32.8342,23.3876,92.85,56.07
213,143,1,255.356,32.7766,23.3652,91.08,56.96
214,143,1,255.562,32.832,23.2996,93.02,56.11
215,143,1,255.561,32.8654,23.2872,90.5,57.53
216,143,1,255.739,32.8422,23.242,90.69,57
217,143,1,255.392,32.6633,23.3513,89.31,57.22
218,143,1,255.56,32.8588,23.267,92.99,55.92
219,143,1,255.66,32.7112,23.21,89.81,56.73
220,143,1,255.743,32.8753,23.2222,91.68,57.09
221,143,1,255.498,32.8502,23.3305,92.37,56.99
222,143,1,255.768,32.7354,23.1768,88.47,56.16
223,143,1,255.539,32.8318,23.2946,91.22,57.12
224,143,1,255.679,32.7068,23.1934,91.69,56.57
225,143,1,255.604,32.9085,23.2637,92.79,55.97
226,143,1,255.442,32.8671,23.3575,90.09,56.74
227,143,1,255.601,32.8946,23.3207,93.35,56.17
228,143,1,255.407,32.9001,23.3825,91.04,56.67
229,143,1,255.556,32.8703,23.2498,90.1,57.32
230,143,1,255.685,32.7571,23.2467,92.28,56.3
231,143,1,255.557,32.8459,23.2829,89.87,56.65
232,143,1,255.568,32.9101,23.3327,92.26,56.17
233,143,1,255.421,32.6797,23.2286,88.04,57.07
234,143,1,255.552,32.8711,23.3251,92.69,56.3
235,143,1,255.564,32.7299,23.3352,89.1,56.58
236,143,1,255.504,32.7752,23.3103,88.86,56.13
237,143,1,255.724,32.6822,23.1894,90.09,56.94
238,143,1,255.602,32.6005,23.2259,87.26,57.03
239,143,1,255.328,32.8817,23.3713,89.63,57.01
240,143,1,255.519,32.8881,23.3118,92.47,56.29
241,143,1,255.454,32.869,23.3891,91.81,56.22
242,143,1,255.583,32.8691,23.2866,91.05,56.25
243,143,1,255.422,32.883,23.3736,91.64,57.33
244,143,1,255.408,32.89,23.3893,92.21,56.27
245,143,1,255.502,32.9228,23.3755,91.95,57.23
246,143,1,255.472,32.8672,23.3539,95.37,56.59
247,143,1,255.786,32.658,23.1627,87.59,57.19
248,143,1,255.675,32.743,23.1597,89.31,56.52
249,143,1,255.604,32.9172,23.2596,93.84,56.46
250,143,1,255.423,32.908,23.3613,91.76,55.51
251,143,1,255.573,32.9302,23.3025,88.09,56.75
252,143,1,255.567,32.9041,23.1967,87.79,56.24
253,143,1,255.829,32.822,23.1449,92.62,52.58
254,143,1,255.891,32.8815,23.188,90.76,46.31
255,143,0,0,0,0,0,36.54
0,144,0,0,0,0,0,52.54
1,144,0,0,0,0,0,58.68
2,144,0,0,0,0,0,54.41
3,144,0,0,0,0,0,57.94
4,144,1,43.0177,39.5334,74.8668,89.77,51.61
5,144,1,43.0462,39.5234,74.8274,89.46,57.32
6,144,1,42.5911,39.4884,75.4354,89.03,57.91
7,144,1,43.0131,39.5083,74.9431,91.31,57.24
8,144,1,42.9481,39.5735,74.9257,93.46,57.8
9,144,1,42.7564,39.7537,75.2599,92.98,57.31
10,144,1,43.0598,39.5716,74.866,93.77,58.5
11,144,1,42.8676,39.7486,75.1028,90.66,57.13
12,144,1,43.0359,39.5579,74.9084,93.37,57.41
13,144,1,42.7235,39.5179,75.229,89.24,57.79
14,144,1,42.7699,39.5701,75.2988,88.18,58.88
15,144,1,42.9034,39.712,75.1683,94.44,58.34
16,144,1,42.6609,39.7635,75.2656,93.35,58.28
17,144,1,42.8038,39.7175,75.174,95.22,57.81
18,144,1,42.679,39.5437,75.1808,88.32,58.43
19,144,1,42.6724,39.7457,75.3121,93.36,58.22
20,144,1,42.827,39.6884,75.1622,93.92,57.83
21,144,1,42.8384,39.6917,75.1551,93.19,58.42
22,144,1,42.7732,39.5213,75.2356,90.09,58.15
23,144,1,42.5965,39.5292,75.3976,85.73,58.74
24,144,1,42.8509,39.7132,75.1867,93.87,58.74
25,144,1,42.9582,39.5468,74.9737,91.35,57.38
26,144,1,42.7751,39.8013,75.174,94.87,55.15
27,144,1,271.034,11.7004,76.8254,82.01,53.13
28,144,1,270.854,11.6689,76.8388,92.59,54.83
29,144,1,270.921,11.7128,76.8999,91.55,55.34
30,144,1,270.954,11.6638,76.9518,92.46,54.03
31,144,1,270.931,11.6894,76.9439,90.5,53.83
32,144,1,270.944,11.7289,76.9004,92.47,55.16
33,144,1,271.109,11.7928,76.843,89.31,54.88
34,144,1,271.132,11.7945,76.8629,91.88,54.43
35,144,1,271.07,11.7381,76.8365,93.44,54.57
36,144,1,270.847,11.7101,76.9453,96.19,55.01
37,144,1,271.258,11.777,76.6117,92.14,54.09
38,144,1,270.965,11.7503,76.816,93.27,54.36
39,144,1,270.982,11.7372,76.8886,93.03,53.92
40,144,1,270.815,11.7288,77.0178,88.03,52.24
41,144,1,270.603,11.723,77.2907,86,52.2
42,144,0,0,0,0,0,49
43,144,1,290.428,12.499,62.5747,84.96,49.87
44,144,1,290.445,12.4743,62.6285,94.24,50.61
45,144,1,290.391,12.5344,62.7007,89.56,52.52
46,144,1,290.281,12.4635,62.8142,91.04,51.89
47,144,1,290.314,12.537,62.8027,94.14,53.08
48,144,1,290.284,12.5065,62.8005,90.97,53.06
49,144,1,290.285,12.486,62.7496,90.79,52.59
50,144,1,290.335,12.4977,62.7167,91.9,53.25
51,144,1,290.284,12.5354,62.8312,90.79,52.93
52,144,1,290.352,12.4991,62.7511,91.4,52.89
53,144,1,290.297,12.553,62.8342,94.2,53.32
54,144,1,290.224,12.5526,62.8884,94.23,53.56
55,144,1,290.298,12.5291,62.8103,94.18,53.38
56,144,1,290.201,12.5079,62.7918,91.85,52.88
57,144,1,290.256,12.5312,62.8228,94.26,52.54
58,144,1,290.381,12.5271,62.7254,93.21,53.43
59,144,1,290.264,12.5349,62.8876,89.46,52.27
60,144,1,290.358,12.5461,62.7719,91.47,52.45
61,144,1,290.423,12.5407,62.6443,93.5,53.34
62,144,1,290.315,12.5318,62.7035,92.28,53.14
63,144,1,290.34,12.5455,62.7886,91.47,52.45
64,144,1,290.285,12.5061,62.7815,92.84,52.72
65,144,1,290.263,12.5545,62.8656,90.77,52.66
66,144,1,290.292,12.5473,62.7642,93.27,53.77
67,144,1,290.259,12.5752,62.9069,91.7,53.43
68,144,1,290.214,12.5491,62.8228,92.04,52.36
69,144,1,290.18,12.5735,62.8556,92.46,53.59
70,144,1,290.157,12.5443,62.8987,89.95,53.11
71,144,1,290.23,12.5701,62.8934,89.8,53.1
72,144,1,290.257,12.5587,62.8274,94.07,52.98
73,144,1,290.228,12.561,62.8201,90.1,52.52
74,144,1,290.111,12.5592,62.9503,94.58,53.55
75,144,1,290.128,12.5687,62.9086,96.79,53.53
76,144,1,290.227,12.5813,62.9308,90.52,52.54
77,144,1,290.07,12.5499,62.9766,90.75,53.78
78,144,1,290.19,12.5906,62.9087,92.88,53.75
79,144,1,290.156,12.6048,62.979,94.75,53.45
80,144,1,290.235,12.5188,62.9472,89.42,53.03
81,144,0,0,0,0,0,52.95
82,144,1,155.242,38.6108,51.4975,94.11,55.19
83,144,1,155.35,38.6452,51.434,92.46,56.54
84,144,1,155.155,38.6463,51.5063,93.78,56.5
85,144,1,155.206,38.6659,51.502,93.42,56.29
86,144,1,155.287,38.6387,51.4437,92.6,56.2
87,144,1,155.303,38.6461,51.4503,91.47,56.44
88,144,1,155.31,38.6337,51.4984,93.52,56.31
89,144,1,155.273,38.6445,51.4692,90.72,56.55
90,144,1,155.279,38.6396,51.4888,91.65,55.74
91,144,1,155.305,38.6419,51.4461,93.81,56.4
92,144,1,155.399,38.6243,51.4148,92.36,56.03
93,144,1,155.323,38.6368,51.4156,90.84,57.55
94,144,1,155.283,38.6423,51.451,90.78,56.42
95,144,1,155.224,38.6458,51.4572,91.14,55.97
96,144,1,155.356,38.634,51.4217,92.69,56.1
97,144,1,155.281,38.6553,51.4547,92.61,57.01
98,144,1,155.296,38.6405,51.4293,90.03,56.32
99,144,1,155.361,38.635,51.4091,93.2,56.18
100,144,1,155.416,38.6068,51.3799,90.82,54.67
101,144,1,45.789,19.4648,11.2959,92.9,56.39
102,144,1,45.6652,19.4913,11.4083,95.04,57.42
103,144,1,45.7342,19.4531,11.3101,92.79,58.2
104,144,1,45.5148,19.4822,11.4812,95.56,57.45
105,144,1,45.6112,19.4201,11.4417,88.28,57.9
106,144,1,45.6129,19.461,11.5085,94.05,57.45
107,144,1,45.5929,19.4384,11.5941,95.15,57.73
108,144,1,45.5177,19.4506,11.505,88.33,57.89
109,144,1,45.5512,19.4839,11.6376,97.01,57.74
110,144,1,45.4449,19.4175,11.6448,86.81,58.1
111,144,1,45.4051,19.4167,11.6831,86.23,58.06
112,144,1,45.614,19.4419,11.46,94.62,58.18
113,144,1,45.4946,19.4777,11.5186,93.23,57.9
114,144,1,45.5159,19.4604,11.5489,94.35,57.6
115,144,1,45.4856,19.4505,11.5272,88.35,58.27
116,144,1,45.5476,19.4628,11.4627,92.74,57.67
117,144,1,45.4858,19.4389,11.6432,94.69,57.42
118,144,1,45.5004,19.3952,11.608,86.51,58.54
119,144,1,45.4412,19.3928,11.6648,86.25,58.78
120,144,1,45.3854,19.4181,11.6922,94.87,58.5
121,144,1,45.4703,19.4329,11.5391,87.91,58.45
122,144,1,45.4949,19.3826,11.6108,87.41,58.19
123,144,1,45.5275,19.4068,11.6276,93.23,56.9
124,144,1,45.3847,19.4861,11.5919,94.25,58.01
125,144,1,45.4937,19.4226,11.6499,94.68,57.12
126,144,1,45.5669,19.4204,11.5557,95.8,58.28
127,144,1,45.5425,19.4154,11.5964,93.46,57.95
128,144,1,45.4429,19.4521,11.5638,92.21,57.76
129,144,1,45.4238,19.4126,11.584,95.58,58.46
130,144,1,45.5055,19.4063,11.6484,94.77,57.91
131,144,1,45.5325,19.4177,11.5883,92.34,58.7
132,144,1,45.5004,19.4191,11.5285,94.17,58.05
133,144,1,45.3793,19.468,11.7096,94.54,57.72
134,144,1,45.432,19.434,11.6574,94.68,58
135,144,1,45.4348,19.3876,11.6592,88.04,57.78
136,144,1,45.5656,19.4109,11.5915,94.01,57.91
137,144,1,45.4527,19.3998,11.6338,87.95,58.42
138,144,1,45.4564,19.3892,11.6069,86.92,58.38
139,144,1,45.4136,19.4191,11.6565,88.37,58.78
140,144,1,45.4863,19.3674,11.6472,89.24,58.51
141,144,1,45.5746,19.3954,11.598,93.99,58.16
142,144,1,45.5149,19.3992,11.5724,95.44,58.02
143,144,1,45.4264,19.4229,11.5838,95.19,57.37
144,144,1,45.437,19.3937,11.6155,88.23,58.53
145,144,1,45.4913,19.4078,11.5795,94.35,58.21
146,144,1,45.4845,19.4118,11.5787,94,58.23
147,144,1,45.3925,19.4169,11.7102,95.23,57.79
148,144,1,45.4327,19.4132,11.6013,93.15,58.01
149,144,1,45.444,19.4275,11.594,94.44,57.36
150,144,1,45.3369,19.4352,11.6649,92.88,58.14
151,144,1,45.4017,19.471,11.5481,89.48,57.72
152,144,1,45.3002,19.4089,11.7629,89.12,58.38
153,144,1,45.5221,19.3775,11.5784,92.39,57.29
154,144,1,45.3679,19.3905,11.7599,94.05,57.33
155,144,1,45.2799,19.4154,11.7455,96.47,58.07
156,144,1,45.437,19.3561,11.6984,94.6,58.16
157,144,1,45.396,19.4111,11.6747,94.44,57.49
158,144,1,45.3831,19.3807,11.7756,95.76,57.74
159,144,1,45.2801,19.3625,11.8151,88.11,78.75
160,144,1,45.3867,19.4173,11.6114,91.53,57.09
161,144,1,45.3682,19.4394,11.5528,94.01,57.89
162,144,1,45.36,19.4036,11.6901,96.36,58.19
163,144,1,45.3018,19.4021,11.7104,93.85,57.32
164,144,1,45.3719,19.3449,11.7965,94.49,55.29
165,144,1,155.491,38.5702,51.231,89.64,55.03
166,144,1,155.481,38.5467,51.2259,90.08,55.5
167,144,1,155.405,38.5669,51.2637,93.87,56.96
168,144,1,155.43,38.567,51.2255,91.38,56.6
169,144,1,155.481,38.5624,51.2015,90.12,57.06
170,144,1,155.488,38.572,51.208,91.99,56.23
171,144,1,155.501,38.5683,51.1845,89.65,56.67
172,144,1,155.585,38.5469,51.1659,87.91,57.37
173,144,1,155.397,38.5557,51.2165,90.03,55.5
174,144,1,155.565,38.5305,51.1761,91.93,56.38
175,144,1,155.579,38.5619,51.1623,93.21,56.64
176,144,1,155.519,38.5881,51.1574,91.97,56.85
177,144,1,155.47,38.584,51.1754,90.64,56.82
178,144,1,155.537,38.5591,51.1847,94.02,56.42
179,144,1,155.442,38.5635,51.1422,90.65,56.22
180,144,0,0,0,0,0,51.07
181,144,1,160.877,22.2177,56.9714,89.53,54.55
182,144,1,160.858,22.2119,56.9295,89.8,51.39
183,144,1,329.545,26.3886,32.6008,85.62,50.74
184,144,1,329.695,26.238,32.4239,92.61,50.19
185,144,1,329.703,26.2805,32.4348,81.72,49.91
186,144,1,160.743,22.2265,57.016,90.95,53.85
187,144,1,160.991,22.1727,56.9129,90.96,55.7
188,144,1,160.794,22.1781,57.0009,93.69,53.9
189,144,1,160.89,22.1937,56.943,92.61,54.89
190,144,1,160.816,22.1675,56.9968,89.57,55.42
191,144,1,161.128,22.1308,56.8056,88.76,50.31
192,144,0,0,0,0,0,48.3
193,144,1,66.6139,15.4728,70.116,83.16,49.34
194,144,0,0,0,0,0,50.27
195,144,0,0,0,0,0,50.01
196,144,0,0,0,0,0,51.41
197,144,1,254.342,33.0015,24.5453,65.7,50.97
198,144,1,255.633,32.8345,23.3303,88.16,52.29
199,144,1,255.594,32.8761,23.3857,93.71,53.35
200,144,1,255.568,32.8767,23.3704,93.37,54.34
201,144,1,255.654,32.8865,23.3275,93.21,54.94
202,144,1,255.595,32.8312,23.3576,93.79,55.36
203,144,1,255.518,32.8188,23.3169,92.37,55.74
204,144,1,255.579,32.8787,23.3075,90.71,56.19
205,144,1,255.397,32.8194,23.3848,90.52,56.49
206,144,1,255.382,32.7993,23.402,89.05,56.72
207,144,1,255.293,32.7912,23.3879,89.74,56.83
208,144,1,255.395,32.8364,23.4076,88.39,56.57
209,144,1,255.518,32.8238,23.363,94.43,55.09
210,144,1,255.418,32.6536,23.4014,88.44,55.41
211,144,1,255.574,32.855,23.2993,93.47,56.27
212,144,1,255.544,32.8405,23.295,91.64,55.79
213,144,1,255.721,32.6595,23.1726,89.31,56.52
214,144,1,255.232,32.816,23.4782,92.69,56.25
215,144,1,255.389,32.7856,23.3666,92.36,56.8
216,144,1,255.439,32.8479,23.3936,89.8,56.95
217,144,1,255.636,32.5986,23.2067,88.17,56.87
218,144,1,255.378,32.7882,23.355,91.89,56.85
219,144,1,255.582,32.8723,23.3548,88.58,55.43
220,144,1,255.569,32.6451,23.2693,91.67,56.56
221,144,1,255.71,32.7089,23.2618,91.2,55.86
222,144,1,255.63,32.5684,23.1644,80.6,56.25
223,144,1,255.546,32.8669,23.3179,91.45,56.97
224,144,1,255.576,32.5897,23.1911,86.49,55.91
225,144,1,255.605,32.6791,23.3029,92.26,56.31
226,144,1,255.535,32.895,23.3358,92.76,56.13
227,144,1,255.461,32.8459,23.3309,91.92,56.51
228,144,1,255.488,32.6258,23.2839,90.94,56.77
229,144,1,255.556,32.7109,23.3042,87.74,55.78
230,144,1,255.512,32.6215,23.2673,87.68,57.35
231,144,1,255.517,32.9244,23.3467,90.43,57.11
232,144,1,255.407,32.8722,23.3472,90.74,55.99
233,144,1,255.326,32.86,23.3772,92.54,56.35
234,144,1,255.44,32.8384,23.2892,90.71,56.63
235,144,1,255.359,32.8575,23.418,89.94,56.14
236,144,1,255.55,32.879,23.2723,91.4,56.81
237,144,1,255.327,32.8722,23.3515,89.87,56.51
238,144,1,255.388,32.5877,23.3502,87.98,56.87
239,144,1,255.568,32.9008,23.2811,90.61,55.58
240,144,1,255.539,32.5969,23.277,86.12,56.48
241,144,1,255.343,32.8813,23.416,93.96,56.51
242,144,1,255.353,32.8641,23.3728,91.54,56.86
243,144,1,255.478,32.6638,23.3473,86.37,55.68
244,144,1,255.687,32.9114,23.2448,94.21,56.72
245,144,1,255.706,32.7592,23.2359,90.59,57.27
246,144,1,255.398,32.8393,23.2967,89.54,56.84
247,144,1,255.544,32.9048,23.2725,90.18,57.29
248,144,1,255.538,32.9204,23.32,90.43,57.27
249,144,1,255.757,32.6701,23.1509,88.46,56.56
250,144,1,255.412,32.6654,23.2514,87.54,56.5
251,144,1,255.641,32.9357,23.229,91.81,57.54
252,144,1,255.603,32.6791,23.1719,89.31,56.81
253,144,1,255.623,32.9227,23.2616,92.74,56.5
254,144,1,255.529,32.9299,23.2629,92.63,52.26
255,144,1,255.066,33.0161,23.9365,68.92,36.49
0,145,0,0,0,0,0,54.73
1,145,0,0,0,0,0,58.38
2,145,0,0,0,0,0,56.8
3,145,0,0,0,0,0,57.29
4,145,1,43.0559,39.5167,74.9021,89.86,51.04
5,145,1,42.8531,39.6689,75.0433,94.66,57.23
6,145,1,43.0682,39.4978,74.8997,90.59,56.76
7,145,1,42.6329,39.531,75.3923,89.56,57.28
8,145,1,42.8927,39.7106,75.1428,93.25,56.9
9,145,1,42.9507,39.5436,75.0239,91.33,57.56
10,145,1,42.8347,39.5496,75.1435,92.07,57.67
11,145,1,42.7096,39.4863,75.2589,87.83,58.44
12,145,1,42.8313,39.4978,75.2268,88.72,58.56
13,145,1,42.9136,39.7008,75.1904,93.6,57.85
14,145,1,42.8541,39.7322,75.1441,92.47,58.48
15,145,1,42.7297,39.7773,75.2986,93.56,58.56
16,145,1,42.8893,39.7074,75.1566,94.54,58.21
17,145,1,42.8058,39.5153,75.1701,90.17,58.03
18,145,1,42.8745,39.7151,75.1331,91.75,58.57
19,145,1,42.9926,39.5817,74.88,91.06,58.01
20,145,1,42.5607,39.5327,75.3556,89.92,58.4
21,145,1,42.7886,39.4694,75.2485,91.34,57.74
22,145,1,42.8177,39.7063,75.1978,93.39,58.06
23,145,1,42.7971,39.4868,75.2426,88.01,58.12
24,145,1,42.7576,39.5163,75.1896,91.74,57.75
25,145,1,42.8687,39.6725,75.2005,94.45,58.76
26,145,1,42.8375,39.6968,75.0605,93.96,56.68
27,145,0,0,0,0,0,52.61
28,145,1,270.855,11.6467,77.0568,92.79,54.34
29,145,1,270.842,11.7266,76.9698,86,55.06
30,145,1,270.983,11.7844,76.9383,92.12,54.75
31,145,1,271.063,11.7091,76.7959,91.54,55.01
32,145,1,271.075,11.7473,76.8504,95.78,54.7
33,145,1,271.036,11.7941,76.8328,92.07,55.64
34,145,1,271.064,11.7163,76.8397,91.86,54.36
35,145,1,270.95,11.7143,76.9884,93.86,54.27
36,145,1,271.366,11.8271,76.624,92.94,54.95
37,145,1,270.963,11.7151,76.9422,91.11,54.14
38,145,1,270.879,11.7118,76.9398,91.34,53.89
39,145,1,270.958,11.7314,76.849,89.02,52.69
40,145,1,270.656,11.6774,77.1559,86.02,50.86
41,145,0,0,0,0,0,49.76
42,145,1,290.389,12.5088,62.6665,90.27,50.04
43,145,1,290.434,12.5135,62.6444,90.79,51.27
44,145,1,290.358,12.478,62.7518,91.95,51.75
45,145,1,290.314,12.5149,62.728,90.71,52.31
46,145,1,290.211,12.3742,62.8797,92.57,53.19
47,145,1,290.438,12.5377,62.6862,92.93,53.04
48,145,1,290.336,12.5579,62.886,94.79,52.96
49,145,1,290.372,12.5282,62.7041,90.09,52.45
50,145,1,290.298,12.5331,62.7613,94.05,53.17
51,145,1,290.389,12.5103,62.7313,92.57,53.24
52,145,1,290.269,12.5465,62.8379,92.67,52.3
53,145,1,290.369,12.5262,62.7664,93.73,51.74
54,145,1,290.307,12.537,62.7427,93.61,52.59
55,145,1,290.292,12.5151,62.7733,92.72,52.48
56,145,1,290.216,12.5209,62.7909,91.02,53.46
57,145,1,290.339,12.5313,62.7768,93.42,53.34
58,145,1,290.375,12.56,62.8148,94.81,53.46
59,145,1,290.199,12.5015,62.8508,91.02,52.9
60,145,1,290.3,12.5335,62.7786,93.13,53.31
61,145,1,290.112,12.5697,63.0759,92.35,53.86
62,145,1,290.11,12.5161,62.944,93.7,53.92
63,145,1,290.306,12.541,62.85,94.05,53.25
64,145,1,290.296,12.5711,62.8894,91.21,52.8
65,145,1,290.225,12.5354,62.8401,92.57,53.25
66,145,1,290.168,12.5461,62.9097,94.17,53.86
67,145,1,290.266,12.5796,62.8406,95.53,53.98
68,145,1,290.271,12.5595,62.8562,92.23,53.47
69,145,1,290.223,12.5582,62.8121,92.49,53.46
70,145,1,290.169,12.5824,62.978,94.46,54.15
71,145,1,290.323,12.5772,62.7748,93.95,53.1
72,145,1,290.106,12.5752,63.0246,92,52.94
73,145,1,290.24,12.611,62.9716,92.78,53.76
74,145,1,290.063,12.5713,63.0691,93.84,53.26
75,145,1,290.147,12.558,62.9234,90.61,53.15
76,145,1,290.173,12.579,62.9553,90.88,53.06
77,145,1,290.159,12.5711,62.8899,91.52,52.65
78,145,1,290.048,12.5799,63.0638,94.23,53.25
79,145,1,290.153,12.6158,62.9978,94.49,52.85
80,145,0,0,0,0,0,52.59
81,145,1,155.227,38.6269,51.4826,91.26,54.6
82,145,1,155.395,38.6048,51.4472,92.88,55.9
83,145,1,155.233,38.6389,51.4717,92.89,56.23
84,145,1,155.312,38.6435,51.464,93.07,56.19
85,145,1,155.387,38.6368,51.4644,90.03,55.71
86,145,1,155.324,38.643,51.4764,90.11,55.81
87,145,1,155.353,38.6128,51.4576,93.19,56.62
88,145,1,155.314,38.6279,51.4364,89.84,57.08
89,145,1,155.255,38.6643,51.4693,88.41,57.47
90,145,1,155.254,38.6577,51.4708,92.88,55.97
91,145,1,155.333,38.6359,51.4593,93.69,55.81
92,145,1,155.352,38.6588,51.4323,91.92,56.19
93,145,1,155.22,38.6464,51.4511,91.8,55.8
94,145,1,155.248,38.6313,51.453,93.58,56.51
95,145,1,155.399,38.6586,51.4149,87.74,56.61
96,145,1,155.303,38.6416,51.4461,91.87,56.67
97,145,1,155.276,38.6563,51.4642,94.12,56.22
98,145,1,155.469,38.6521,51.3911,92.04,55.73
99,145,1,155.364,38.6326,51.4084,94.32,56.93
100,145,1,155.3,38.6202,51.4002,89.89,53.94
101,145,1,45.7522,19.4421,11.4361,94.27,56.45
102,145,1,45.6528,19.467,11.4275,92.74,57.8
103,145,1,45.5747,19.4517,11.5522,93.92,57.21
104,145,1,45.5235,19.5014,11.5397,94.05,57.79
105,145,1,45.6395,19.4682,11.4469,94.29,57.88
106,145,1,45.6188,19.4656,11.5038,92.44,57.67
107,145,1,45.5259,19.4115,11.4802,87.58,57.7
108,145,1,45.4569,19.4358,11.5669,92.14,58.01
109,145,1,45.5596,19.4634,11.4694,93.1,57.32
110,145,1,45.501,19.4401,11.5917,95.12,57.45
111,145,1,45.5397,19.4807,11.5117,92.6,57.76
112,145,1,45.5415,19.4872,11.5113,94.78,57.96
113,145,1,45.542,19.471,11.544,94.02,57.51
114,145,1,45.5301,19.4707,11.4926,92.42,58.14
115,145,1,45.5265,19.4615,11.5202,95.1,57.85
116,145,1,45.6209,19.4155,11.5275,95.49,57.79
117,145,1,45.5199,19.4516,11.506,94.41,57.33
118,145,1,45.6013,19.4331,11.5069,94,58.17
119,145,1,45.4675,19.444,11.5765,92.9,58.27
120,145,1,45.4244,19.4523,11.6009,87.7,58.82
121,145,1,45.3602,19.4586,11.6707,94.67,56.72
122,145,1,45.5998,19.4105,11.5402,94.63,57.7
123,145,1,45.3956,19.4792,11.641,95.44,57.34
124,145,1,45.5783,19.4296,11.5544,93.17,57.33
125,145,1,45.4374,19.4309,11.6144,95.33,57.3
126,145,1,45.4902,19.4214,11.6016,86.55,58.29
127,145,1,46.7003,19.0455,10.3559,73.03,58.16
128,145,1,45.3536,19.4467,11.6924,87.43,58.32
129,145,1,45.3686,19.4203,11.7165,88.74,57.88
130,145,1,45.3925,19.3767,11.7302,88.45,58.1
131,145,1,45.443,19.4313,11.7014,96.69,58.02
132,145,1,45.4098,19.3941,11.6955,88.13,57.75
133,145,1,45.4709,19.4572,11.5743,95.63,57.73
134,145,1,45.3911,19.4591,11.6168,93.79,58.05
135,145,1,45.5169,19.3973,11.6673,96.31,58.24
136,145,1,45.3955,19.4451,11.6461,95.95,57.56
137,145,1,45.263,19.3911,11.8448,91.58,58.84
138,145,1,45.5218,19.4291,11.5281,93.59,57.86
139,145,1,45.4567,19.4237,11.58,92.67,58.26
140,145,1,45.3516,19.3878,11.7393,94.14,58.65
141,145,1,45.4743,19.412,11.6432,94.49,57.71
142,145,1,45.4107,19.3895,11.6937,85.82,59.63
143,145,1,45.3065,19.3992,11.7976,87.2,57.91
144,145,1,45.5043,19.3987,11.648,93.82,58.11
145,145,1,45.342,19.4302,11.7704,91.67,57.88
146,145,1,45.3712,19.4074,11.7233,93.02,56.85
147,145,1,45.4484,19.3994,11.6657,94.84,57.84
148,145,1,46.633,18.9943,10.4538,76.29,58.92
149,145,1,45.395,19.4476,11.5918,95.73,58.04
150,145,1,45.6105,19.0129,11.546,85.14,57.79
151,145,1,45.3684,19.3919,11.7352,86.12,58.54
152,145,1,45.4537,19.3915,11.6408,93.3,57.89
153,145,1,45.4907,19.3898,11.5684,93.22,57.99
154,145,1,45.3012,19.4179,11.8108,96.37,57.86
155,145,1,45.4324,19.4014,11.6286,93.82,58.15
156,145,1,45.4583,19.3782,11.6677,95.09,58.11
157,145,1,45.4055,19.365,11.6516,87.55,58.95
158,145,1,45.4733,19.3871,11.5746,94.7,58.49
159,145,1,45.3127,19.3874,11.7435,94.54,58.37
160,145,1,45.2771,19.4261,11.7625,95.96,57.45
161,145,1,45.3237,19.3837,11.7827,91.5,57.39
162,145,1,45.4483,19.3622,11.6658,95.76,58
163,145,1,45.2328,19.3718,11.7566,87.49,58.64
164,145,1,45.3139,19.3372,11.8012,92.38,55.98
165,145,1,155.492,38.5699,51.2466,91.02,54.56
166,145,1,155.31,38.5824,51.304,93.53,56.93
167,145,1,155.477,38.5607,51.236,94,56.51
168,145,1,155.352,38.588,51.2653,93.65,57.36
169,145,1,155.484,38.5681,51.1808,90.65,56.64
170,145,1,155.347,38.575,51.2407,89.19,56.52
171,145,1,155.445,38.5809,51.2017,89.84,56.16
172,145,1,155.396,38.5872,51.2275,92.1,56.65
173,145,1,155.453,38.562,51.1984,90.77,57.23
174,145,1,155.44,38.572,51.225,90.86,57.12
175,145,1,155.44,38.5892,51.1812,90.25,56.06
176,145,1,155.459,38.5804,51.1781,91.96,55.83
177,145,1,155.477,38.5862,51.1486,92.46,56.14
178,145,1,155.524,38.572,51.1311,91.82,56.04
179,145,1,155.587,38.5625,51.1319,93.28,56.32
180,145,1,155.515,38.5152,51.1053,92.88,53.8
181,145,1,161.279,22.2689,56.5221,83.29,50.83
182,145,0,0,0,0,0,51.29
183,145,1,329.935,26.2964,32.2614,88.15,48.77
184,145,1,329.704,26.2392,32.4519,88.29,50.88
185,145,0,0,0,0,0,50.12
186,145,1,160.765,22.1833,57.0609,90.82,54.23
187,145,1,160.927,22.2038,56.9435,94.29,55.67
188,145,1,160.876,22.1881,56.9704,89.39,55.65
189,145,1,160.872,22.1861,56.9977,88.96,54.29
190,145,1,160.778,22.165,57.0196,91.39,55.66
191,145,1,161.081,22.1657,56.8076,89.41,51.24
192,145,1,66.615,15.5237,69.9953,91.54,50.74
193,145,1,66.674,15.4818,70.0044,94.1,50.44
194,145,1,66.6181,15.3994,70.0426,84.72,51.54
195,145,1,66.5733,15.475,70.1467,90.63,50.35
196,145,0,0,0,0,0,49.93
197,145,1,66.0765,15.6125,70.3853,78.67,49.9
198,145,0,0,0,0,0,50.17
199,145,0,0,0,0,0,51.26
200,145,1,255.87,32.8255,23.222,84.46,50.32
201,145,1,255.866,32.7297,23.0025,80.67,52.25
202,145,1,255.648,32.6437,23.265,88.82,52.81
203,145,1,255.614,32.8493,23.3459,92.82,53.44
204,145,1,255.458,32.8437,23.4702,91.13,54.49
205,145,1,255.462,32.8475,23.3733,92.4,55.41
206,145,1,255.62,32.727,23.2915,90.16,56.91
207,145,1,255.653,32.7038,23.2615,88.11,56.29
208,145,1,255.547,32.6185,23.3051,90.93,56.56
209,145,1,255.388,32.8338,23.403,91.31,56.13
210,145,1,255.552,32.6361,23.3067,89.22,56.74
211,145,1,255.316,32.7128,23.3858,87.65,56.05
212,145,1,255.388,32.7993,23.3706,91.01,55.87
213,145,1,255.313,32.8337,23.4615,93.43,57.62
214,145,1,255.678,32.7115,23.2779,89.48,56.32
215,145,1,255.412,32.8238,23.3782,94.03,56.35
216,145,1,255.499,32.6682,23.2854,85.25,56.91
217,145,1,255.497,32.7391,23.3324,88.08,55.86
218,145,1,255.544,32.6075,23.2771,88.66,56.66
219,145,1,255.388,32.8252,23.3363,89.88,55.96
220,145,1,255.706,32.7578,23.1853,91.42,57.05
221,145,1,255.475,32.8215,23.3014,90.25,57.87
222,145,1,255.572,32.7181,23.2691,90.88,56.3
223,145,1,255.687,32.7766,23.2387,89.79,56.5
224,145,1,255.38,32.8285,23.4017,90.86,57.1
225,145,1,255.449,32.8479,23.3786,91.95,56.33
226,145,1,255.487,32.8775,23.3892,91.61,56.68
227,145,1,255.378,32.8531,23.2664,89.27,56.18
228,145,1,255.452,32.6824,23.3727,86.38,55.89
229,145,1,255.454,32.8831,23.4063,93.33,56.17
230,145,1,255.79,32.7175,23.2104,91.67,56.68
231,145,1,255.519,32.7426,23.257,87.83,56.03
232,145,1,255.366,32.9007,23.4622,93.15,56.13
233,145,1,255.56,32.9001,23.2694,93.95,57.17
234,145,1,255.585,32.9146,23.3085,91.95,57.08
235,145,1,255.384,32.8654,23.3579,92.52,56.96
236,145,1,255.614,32.6692,23.2165,88.97,57.47
237,145,1,255.632,32.7576,23.2167,90.19,56.27
238,145,1,255.455,32.8725,23.3298,91.38,57.19
239,145,1,255.602,32.9249,23.3123,91.46,56.76
240,145,1,255.561,32.9086,23.311,92.56,56.31
241,145,1,255.67,32.7808,23.2414,91.49,56.77
242,145,1,255.46,32.8759,23.3296,90.18,56.88
243,145,1,255.576,32.7692,23.2241,92.95,56.05
244,145,1,255.614,32.9398,23.3102,92.55,57.12
245,145,1,255.615,32.9181,23.2638,92.71,56.49
246,145,1,255.577,32.9223,23.3168,94.56,57.51
247,145,1,255.699,32.7581,23.2081,88.68,56.89
248,145,1,255.566,32.892,23.2981,93.2,56.95
249,145,1,255.518,32.935,23.3126,92.24,56.15
250,145,1,255.572,32.6619,23.2107,85.4,56.09
251,145,1,255.625,32.9143,23.3312,94.57,56.54
252,145,1,255.422,32.8937,23.3452,92.46,57.04
253,145,1,255.671,32.7473,23.2104,90.11,56.42
254,145,1,255.424,32.9361,23.3465,90.08,54.78
255,145,1,256.034,32.9082,23.0895,87.21,36.68
0,146,0,0,0,0,0,53.31
1,146,0,0,0,0,0,59.83
2,146,0,0,0,0,0,56.54
3,146,0,0,0,0,0,58.08
4,146,1,43.0033,39.4308,74.9628,86.89,50.36
5,146,1,43.0986,39.5227,74.8178,90.68,56.99
6,146,1,42.7065,39.4106,75.351,86.56,57.61
7,146,1,42.8137,39.6976,75.1486,91.29,57.99
8,146,1,42.6968,39.4352,75.2681,87.29,58.86
9,146,1,42.7296,39.505,75.2025,89.03,58.14
10,146,1,42.7697,39.4836,75.2313,86.57,57.58
11,146,1,42.7384,39.512,75.2237,90.46,58.03
12,146,1,42.7774,39.7083,75.1607,92.9,58.04
13,146,1,43.022,39.5672,74.926,92.71,57.68
14,146,1,42.9545,39.5247,74.9795,90.07,57.22
15,146,1,43.0718,39.5548,74.8892,93.06,57.56
16,146,1,43.0009,39.5487,74.9912,90.2,58.64
17,146,1,42.9872,39.5399,75.0243,91.46,57.56
18,146,1,42.8815,39.6851,75.1401,91.19,58.05
19,146,1,42.8208,39.724,75.1343,94.14,58.05
20,146,1,42.7127,39.7906,75.2787,93.16,57.93
21,146,1,42.7895,39.4885,75.2726,88.94,57.95
22,146,1,42.837,39.7298,75.1295,94.94,57.99
23,146,1,42.9915,39.585,74.964,91.33,58.88
24,146,1,42.4971,39.5472,75.4315,88.76,57.69
25,146,1,42.9183,39.6947,75.1887,93.2,58.43
26,146,1,42.6804,39.5037,75.2333,90.46,58.32
27,146,1,42.851,39.6803,75.2587,94.29,55.31
28,146,1,270.888,11.669,76.9502,83.91,53.47
29,146,1,271.175,11.7534,76.7458,89.47,54.64
30,146,1,270.855,11.7197,77.0169,91.51,55.09
31,146,1,271.014,11.7189,76.9008,93.43,54.2
32,146,1,270.959,11.7094,76.8834,92.37,54.57
33,146,1,270.853,11.7118,76.9781,94.72,54.16
34,146,1,270.932,11.7126,76.8421,92.71,54.4
35,146,1,270.989,11.7248,76.857,92.85,55.1
36,146,1,270.885,11.7326,76.9775,95.07,54.92
37,146,1,270.968,11.7189,76.8982,91.98,53.32
38,146,1,270.772,11.7141,77.0239,89.01,51.17
39,146,0,0,0,0,0,49.33
40,146,1,290.287,12.473,62.8698,90.99,49.45
41,146,1,290.388,12.5053,62.7359,89.61,50.78
42,146,1,290.538,12.5522,62.6211,90.47,52.28
43,146,1,290.392,12.4932,62.7694,92.35,52.63
44,146,1,290.371,12.4884,62.6984,90.95,51.47
45,146,1,290.326,12.4771,62.7656,91.94,53.79
46,146,1,290.443,12.5066,62.6846,92.34,52.73
47,146,1,290.333,12.5207,62.7677,94.07,52.73
48,146,1,290.354,12.5183,62.7465,90.22,53.23
49,146,1,290.245,12.5019,62.8046,89.09,52.35
50,146,1,290.276,12.5125,62.7901,91.47,52.97
51,146,1,290.316,12.5191,62.7671,90.89,52.57
52,146,1,290.361,12.5243,62.7758,91.68,53.46
53,146,1,290.312,12.5271,62.7311,92.71,53.25
54,146,1,290.284,12.5105,62.7681,91.88,52.5
55,146,1,290.219,12.5097,62.8104,91.6,53.26
56,146,1,290.259,12.5359,62.8426,90.2,52.18
57,146,1,290.318,12.5189,62.7368,93.27,52.9
58,146,1,290.425,12.5447,62.6583,94.35,52.58
59,146,1,290.3,12.5329,62.8213,91.94,52.84
60,146,1,290.21,12.5437,62.8475,94.04,52.97
61,146,1,290.229,12.5059,62.837,93.45,52.85
62,146,1,290.329,12.569,62.8171,94.77,53.31
63,146,1,290.235,12.5152,62.8111,91.63,53.03
64,146,1,290.206,12.5119,62.7943,91.9,52.89
65,146,1,290.329,12.5272,62.8225,93.18,52.65
66,146,1,290.193,12.5646,62.901,93.27,53.45
67,146,1,290.193,12.5405,62.9273,92.98,53.22
68,146,1,290.181,12.5618,62.9516,89.32,52.67
69,146,1,290.132,12.5482,62.9043,91.19,52.66
70,146,1,290.165,12.5546,62.9093,92.84,53.81
71,146,1,290.236,12.5347,62.861,92.36,53.03
72,146,1,290.247,12.5362,62.868,93.42,53.45
73,146,1,290.148,12.5354,62.9108,90.06,52.25
74,146,1,290.28,12.6041,62.9149,91.42,53.61
75,146,1,290.184,12.6079,62.9747,94.18,53.43
76,146,1,290.199,12.5675,62.9321,90.12,52.37
77,146,1,290.119,12.6075,62.9667,93.97,53.34
78,146,1,290.146,12.6023,62.8678,90.04,51.89
79,146,0,0,0,0,0,52.31
80,146,1,155.326,38.6574,51.4763,94.39,54.19
81,146,1,155.367,38.6479,51.469,90.83,56.53
82,146,1,155.318,38.6558,51.4567,91.51,56.69
83,146,1,155.346,38.6435,51.4404,92.66,56.16
84,146,1,155.379,38.6493,51.4486,93.88,56.08
85,146,1,155.42,38.6216,51.4407,92.22,57.03
86,146,1,155.472,38.6444,51.4169,92.23,56.39
87,146,1,155.368,38.6314,51.4331,90.69,56.17
88,146,1,155.333,38.6586,51.4642,92.14,56.24
89,146,1,155.262,38.6591,51.4884,93.51,56.55
90,146,1,155.326,38.6449,51.4738,93.15,56.37
91,146,1,155.311,38.6524,51.4366,91.79,57.81
92,146,1,155.211,38.6531,51.4793,92.05,57.33
93,146,1,155.266,38.6396,51.4349,91.37,55.98
94,146,1,155.303,38.6385,51.4459,92.47,56.9
95,146,1,155.38,38.6266,51.4412,92.54,56.24
96,146,1,155.308,38.6206,51.4379,91.5,56.75
97,146,1,155.261,38.6612,51.4607,88.45,55.27
98,146,1,155.333,38.6319,51.4227,93.86,56.36
99,146,1,155.282,38.6444,51.4229,93.25,56.79
100,146,1,155.258,38.6288,51.3978,87.46,53.7
101,146,1,45.7067,19.4486,11.3903,94.94,55.79
102,146,1,45.5714,19.4433,11.5793,93.8,56.99
103,146,1,45.5748,19.4758,11.4203,93.47,57.26
104,146,1,45.6582,19.4648,11.4646,94.99,57.22
105,146,1,45.6594,19.4641,11.4077,95.03,57.26
106,146,1,45.5461,19.4516,11.598,94.96,57.16
107,146,1,45.5444,19.449,11.6028,90.29,57.74
108,146,1,45.6103,19.4541,11.5846,92.59,57.57
109,146,1,45.4777,19.4307,11.5639,86.6,58.28
110,146,1,45.4951,19.4649,11.651,95.02,57.06
111,146,1,46.0342,19.0499,11.085,82.03,57.09
112,146,1,45.5051,19.4609,11.6583,94.91,58.1
113,146,1,45.5714,19.3737,11.5775,86.51,58.7
114,146,1,45.5803,19.4389,11.4986,94.16,58.31
115,146,1,45.5058,19.4733,11.525,92.69,57.03
116,146,1,45.4948,19.4121,11.5954,85.95,57.93
117,146,1,45.4597,19.4485,11.6066,94.42,57.14
118,146,1,47.0156,19.1372,10.0848,79.67,58.45
119,146,1,45.5057,19.4482,11.5378,96.15,57.75
120,146,1,45.3517,19.3907,11.836,86.11,58.45
121,146,1,46.0198,19.0697,11.0486,84.34,57.38
122,146,1,45.5103,19.4606,11.4691,88.52,57.57
123,146,1,45.4876,19.3973,11.6835,88.02,57.9
124,146,1,45.4831,19.4154,11.6172,94.94,58.03
125,146,1,45.5817,19.4345,11.5332,93.72,57.39
126,146,1,45.4772,19.4614,11.6244,94.81,57.6
127,146,1,45.4867,19.4591,11.5591,94.91,57.72
128,146,1,45.4279,19.437,11.6806,96.62,57.97
129,146,1,45.4495,19.4435,11.6665,94.01,58.41
130,146,1,45.5408,19.4504,11.5589,94.62,56.85
131,146,1,45.5518,19.4208,11.5704,93.76,57.47
132,146,1,45.5014,19.3848,11.7052,85.9,58.47
133,146,1,45.5697,19.4205,11.542,94.84,57.55
134,146,1,45.4506,19.4508,11.6299,95.45,57.71
135,146,1,45.6225,19.4405,11.3969,92.62,58.08
136,146,1,45.526,19.4274,11.5601,92.27,58.3
137,146,1,45.528,19.4417,11.5792,95.34,58.74
138,146,1,45.4204,19.4485,11.6038,95.02,57.52
139,146,1,45.3798,19.3893,11.7237,87.94,59.09
140,146,1,45.4575,19.4434,11.5578,94.77,57.59
141,146,1,45.3555,19.4086,11.6864,86.75,57.76
142,146,1,45.5467,19.3883,11.6052,94.38,58.4
143,146,1,45.3548,19.4089,11.7157,92.97,58.03
144,146,1,45.3235,19.3992,11.8012,86.85,58.45
145,146,1,45.4899,19.4159,11.5642,95.15,57.83
146,146,1,45.4734,19.397,11.6775,94.42,57.6
147,146,1,45.5766,19.4022,11.5064,93.53,58.01
148,146,1,45.5424,19.385,11.5541,94.73,58.44
149,146,1,45.3854,19.4112,11.6518,93.98,56.93
150,146,1,45.437,19.4014,11.613,93.97,58.08
151,146,1,45.4708,19.3889,11.6602,92.53,58.6
152,146,1,45.486,19.3968,11.5381,94.07,57.85
153,146,1,45.5318,19.3578,11.5767,96.05,58.52
154,146,1,45.4231,19.3984,11.6633,95.28,58.43
155,146,1,45.4899,19.3984,11.6527,96.04,58.11
156,146,1,45.4453,19.389,11.6485,94.1,58.27
157,146,1,45.2806,19.4214,11.7764,94.06,57.78
158,146,1,45.4759,19.4027,11.6045,95.87,57.68
159,146,1,45.345,19.3896,11.776,94.73,57.76
160,146,1,45.268,19.3421,11.8229,88.16,58.55
161,146,1,45.3155,19.3632,11.7717,95.42,57.76
162,146,1,45.4121,19.3831,11.6337,93.04,57.48
163,146,1,45.4199,19.3979,11.622,96.17,58.27
164,146,1,45.383,19.3376,11.6593,94.07,55.25
165,146,1,155.293,38.6053,51.2913,89.13,54.94
166,146,1,155.363,38.5869,51.2463,91.79,56.07
167,146,1,155.4,38.5984,51.2489,89.4,55.52
168,146,1,155.431,38.6007,51.229,93,56.8
169,146,1,155.458,38.5842,51.2126,92.56,56.84
170,146,1,155.432,38.5795,51.2242,89.05,56.31
171,146,1,155.416,38.5464,51.2445,92.62,56.99
172,146,1,155.398,38.5614,51.2149,88.34,56.48
173,146,1,155.452,38.5768,51.1889,91.02,55.86
174,146,1,155.433,38.5602,51.1713,94.13,57.14
175,146,1,155.477,38.58,51.1792,92.51,55.98
176,146,1,155.36,38.5965,51.2374,92.49,57
177,146,1,155.594,38.596,51.1269,93.7,56.48
178,146,1,155.543,38.5727,51.1308,91.01,56.38
179,146,1,155.552,38.5758,51.13,89.54,56.67
180,146,1,155.441,38.5485,51.1729,90.87,54.82
181,146,0,0,0,0,0,52.39
182,146,1,329.585,26.2599,32.4257,80.49,48.83
183,146,1,329.772,26.2522,32.4361,88.01,50.75
184,146,1,329.907,26.272,32.2655,90.82,50.21
185,146,1,160.889,22.1903,56.9418,82.64,51.91
186,146,1,160.761,22.1864,57.0194,90.52,56.16
187,146,1,160.786,22.1909,57.0123,95.14,54.83
188,146,1,160.93,22.1798,56.9494,92.36,55.03
189,146,1,161.029,22.1784,56.8964,89.75,56.67
190,146,1,160.864,22.1861,56.9389,87.3,56.64
191,146,1,161.236,22.1571,56.7558,90.47,51.94
192,146,1,66.7464,15.5279,69.9413,83.97,49.35
193,146,1,66.7235,15.4777,69.9435,93.42,52.85
194,146,1,66.5638,15.4824,70.114,84.81,52.23
195,146,1,66.6934,15.4653,70.0078,93.2,52.81
196,146,1,66.7662,15.4141,69.9138,83.54,51.79
197,146,1,66.5902,15.4906,70.1011,81.98,52.33
198,146,1,66.5749,15.51,70.1439,82.81,50.46
199,146,1,66.731,15.3927,69.8464,87.47,49.96
200,146,1,66.5077,15.4777,70.1364,84.11,50.89
201,146,1,66.63,15.425,69.946,86.17,50.5
202,146,0,0,0,0,0,50.64
203,146,0,0,0,0,0,50.23
204,146,0,0,0,0,0,51.11
205,146,0,0,0,0,0,50.41
206,146,1,254.672,32.9741,24.3065,74.55,51.73
207,146,1,255.726,32.8855,23.3602,93.56,52.23
208,146,1,255.441,32.7026,23.2817,87.08,53.78
209,146,1,255.66,32.7343,23.2676,89.83,54.65
210,146,1,255.293,32.8208,23.445,89.25,55.06
211,146,1,255.591,32.8159,23.2727,89.8,55.36
212,146,1,255.374,32.8264,23.3662,91.16,55.73
213,146,1,255.452,32.8468,23.4034,91.97,54.89
214,146,1,255.651,32.6574,23.1691,89.02,55.97
215,146,1,255.467,32.8524,23.3535,90.61,56.47
216,146,1,255.353,32.9103,23.4922,90.51,56.18
217,146,1,255.435,32.835,23.3675,92.48,56.4
218,146,1,255.465,32.6564,23.309,86.39,56.5
219,146,1,255.534,32.864,23.3228,93.79,56.47
220,146,1,255.527,32.848,23.3191,91.7,57.35
221,146,1,255.618,32.8827,23.3038,93.82,56.43
222,146,1,255.473,32.8486,23.3179,90.16,56.5
223,146,1,255.642,32.7443,23.2931,88.42,55.97
224,146,1,255.692,32.9557,23.3144,88.72,56.48
225,146,1,255.556,32.8714,23.284,93.7,56.28
226,146,1,255.492,32.8873,23.3712,92.3,56.73
227,146,1,255.614,32.7212,23.3227,91.28,56.67
228,146,1,255.611,32.8858,23.2636,93.54,56.89
229,146,1,255.55,32.6501,23.2853,89.13,57.02
230,146,1,255.429,32.8623,23.3754,92.82,56.24
231,146,1,255.648,32.8925,23.2753,94.85,56.58
232,146,1,255.262,32.9167,23.4525,89.42,56.06
233,146,1,255.357,32.881,23.41,89.58,56.14
234,146,1,255.639,32.935,23.3037,92.99,57.08
235,146,1,255.539,32.8848,23.2409,90.13,57.1
236,146,1,255.722,32.7385,23.1929,91.39,57.1
237,146,1,255.322,32.8887,23.4263,90,56.19
238,146,1,255.53,32.6884,23.1746,86.62,56.56
239,146,1,255.627,32.6785,23.2327,91.26,56.71
240,146,1,255.338,32.878,23.3849,91.92,57.31
241,146,1,255.396,32.8997,23.3992,91.33,55.71
242,146,1,255.627,32.835,23.1182,90.36,56.21
243,146,1,255.539,32.9209,23.3439,89.97,55.99
244,146,1,255.618,32.9254,23.2629,93.65,56.73
245,146,1,255.443,32.9283,23.3896,92.34,56.6
246,146,1,255.71,32.703,23.1782,90.7,57.08
247,146,1,255.841,32.7861,23.246,90.82,56.68
248,146,1,255.69,32.803,23.1916,90.96,56.33
249,146,1,255.387,32.9182,23.4272,90.85,56.46
250,146,1,255.574,32.9009,23.2738,93.92,56.76
251,146,1,255.645,32.9105,23.2867,93.77,56.4
252,146,1,255.646,32.7403,23.2516,88.78,56.43
253,146,1,255.684,32.6984,23.1165,87.57,57
254,146,1,255.664,32.9279,23.1457,88.53,54.17
255,146,0,0,0,0,0,36.43
0,147,0,0,0,0,0,55.18
1,147,0,0,0,0,0,58.43
2,147,0,0,0,0,0,56.83
3,147,0,0,0,0,0,57.69
4,147,1,43.1148,39.4767,74.9312,88.4,49.7
5,147,1,42.7482,39.4439,75.2464,87.49,56.47
6,147,1,42.8522,39.4825,75.2149,90.42,58.28
7,147,1,42.7471,39.5061,75.2447,88.38,57.35
8,147,1,42.6283,39.53,75.4036,88.63,58.08
9,147,1,42.7685,39.6915,75.21,94.45,58.38
10,147,1,42.9442,39.5111,75.0415,91.44,57.39
11,147,1,42.7809,39.5131,75.1771,90.76,58.1
12,147,1,43.0227,39.5443,74.9393,90.8,58.21
13,147,1,42.882,39.5384,75.0005,92.62,58.16
14,147,1,42.6774,39.4949,75.1929,87.93,58.11
15,147,1,42.9469,39.5327,74.9639,93.42,57.49
16,147,1,42.822,39.7158,75.1312,94.91,58.29
17,147,1,42.5952,39.5302,75.4202,88.19,57.72
18,147,1,42.8752,39.7113,75.1105,93.34,58.42
19,147,1,42.762,39.5218,75.1857,91.36,58.15
20,147,1,42.7795,39.4788,75.261,92.03,57.21
21,147,1,42.8208,39.7132,75.1956,94.66,58.35
22,147,1,42.9382,39.5566,74.9361,92.47,56.97
23,147,1,42.831,39.5175,75.1427,88.61,58.4
24,147,1,42.7256,39.5316,75.2085,89.61,58.31
25,147,1,42.8,39.6914,75.1732,93.43,58.57
26,147,1,42.955,39.5211,74.965,93.5,58.3
27,147,1,42.9164,39.6763,75.2065,89.63,56.16
28,147,0,0,0,0,0,52.61
29,147,1,270.987,11.6885,76.86,91.64,53.78
30,147,1,270.973,11.7186,76.8845,92.44,53.81
31,147,1,270.904,11.7176,76.9528,93.71,54.03
32,147,1,271.25,11.7761,76.6687,93.36,54.54
33,147,1,270.781,11.7227,77.066,91.9,54.65
34,147,1,270.921,11.7655,76.9025,92.5,54.73
35,147,1,271.149,11.7626,76.6713,92.54,54.75
36,147,1,270.985,11.7271,76.8712,92.64,54.45
37,147,1,270.86,11.7031,76.9559,92.06,50.99
38,147,0,0,0,0,0,49.1
39,147,1,290.491,12.5347,62.7093,88.12,50.51
40,147,1,290.325,12.5092,62.8507,89.29,51.19
41,147,1,290.455,12.5091,62.5468,93.18,52.14
42,147,1,290.284,12.488,62.7685,92.61,53.16
43,147,1,290.351,12.5429,62.757,91.24,52.8
44,147,1,290.402,12.5275,62.7106,92.03,53.46
45,147,1,290.426,12.532,62.7029,92.7,53.43
46,147,1,290.426,12.4987,62.7134,92.64,52.5
47,147,1,290.314,12.4925,62.7619,89.83,52.01
48,147,1,290.279,12.4934,62.8352,91.02,52.07
49,147,1,290.339,12.5116,62.8085,93.35,53.42
50,147,1,290.279,12.5327,62.7621,91.97,53.69
51,147,1,290.229,12.476,62.7718,91.93,52.81
52,147,1,290.328,12.5033,62.8102,93.23,52.73
53,147,1,290.277,12.5141,62.7873,93.43,51.86
54,147,1,290.219,12.5056,62.8292,93.52,52.78
55,147,1,290.241,12.5295,62.7544,92.45,53.01
56,147,1,290.252,12.5007,62.8164,92.15,53.05
57,147,1,290.213,12.5688,62.8798,95.17,54.17
58,147,1,290.155,12.5025,62.9315,96.03,53.61
59,147,1,290.23,12.5191,62.8339,92.26,52.17
60,147,1,290.319,12.5406,62.7721,90.63,53.08
61,147,1,290.273,12.535,62.9035,91.45,53.45
62,147,1,290.266,12.5365,62.8352,91.3,53.66
63,147,1,290.158,12.5278,62.9086,94.02,53.49
64,147,1,290.196,12.5399,62.9542,91.03,53.64
65,147,1,290.223,12.5075,62.8256,90.27,52.39
66,147,1,290.225,12.5593,62.9394,90.65,52.93
67,147,1,290.148,12.5465,62.9705,91.48,53.44
68,147,1,290.204,12.5459,62.8347,93.25,52.97
69,147,1,290.198,12.5635,62.9902,92.45,53.44
70,147,1,290.269,12.583,62.9114,92.78,53.64
71,147,1,290.192,12.5426,62.8565,92.37,53.48
72,147,1,290.24,12.5806,62.8941,91.64,53.34
73,147,1,290.054,12.5623,62.9796,92.08,53.27
74,147,1,290.19,12.583,62.9928,88.92,53.53
75,147,1,290.173,12.5776,62.9608,93.89,53.74
76,147,1,290.239,12.5686,62.8723,94,53
77,147,1,290.14,12.5922,62.9717,91.53,52.79
78,147,1,290.137,12.617,63.0186,83.51,52.32
79,147,0,0,0,0,0,52.91
80,147,1,155.439,38.6326,51.4292,94.26,57.23
81,147,1,155.298,38.6531,51.4585,91.99,56.08
82,147,1,155.255,38.6588,51.4685,91.35,55.93
83,147,1,155.267,38.6559,51.4799,91.49,56.79
84,147,1,155.212,38.6429,51.4773,93.52,56.21
85,147,1,155.296,38.633,51.4696,86.97,57.15
86,147,1,155.331,38.6546,51.4356,90.61,56.17
87,147,1,155.386,38.6263,51.4676,91.03,56.37
88,147,1,155.259,38.6594,51.4604,89.62,55.87
89,147,1,155.258,38.6517,51.4635,90.75,57.06
90,147,1,155.338,38.6522,51.4546,94.31,56.35
91,147,1,155.305,38.6389,51.4458,90.82,57.21
92,147,1,155.293,38.6338,51.4381,92.11,56.88
93,147,1,155.282,38.6472,51.4176,88.29,56.36
94,147,1,155.378,38.59,51.3991,92.28,55.79
95,147,1,155.388,38.6283,51.4273,93.22,57.23
96,147,1,155.412,38.6107,51.4206,93.73,56.54
97,147,1,155.315,38.6245,51.4303,90.5,55.8
98,147,1,155.348,38.6725,51.4096,91.05,56.42
99,147,1,155.384,38.633,51.4022,95.45,56.72
100,147,1,155.353,38.6098,51.3923,90.32,54.14
101,147,1,45.5513,19.4897,11.4283,95.17,55.2
102,147,1,45.6372,19.4859,11.4163,94.24,57.76
103,147,1,45.6031,19.4661,11.4454,93.68,57.53
104,147,1,45.5674,19.4178,11.5898,87.73,57.6
105,147,1,45.6071,19.4443,11.5377,93.81,57.77
106,147,1,45.6371,19.4582,11.4839,95.47,58.19
107,147,1,45.5375,19.4603,11.5716,90.51,57.59
108,147,1,45.5142,19.4672,11.4598,94.51,57.4
109,147,1,45.537,19.4545,11.6627,92.6,57.8
110,147,1,45.5043,19.3908,11.6245,86.1,57.89
111,147,1,45.429,19.464,11.6875,93.82,57.43
112,147,1,45.5302,19.475,11.5012,94.07,57.55
113,147,1,45.5557,19.4661,11.4739,94.57,57.06
114,147,1,45.6732,19.4374,11.4021,93.64,57.99
115,147,1,45.4758,19.4703,11.6343,97.2,57.15
116,147,1,45.4803,19.4313,11.5807,94.32,57.65
117,147,1,45.5567,19.4203,11.4994,96.45,58.03
118,147,1,45.4851,19.4081,11.5827,87.48,58.12
119,147,1,45.4815,19.4563,11.6068,97.18,57.51
120,147,1,45.4888,19.4791,11.4507,92.27,57.56
121,147,1,45.5267,19.4235,11.6285,96.98,57.7
122,147,1,45.6002,19.4169,11.5411,92.41,58.18
123,147,1,45.454,19.4017,11.6754,86.09,58.25
124,147,1,45.5473,19.4424,11.5798,96.85,58.2
125,147,1,45.6517,19.4263,11.4388,94.42,58.81
126,147,1,45.555,19.418,11.5595,85.74,58.5
127,147,1,45.492,19.4607,11.5357,94.43,57.74
128,147,1,45.3925,19.3944,11.8397,86.22,58.45
129,147,1,46.8642,19.0975,10.2401,78.17,57.7
130,147,1,45.4395,19.3802,11.6853,85.95,58.72
131,147,1,45.4946,19.4367,11.5273,93.6,57.79
132,147,1,45.4185,19.4088,11.6687,87.82,59.46
133,147,1,45.3296,19.4529,11.6121,86.8,58.23
134,147,1,45.5891,19.4337,11.5075,92.4,58.22
135,147,1,45.4086,19.3853,11.755,93.42,58.12
136,147,1,45.4254,19.4136,11.5992,85.52,58.24
137,147,1,45.548,19.4074,11.5057,95.31,58.13
138,147,1,45.5355,19.4117,11.621,94.55,57.51
139,147,1,45.3975,19.4012,11.7012,95.9,57.55
140,147,1,45.4196,19.3979,11.6443,85.9,59.08
141,147,1,45.4414,19.4366,11.6196,94.88,58.59
142,147,1,45.3723,19.4553,11.7134,96.72,57.59
143,147,1,45.4958,19.4201,11.7056,94.4,58.76
144,147,1,45.6819,19.7858,11.5069,79.68,58.41
145,147,1,45.4113,19.4159,11.6156,89.66,58.62
146,147,1,45.401,19.3767,11.6477,87.78,58.59
147,147,1,45.3692,19.3768,11.7316,88.17,58.03
148,147,1,45.4581,19.4145,11.5903,89.27,58.1
149,147,1,45.4713,19.4104,11.6,95.18,57.88
150,147,1,45.5355,19.4003,11.5531,94.96,58.22
151,147,1,45.4415,19.4092,11.6292,96.9,57.38
152,147,1,45.4972,19.3737,11.5851,94.35,57.63
153,147,1,45.4414,19.386,11.6516,93.09,58.46
154,147,1,45.3498,19.436,11.6338,95.81,57.78
155,147,1,45.4572,19.5093,11.5102,93.69,58.1
156,147,1,45.3728,19.4105,11.642,95.11,57.92
157,147,1,45.3822,19.4101,11.6327,94.37,57.48
158,147,1,45.4111,19.4139,11.6419,91.85,57.96
159,147,1,45.477,19.372,11.64,93.89,58.08
160,147,1,45.3182,19.4056,11.7201,94.47,57.46
161,147,1,45.3026,19.3816,11.7519,94.88,57.85
162,147,1,45.4133,19.3945,11.6352,94.96,57.64
163,147,1,45.273,19.437,11.6215,87.62,57.15
164,147,1,45.3061,19.3603,11.7404,93,55.82
165,147,1,155.379,38.6095,51.261,92.19,54.36
166,147,1,155.417,38.6076,51.2216,91.82,56.06
167,147,1,155.341,38.6104,51.2555,92.56,56.42
168,147,1,155.499,38.6007,51.2077,89.72,56.37
169,147,1,155.409,38.578,51.2176,92.21,57.79
170,147,1,155.473,38.5795,51.1859,92.01,55.92
171,147,1,155.44,38.5818,51.2108,93.25,56.82
172,147,1,155.528,38.5619,51.1851,90.39,57.09
173,147,1,155.466,38.5717,51.1962,91.63,56.21
174,147,1,155.364,38.5679,51.2107,89.78,56.39
175,147,1,155.434,38.5984,51.192,89.54,57.11
176,147,1,155.486,38.5813,51.1815,92.2,56.54
177,147,1,155.462,38.5887,51.1436,92.23,55.22
178,147,1,155.456,38.5781,51.1517,89.97,55.72
179,147,1,155.51,38.5637,51.1529,88.42,56.8
180,147,1,155.59,38.5621,51.126,91.62,56.34
181,147,1,155.484,38.5376,51.1295,90.44,54.57
182,147,0,0,0,0,0,48.94
183,147,1,329.763,26.26,32.4263,86.94,50.34
184,147,1,329.928,26.3126,32.285,89.78,49.38
185,147,1,160.775,22.2355,57.023,89.58,52.6
186,147,1,160.975,22.121,56.9841,91.32,54.53
187,147,1,161.131,22.1877,56.863,85.72,55.82
188,147,1,161.052,22.1669,56.884,91.81,55.06
189,147,1,160.917,22.186,56.9426,92.53,54.86
190,147,1,161.073,22.1283,56.9102,93.02,55.82
191,147,1,160.817,22.1831,56.9496,90.33,53.95
192,147,0,0,0,0,0,49.49
193,147,1,66.7864,15.4584,69.9412,92.2,53.33
194,147,1,66.76,15.4596,69.9206,93.34,53.02
195,147,1,66.6926,15.4048,69.9863,86.5,52.71
196,147,1,66.642,15.4849,69.9949,93.91,53.47
197,147,1,66.685,15.4592,69.9819,92.16,52.52
198,147,1,66.7355,15.4108,69.8717,91.77,53.76
199,147,1,66.7597,15.4415,69.9443,90.86,53.91
200,147,1,66.69,15.4768,69.8913,84.09,52.21
201,147,1,66.6914,15.4156,69.9466,83.33,51.41
202,147,1,66.8323,15.3869,69.8523,82.04,51.51
203,147,1,66.8345,15.3993,69.8318,83.7,52.84
204,147,1,66.5348,15.4828,70.1544,86.51,51.43
205,147,1,66.3831,15.5031,70.2468,86.89,50.79
206,147,0,0,0,0,0,51.13
207,147,0,0,0,0,0,50.21
208,147,0,0,0,0,0,50.81
209,147,0,0,0,0,0,51.64
210,147,1,255.536,32.8071,23.3088,86.37,51.08
211,147,1,254.571,32.8727,24.3433,77.53,53.19
212,147,1,255.534,32.7711,23.3691,89.12,54.17
213,147,1,255.643,32.6468,23.2599,88.92,54.43
214,147,1,255.272,32.8278,23.4578,91.46,55.96
215,147,1,255.405,32.8809,23.4281,93.85,56.17
216,147,1,255.537,32.8672,23.3326,92.08,54.48
217,147,1,255.415,32.8633,23.3797,88.46,55.83
218,147,1,255.518,32.8059,23.3318,95.13,56.34
219,147,1,255.469,32.6334,23.3487,88.57,57.16
220,147,1,255.595,32.8659,23.2609,95.99,56.23
221,147,1,255.704,32.673,23.2162,91.75,56.67
222,147,1,255.48,32.8595,23.3492,93.6,56.16
223,147,1,255.437,32.5962,23.3531,87.93,56.26
224,147,1,255.635,32.8262,23.2889,94.06,56.9
225,147,1,255.71,32.7133,23.1483,90.84,56.93
226,147,1,255.57,32.7149,23.3079,88.64,56.27
227,147,1,255.559,32.5804,23.1916,85.82,57.23
228,147,1,255.407,32.8737,23.3732,89.45,57.13
229,147,1,255.586,32.6648,23.2245,87.3,57.41
230,147,1,255.777,32.7418,23.2261,91.92,57.04
231,147,1,255.556,32.6459,23.2618,91.37,56.53
232,147,1,255.759,32.6739,23.1702,91.34,56.08
233,147,1,255.407,32.9084,23.394,92.44,56.9
234,147,1,255.565,32.6648,23.1604,86.09,56.63
235,147,1,255.538,32.8929,23.3094,91.56,57.06
236,147,1,255.556,32.8923,23.2868,92.68,57.6
237,147,1,255.436,32.8988,23.3249,88.18,56.82
238,147,1,255.565,32.8678,23.2864,92.46,56.1
239,147,1,255.415,32.8965,23.3526,89.68,55.78
240,147,1,255.531,32.7529,23.2558,90.01,56.92
241,147,1,255.53,32.6885,23.2569,88.39,57.3
242,147,1,255.708,32.7169,23.1573,91.77,56.51
243,147,1,255.491,32.9236,23.2811,89.67,56.79
244,147,1,255.776,32.8046,23.205,90.34,57.16
245,147,1,255.487,32.8987,23.2728,91.38,57.27
246,147,1,255.323,32.8868,23.438,91.03,56.72
247,147,1,255.361,32.8972,23.4211,92.69,56.37
248,147,1,255.366,32.8889,23.3453,92.84,56.35
249,147,1,255.432,32.8862,23.3818,89.91,56.57
250,147,1,255.552,32.7773,23.2737,89.18,56.68
251,147,1,255.522,32.9488,23.3036,92.16,57.57
252,147,1,255.594,32.814,23.2187,86.7,56.55
253,147,1,255.414,32.9042,23.3499,92.04,56.5
254,147,1,255.791,32.8645,23.2039,92.95,54.37
255,147,1,255.254,32.8101,23.2677,73.59,36.2
0,148,0,0,0,0,0,54.27
1,148,0,0,0,0,0,55.49
2,148,0,0,0,0,0,56.31
3,148,0,0,0,0,0,36.42
4,148,1,42.8656,39.4475,75.1008,85.71,50.16
5,148,1,42.725,39.4487,75.3187,86.49,57.38
6,148,1,42.7617,39.6796,75.1409,91.61,57.39
7,148,1,42.963,39.5027,74.997,90.99,58.28
8,148,1,42.8019,39.7038,75.1641,93.9,57.83
9,148,1,42.8079,39.4504,75.3268,88.62,59.16
10,148,1,42.7208,39.7439,75.2892,91.04,57.32
11,148,1,42.7626,39.4887,75.2407,88.75,58.34
12,148,1,42.5131,39.4608,75.5282,87.96,58.77
13,148,1,42.7478,39.498,75.1968,90.25,57.7
14,148,1,42.8691,39.5064,75.1595,91.55,57.55
15,148,1,42.5706,39.5287,75.4061,87.55,57.16
16,148,1,43.0089,39.5548,74.9162,93.9,57.85
17,148,1,42.6676,39.4909,75.2566,88.44,57.87
18,148,1,42.8925,39.7019,75.1518,94.35,57.62
19,148,1,42.8476,39.7127,75.1487,93.47,58.24
20,148,1,43.0854,39.5471,74.9134,92.15,57.88
21,148,1,42.9545,39.5456,74.9111,91.28,57.9
22,148,1,42.5821,39.5431,75.3961,88.48,58.38
23,148,1,42.6553,39.5457,75.3406,91.27,58.18
24,148,1,42.6667,39.5165,75.2099,88.9,58.74
25,148,1,42.7455,39.4861,75.2177,89.22,58.8
26,148,1,42.8942,39.701,75.1488,90.77,57.84
27,148,1,42.5312,39.7246,75.3671,90.78,58.04
28,148,1,42.9081,39.6529,75.2095,94.54,55.13
29,148,0,0,0,0,0,52.23
30,148,1,271.014,11.7218,76.8699,91.52,54.05
31,148,1,270.874,11.7129,76.929,92.68,54.24
32,148,1,270.862,11.7361,77.032,93,54.93
33,148,1,270.869,11.7329,76.988,92.07,55.74
34,148,1,270.925,11.6734,76.9933,93.14,54.02
35,148,1,270.978,11.7452,76.9494,93.52,54.91
36,148,1,270.73,11.7336,77.2346,89.87,53.55
37,148,0,0,0,0,0,48.86
38,148,1,290.471,12.514,62.6813,90.06,50.98
39,148,1,290.404,12.5052,62.7278,90.97,52.35
40,148,1,290.231,12.475,62.8063,92.28,51.47
41,148,1,290.313,12.5648,62.8164,95.53,53.57
42,148,1,290.362,12.5181,62.7157,91.93,53.94
43,148,1,290.363,12.496,62.6423,93.85,53.63
44,148,1,290.318,12.4959,62.7879,93.14,52.35
45,148,1,290.353,12.4963,62.7706,93.36,53.78
46,148,1,290.332,12.5061,62.7547,90.49,53.64
47,148,1,290.327,12.5243,62.7728,91.76,53.15
48,148,1,290.261,12.4982,62.8259,91.07,52.49
49,148,1,290.331,12.5214,62.8066,91.03,53.16
50,148,1,290.345,12.5499,62.8183,91.09,52.36
51,148,1,290.21,12.5289,62.9137,90.89,53.26
52,148,1,290.308,12.5021,62.7226,93.61,53.28
53,148,1,290.286,12.4884,62.7112,93.64,51.83
54,148,1,290.213,12.5435,62.8685,91.43,52.99
55,148,1,290.199,12.5198,62.812,92.01,53.42
56,148,1,290.388,12.5548,62.7292,92.15,53.1
57,148,1,290.354,12.5325,62.761,94.01,52.91
58,148,1,290.277,12.5259,62.7845,92.38,52.35
59,148,1,290.218,12.5113,62.7368,93.56,53.72
60,148,1,290.24,12.529,62.8578,91.84,53.33
61,148,1,290.28,12.5021,62.7666,92.74,54.13
62,148,1,290.217,12.4969,62.8516,92.72,52.66
63,148,1,290.249,12.5623,62.9137,91.48,53.93
64,148,1,290.216,12.5183,62.8294,91.12,52.37
65,148,1,290.28,12.5284,62.8521,90.01,52.8
66,148,1,290.275,12.5561,62.8901,91.76,53.69
67,148,1,290.217,12.5645,62.8665,89.35,53.09
68,148,1,290.172,12.5556,62.9437,88.81,53.31
69,148,1,290.21,12.5131,62.8537,94.84,52.89
70,148,1,290.208,12.5331,62.8582,90.44,52.95
71,148,1,290.194,12.5597,62.902,91.05,53.26
72,148,1,290.266,12.5676,62.8555,91.97,52.91
73,148,1,290.15,12.5658,62.9102,92.08,53.02
74,148,1,290.115,12.5615,62.9623,91.38,52.6
75,148,1,289.906,12.569,63.0979,91.46,54.41
76,148,1,290.15,12.5569,62.9768,89.92,52.91
77,148,1,290.574,12.584,62.6113,89.64,52.42
78,148,0,0,0,0,0,52.46
79,148,1,155.256,38.6521,51.4672,91.23,55.95
80,148,1,155.305,38.6503,51.4771,93.77,55.35
81,148,1,155.383,38.6535,51.4411,91.96,56.35
82,148,1,155.197,38.6649,51.5055,91.32,56.03
83,148,1,155.402,38.6534,51.4418,92.5,55.36
84,148,1,155.252,38.6522,51.4742,91.33,55.94
85,148,1,155.325,38.6624,51.4464,92.69,56.69
86,148,1,155.324,38.6548,51.4791,90.25,56.61
87,148,1,155.535,38.6425,51.4061,92.52,56.99
88,148,1,155.337,38.6457,51.4537,91.88,55.99
89,148,1,155.278,38.6674,51.464,90.83,56.81
90,148,1,155.342,38.6565,51.4175,93.43,56.71
91,148,1,155.282,38.6589,51.4565,91.74,56.32
92,148,1,155.366,38.6431,51.4363,93.04,56.43
93,148,1,155.435,38.5898,51.3965,92.03,56.5
94,148,1,155.416,38.6486,51.3866,93.02,57.4
95,148,1,155.589,38.5768,51.3209,92.86,56.7
96,148,1,155.318,38.6459,51.4241,90.15,56.6
97,148,1,155.234,38.6294,51.4244,93.43,56.91
98,148,1,155.32,38.632,51.4198,92,57.16
99,148,1,155.315,38.6468,51.3984,89.73,55.73
100,148,1,155.262,38.6364,51.4011,92.29,54.98
101,148,1,45.6071,19.4844,11.4273,93.27,56.03
102,148,1,45.6275,19.4684,11.4927,95.2,58.12
103,148,1,45.5804,19.4555,11.5024,94.88,57.54
104,148,1,45.6054,19.4652,11.4615,95.91,57.14
105,148,1,45.5919,19.4832,11.4975,95.79,57.36
106,148,1,45.6751,19.4424,11.4195,94.65,57.3
107,148,1,45.5511,19.4701,11.4979,95.48,57.39
108,148,1,45.7044,19.4251,11.406,94.76,58.06
109,148,1,45.3376,18.9902,11.7097,75.72,57.79
110,148,1,45.567,19.4706,11.4823,95.64,57.68
111,148,1,45.548,19.4754,11.4653,93.83,57.95
112,148,1,45.5919,19.3939,11.6137,94.74,57.6
113,148,1,45.4988,19.3954,11.6096,87.31,57.94
114,148,1,45.498,19.4784,11.4969,92.68,58.21
115,148,1,45.4518,19.4681,11.5587,94.12,57.41
116,148,1,45.5833,19.4454,11.5439,94.12,57.58
117,148,1,45.561,19.4272,11.6068,94.16,58.16
118,148,1,45.4521,19.4523,11.6033,87.25,57.83
119,148,1,45.489,19.4554,11.5927,94.42,57.87
120,148,1,45.5462,19.4822,11.3687,86.51,57.32
121,148,1,45.5364,19.3902,11.5721,86.03,57.9
122,148,1,45.3903,19.4002,11.6731,86.23,58.38
123,148,1,45.6032,19.4077,11.5182,92.73,58.36
124,148,1,45.9755,19.0894,11.0788,84.82,57.95
125,148,1,45.6472,19.4039,11.4558,92.49,57.54
126,148,1,45.495,19.4307,11.6205,93.22,57.07
127,148,1,45.5473,19.4245,11.5572,95.56,58.4
128,148,1,45.2584,18.9824,11.7639,74.2,58.68
129,148,1,45.4422,19.43,11.628,94.16,57.07
130,148,1,45.3821,19.3879,11.7424,88.25,57.92
131,148,1,45.4534,19.4579,11.5051,88.85,57.5
132,148,1,45.4293,19.4293,11.6848,94.91,58.63
133,148,1,45.5001,19.4039,11.5468,86.57,58.7
134,148,1,45.4705,19.4508,11.5547,93.45,57.54
135,148,1,45.5829,19.3965,11.641,95.38,57.76
136,148,1,45.4734,19.4367,11.5878,94.57,58.04
137,148,1,45.3645,19.4087,11.6983,88.38,58.37
138,148,1,45.4754,19.4082,11.5584,93.64,57.83
139,148,1,45.3143,19.3733,11.7628,86.7,58.57
140,148,1,45.3433,19.3969,11.7817,86.69,58.57
141,148,1,45.5242,19.3894,11.6406,94.91,58.04
142,148,1,45.43,19.4364,11.5354,94.11,57.98
143,148,1,45.4674,19.4397,11.5552,96.25,57.78
144,148,1,45.5029,19.4255,11.5906,94.28,57.83
145,148,1,45.4648,19.4068,11.615,92.18,58.41
146,148,1,45.3404,19.438,11.7404,95.45,57.7
147,148,1,46.6826,19.0077,10.4295,71.24,59.06
148,148,1,45.3189,19.4894,11.5338,88.85,57.57
149,148,1,45.4647,19.3848,11.7324,93.62,57.72
150,148,1,45.5169,19.3746,11.5828,93.96,57.14
151,148,1,45.5003,19.3927,11.586,92.67,58.26
152,148,1,45.2861,19.3659,11.7723,94.4,58.12
153,148,1,45.5045,19.3956,11.5921,92.95,57.96
154,148,1,45.108,18.9399,11.8167,76.46,58.58
155,148,1,45.4174,19.4115,11.6351,93.8,58.14
156,148,1,45.2405,19.3561,11.831,87.46,59.36
157,148,1,45.4028,19.3968,11.6089,92.9,58.64
158,148,1,45.3478,19.3933,11.7477,95.51,57.9
159,148,1,45.6481,18.9857,11.4181,84.01,58.14
160,148,1,45.3488,19.3941,11.747,95.37,58.17
161,148,1,45.1214,18.9137,11.8836,77.43,58.46
162,148,1,45.3251,19.4021,11.7059,95.57,57.66
163,148,1,45.3922,19.3773,11.6791,94,58.8
164,148,1,45.2469,19.3395,11.8834,91.01,54.7
165,148,1,155.386,38.6225,51.2503,91.08,54.11
166,148,1,155.416,38.6192,51.2253,91.45,56.05
167,148,1,155.401,38.5932,51.2149,90.86,56.75
168,148,1,155.407,38.6062,51.2242,90.99,57.19
169,148,1,155.425,38.5851,51.2533,91.94,56.4
170,148,1,155.32,38.6006,51.2576,92.4,55.94
171,148,1,155.418,38.6037,51.2194,90.82,56.36
172,148,1,155.497,38.6023,51.2113,92.04,57.3
173,148,1,155.453,38.5844,51.1894,91.62,56.65
174,148,1,155.394,38.5927,51.2264,91.72,56.76
175,148,1,155.504,38.5908,51.1669,91.25,56.65
176,148,1,155.428,38.5956,51.1697,90.48,56.25
177,148,1,155.504,38.6059,51.1064,90.31,56.59
178,148,1,155.571,38.5895,51.1167,91.26,57.28
179,148,1,155.539,38.5565,51.1349,91.2,56.56
180,148,1,155.508,38.5543,51.1552,91.13,55.96
181,148,1,155.504,38.5763,51.1642,90.67,55.98
182,148,0,0,0,0,0,51.95
183,148,1,329.731,26.2295,32.4154,91.01,47.86
184,148,1,329.61,26.2549,32.4659,79.62,49.35
185,148,1,160.8,22.2146,57.0224,90.17,53.8
186,148,1,160.755,22.1865,57.0268,92.31,55.6
187,148,1,160.721,22.1882,57.0464,89.78,56.69
188,148,1,161.027,22.1785,56.9191,92.91,56.16
189,148,1,160.898,22.1821,56.9422,88.57,54.89
190,148,1,160.874,22.2071,56.9771,92.75,55.83
191,148,1,161.052,22.1779,56.8671,89.48,54.7
192,148,0,0,0,0,0,50.1
193,148,1,66.5989,15.4853,70.0359,86.6,52.6
194,148,1,66.7183,15.4642,70.0165,92.68,52.23
195,148,1,66.7266,15.3765,69.9086,84.13,53.63
196,148,1,66.9017,15.3857,69.8128,93.68,52.86
197,148,1,66.7886,15.4657,69.8375,94.37,52.57
198,148,1,66.6869,15.4567,69.9105,84.33,53.28
199,148,1,66.7404,15.4401,69.9069,93.66,54.09
200,148,1,66.8091,15.4001,69.817,93.86,53.35
201,148,1,66.7369,15.4546,69.9953,91.75,54.21
202,148,1,66.4352,15.4964,70.1822,83.62,53.13
203,148,1,66.7193,15.4341,69.9922,93.66,54.58
204,148,1,66.646,15.4842,69.9874,94,53.74
205,148,1,66.8627,15.3548,69.8338,84.73,53.16
206,148,1,66.6795,15.4349,69.9031,86.19,52.78
207,148,1,66.7504,15.4092,69.8848,84.64,51.89
208,148,1,66.5758,15.4881,70.0224,92.49,51.33
209,148,1,66.3054,15.5222,70.3979,83.75,51.53
210,148,1,66.5006,15.4794,70.1658,84.59,50.42
211,148,0,0,0,0,0,50.83
212,148,0,0,0,0,0,49.78
213,148,0,0,0,0,0,50.72
214,148,1,254.198,33.3372,24.8613,60.94,51.74
215,148,1,255.54,32.7077,23.3935,86.59,52.38
216,148,1,255.542,32.8387,23.3303,92.03,53.06
217,148,1,254.765,32.8926,24.0334,76.57,54.32
218,148,1,255.43,32.8578,23.457,92.99,54.43
219,148,1,255.477,32.6454,23.3358,91.35,56.03
220,148,1,255.405,32.8221,23.3872,92.89,56.12
221,148,1,255.545,32.8285,23.3053,92.52,56.82
222,148,1,255.727,32.7534,23.2062,91.97,56.66
223,148,1,255.588,32.7439,23.3342,91.2,56.33
224,148,1,255.468,32.8505,23.3246,88.61,55.5
225,148,1,255.661,32.6789,23.2309,89.25,56.92
226,148,1,255.767,32.715,23.2229,90.87,56.02
227,148,1,255.476,32.586,23.29,88.11,56.11
228,148,1,255.562,32.6085,23.2511,88.96,56.8
229,148,1,255.684,32.7041,23.2496,87.85,56.2
230,148,1,255.552,32.9277,23.2986,91.44,57.01
231,148,1,255.346,32.7292,23.3881,92.97,56.59
232,148,1,255.55,32.6729,23.2778,88.99,56.51
233,148,1,255.414,32.869,23.3901,94.18,57.49
234,148,1,255.581,32.771,23.2651,90.78,55.87
235,148,1,255.558,32.8441,23.3053,92.54,56.47
236,148,1,255.431,32.886,23.3265,87.79,56.84
237,148,1,255.49,32.7497,23.2963,91.14,56.05
238,148,1,255.586,32.647,23.292,91.01,56.94
239,148,1,255.556,32.9221,23.3371,95.29,55.41
240,148,1,255.514,32.9572,23.3826,91.29,56.39
241,148,1,255.579,32.9234,23.2598,90.95,56.3
242,148,1,255.556,32.8986,23.2561,92.57,56.59
243,148,1,255.514,32.9196,23.31,88.17,57.52
244,148,1,255.393,32.9128,23.3955,92.54,57.04
245,148,1,255.739,32.8085,23.186,88.03,56.95
246,148,1,255.492,32.8818,23.3253,91.69,57.47
247,148,1,255.49,32.69,23.3009,88.71,56.91
248,148,1,255.553,32.9218,23.2751,91.9,57.16
249,148,1,255.786,32.9589,23.2191,91.2,57.19
250,148,1,255.743,32.8193,23.2086,92.92,56.52
251,148,1,255.669,32.8022,23.2373,90.19,56.14
252,148,1,255.639,32.9428,23.2706,93.21,56.26
253,148,1,255.541,32.9121,23.322,92.84,56.19
254,148,1,255.327,32.937,23.441,95.84,52.91
255,148,1,255.714,32.9299,23.1844,81.79,36.26
0,149,0,0,0,0,0,55.19
1,149,0,0,0,0,0,54.07
2,149,0,0,0,0,0,54.07
3,149,0,0,0,0,0,60.54
4,149,1,42.647,39.4774,75.2506,90.41,51.41
5,149,1,42.9424,39.5082,74.9271,92.06,56.95
6,149,1,42.7913,39.4873,75.2108,90.16,58.19
7,149,1,42.804,39.4537,75.3032,91.38,57.77
8,149,1,42.5859,39.5357,75.4111,89.99,57.9
9,149,1,42.4322,39.4999,75.4624,86.52,58.55
10,149,1,42.7552,39.4952,75.2086,88.2,57.79
11,149,1,42.6566,39.4749,75.3352,87.15,57.9
12,149,1,42.7356,39.4932,75.2097,90.17,57.88
13,149,1,43.079,39.5613,74.9109,91.28,58.42
14,149,1,42.7877,39.5178,75.2183,90.68,57.79
15,149,1,42.7545,39.4987,75.2311,89.41,58.58
16,149,1,42.5189,39.529,75.425,86.64,58.74
17,149,1,42.8684,39.6911,75.1661,93.93,57.44
18,149,1,42.8503,39.6957,75.1036,93.73,57.7
19,149,1,42.8759,39.7013,75.1287,94.45,58.77
20,149,1,42.9642,39.533,74.986,91.63,58
21,149,1,42.7418,39.504,75.2259,88.97,57.59
22,149,1,42.5817,39.5346,75.3595,88.78,57.95
23,149,1,43.0181,39.5455,74.9243,91.68,58.73
24,149,1,42.835,39.7098,75.12,93.24,57.75
25,149,1,42.682,39.4724,75.2774,86.81,58.49
26,149,1,42.8061,39.6906,75.1871,91.32,57.4
27,149,1,42.9126,39.6673,75.2115,93.24,58.2
28,149,1,42.728,39.7051,75.1452,94.47,56.54
29,149,0,0,0,0,0,52.68
30,149,1,271.03,11.7243,76.9277,93.67,53.75
31,149,1,271.035,11.7109,76.8615,94.75,54.12
32,149,1,270.832,11.7415,77.0059,86.54,54.54
33,149,1,270.938,11.6974,76.8479,91.77,54.07
34,149,1,271.012,11.7486,76.9505,93.42,55.47
35,149,1,270.88,11.6745,76.9178,93.27,54.21
36,149,1,270.806,11.7101,77.0469,88.98,52.74
37,149,1,290.498,12.4627,62.5646,90.01,50.35
38,149,1,290.344,12.5391,62.8064,92.12,52.8
39,149,1,290.403,12.5058,62.6779,91.56,53.3
40,149,1,290.318,12.5051,62.813,91.65,53.68
41,149,1,290.298,12.4945,62.8529,91.3,53.16
42,149,1,290.359,12.5188,62.7558,91.47,52.74
43,149,1,290.369,12.5022,62.7326,92.63,51.85
44,149,1,290.258,12.4784,62.7018,93.46,53.05
45,149,1,290.292,12.5266,62.8272,95.2,53.64
46,149,1,290.251,12.5033,62.8166,91.35,53.47
47,149,1,290.277,12.5106,62.7522,89.91,53.12
48,149,1,290.304,12.5212,62.8052,93.74,53.37
49,149,1,290.335,12.4924,62.7345,92.73,52.52
50,149,1,290.332,12.5291,62.7291,93.1,53.23
51,149,1,290.298,12.4989,62.807,93.62,53.5
52,149,1,290.066,12.5286,63.0776,93.62,53.14
53,149,1,290.259,12.5382,62.7946,93,52.92
54,149,1,290.234,12.5013,62.8161,92.69,53.29
55,149,1,290.256,12.5385,62.9019,90.24,52.74
56,149,1,290.288,12.5369,62.7477,90.02,52.95
57,149,1,290.297,12.5399,62.7571,91.29,53.28
58,149,1,290.246,12.5587,62.889,94.6,53.75
59,149,1,290.256,12.5138,62.7902,92.61,52.71
60,149,1,290.29,12.5362,62.862,92.18,53.29
61,149,1,290.247,12.5308,62.8426,93.32,53.59
62,149,1,290.376,12.5718,62.8455,92.44,53.18
63,149,1,290.428,12.5636,62.6893,91.69,52.71
64,149,1,290.23,12.5353,62.8849,91.99,52.59
65,149,1,290.217,12.538,62.8594,90.35,53.37
66,149,1,290.206,12.5155,62.8587,91.32,52.77
67,149,1,290.279,12.524,62.7725,90.94,53.38
68,149,1,290.315,12.5852,62.8366,92.3,52.69
69,149,1,290.325,12.5625,62.855,92.19,52.59
70,149,1,290.184,12.5482,62.8069,91.49,53.37
71,149,1,290.096,12.5354,62.9397,90.65,53.12
72,149,1,290.168,12.5631,62.9827,90.75,53.13
73,149,1,290.049,12.5721,63.0459,94.06,53.7
74,149,1,290.193,12.5598,62.8613,93.92,53.18
75,149,1,289.992,12.5888,63.1539,94.49,53.03
76,149,1,290.105,12.524,63.0735,89.97,52.74
77,149,0,0,0,0,0,53.44
78,149,1,155.295,38.6345,51.5245,91.33,54.53
79,149,1,155.326,38.6386,51.4708,92.96,56.01
80,149,1,155.227,38.6349,51.4671,92.24,55.34
81,149,1,155.28,38.6326,51.4899,93.09,56.4
82,149,1,155.381,38.6587,51.4472,92.29,56.58
83,149,1,155.392,38.6555,51.4271,92.51,56.46
84,149,1,155.191,38.6631,51.5148,93.36,55.78
85,149,1,155.406,38.6692,51.4383,91.3,55.91
86,149,1,155.33,38.6358,51.4338,93.64,56.67
87,149,1,155.245,38.6515,51.4723,94.21,55.55
88,149,1,155.372,38.6301,51.4294,95.51,56.58
89,149,1,155.369,38.6622,51.4349,92.61,57.18
90,149,1,155.334,38.6509,51.4603,94.74,57.35
91,149,1,155.297,38.6495,51.4292,91.98,56.03
92,149,1,155.457,38.6457,51.3792,92.18,56.5
93,149,1,155.332,38.6572,51.4324,90.75,56
94,149,1,155.478,38.6443,51.3597,97.46,57.34
95,149,1,155.255,38.647,51.4365,90.45,56.91
96,149,1,155.443,38.642,51.4001,93.17,57.04
97,149,1,155.398,38.6277,51.3813,93.4,56.8
98,149,1,155.343,38.6217,51.4134,90.7,56.52
99,149,1,155.398,38.6304,51.4104,93.96,56.95
100,149,1,155.2,38.6303,51.4188,82.21,54.02
101,149,1,45.6414,19.4838,11.4486,95.46,55.97
102,149,1,45.6189,19.4477,11.564,94.95,56.43
103,149,1,45.6114,19.4745,11.4761,94.38,57.65
104,149,1,45.6794,19.426,11.4299,93.49,58.12
105,149,1,46.1082,19.0731,10.9828,82.95,57.81
106,149,1,45.5996,19.4562,11.4651,92.51,57.5
107,149,1,45.6567,19.4071,11.48,86.8,58.4
108,149,1,45.6329,19.4487,11.4613,93.69,58.56
109,149,1,45.5389,19.4712,11.5472,93.19,57.84
110,149,1,45.5783,19.4688,11.4891,97.16,57.88
111,149,1,45.2042,19.0315,11.889,85,58.27
112,149,1,45.5552,19.4631,11.4922,94.91,57.52
113,149,1,45.5323,19.5054,11.3508,90.33,57.85
114,149,1,45.4979,19.4643,11.5123,93.96,57.75
115,149,1,45.4051,19.3806,11.7758,92.71,58.27
116,149,1,45.5319,19.4521,11.4758,97.31,57.84
117,149,1,45.4476,19.428,11.6169,88.27,58.78
118,149,1,45.6421,19.4218,11.5381,94.03,58
119,149,1,45.6549,19.4176,11.4704,93.97,58.68
120,149,1,45.4802,19.3954,11.7622,85.16,58.37
121,149,1,45.533,19.4289,11.5461,95.53,57.69
122,149,1,45.536,19.4456,11.4887,94.92,57.89
123,149,1,45.241,18.9901,11.676,76.06,57.96
124,149,1,45.5828,19.4759,11.4589,93.09,58.34
125,149,1,45.4154,19.413,11.6266,87.3,57.74
126,149,1,45.4317,19.4366,11.6758,88.44,58.65
127,149,1,45.467,19.4329,11.6694,93.97,58.32
128,149,1,45.3619,19.5184,11.5172,88.32,57.1
129,149,1,45.4216,19.4682,11.5891,92.02,58.27
130,149,1,45.5145,19.4387,11.6342,94.41,58.11
131,149,1,45.4161,19.397,11.69,88.03,58.26
132,149,1,45.4836,19.404,11.5503,89.45,58.5
133,149,1,45.5067,19.4361,11.5709,93.63,57.2
134,149,1,45.424,19.45,11.5821,94.44,57.29
135,149,1,45.3415,19.3859,11.719,86.36,58.26
136,149,1,45.4382,19.3803,11.7078,85.95,58.91
137,149,1,45.4247,19.3943,11.6503,95.03,58.88
138,149,1,45.3836,19.3946,11.6987,87.47,58.32
139,149,1,45.5112,19.4318,11.5389,95.75,57.42
140,149,1,45.4459,19.4092,11.7125,92.2,57.42
141,149,1,45.4353,19.402,11.6895,87.2,59.19
142,149,1,45.4917,19.393,11.5567,93.37,57.67
143,149,1,45.3834,19.3846,11.6344,84.41,58.56
144,149,1,45.4024,19.3563,11.6743,86.99,58.55
145,149,1,45.5387,19.3993,11.4877,94.26,58.6
146,149,1,45.389,19.4298,11.6305,95.45,57.85
147,149,1,45.4948,19.3729,11.6522,93.48,58.03
148,149,1,45.5041,19.391,11.5922,93.43,58.03
149,149,1,45.1405,18.9523,11.83,77.1,58.46
150,149,1,45.507,19.3949,11.5433,95.34,57.92
151,149,1,45.3307,19.3459,11.7742,86.77,58.06
152,149,1,45.2961,19.3607,11.7901,93.63,57.77
153,149,1,45.3417,19.4104,11.6374,87.27,58.62
154,149,1,45.4806,19.3918,11.6049,94.26,57.86
155,149,1,45.323,19.3785,11.7577,85.49,58.72
156,149,1,45.5003,19.3708,11.5816,95.27,57.58
157,149,1,45.4562,19.3772,11.7223,97.33,58.1
158,149,1,45.4837,19.369,11.6257,94.65,58.64
159,149,1,45.3328,19.3768,11.7582,95.9,57.4
160,149,1,45.4196,19.4077,11.6059,95.97,58.78
161,149,1,45.4192,19.3703,11.6409,94.23,58.01
162,149,1,45.3982,19.3785,11.7204,94.69,57.01
163,149,1,45.23,19.3501,11.8061,88.02,58.2
164,149,1,45.2959,19.3246,11.9061,92.44,55.5
165,149,1,155.388,38.605,51.2572,89.15,53.95
166,149,1,155.501,38.6005,51.205,90.8,56.12
167,149,1,155.461,38.5959,51.2094,93.86,56.06
168,149,1,155.463,38.6084,51.224,92.31,56.83
169,149,1,155.369,38.6121,51.2396,91.85,56.2
170,149,1,155.442,38.5993,51.2095,91.79,56.11
171,149,1,155.433,38.6091,51.1956,89.18,55.67
172,149,1,155.379,38.6179,51.2245,90.55,56.9
173,149,1,155.5,38.5994,51.1757,92.62,56.73
174,149,1,155.502,38.5885,51.1673,94.23,56.98
175,149,1,155.558,38.5833,51.1369,95.06,58.31
176,149,1,155.496,38.6169,51.1529,90.02,56.79
177,149,1,155.572,38.6134,51.119,90.95,57.25
178,149,1,155.603,38.5778,51.0936,91.95,56.15
179,149,1,155.466,38.5784,51.1665,95.14,56.74
180,149,1,155.473,38.5682,51.153,91.3,57.21
181,149,1,155.471,38.5668,51.1872,91,56.45
182,149,1,155.398,38.5734,51.1548,87,53.73
183,149,0,0,0,0,0,47.54
184,149,0,0,0,0,0,50.42
185,149,1,160.949,22.2129,56.9335,90.51,54.99
186,149,1,160.739,22.1739,57.0692,93.42,55.45
187,149,1,160.916,22.1823,56.9665,88.92,56.1
188,149,1,160.798,22.1921,56.9969,90.9,55.87
189,149,1,161.065,22.1656,56.8734,86.45,55.9
190,149,1,161.077,22.162,56.9018,88.18,56.19
191,149,1,160.994,22.1897,56.894,89.44,55.43
192,149,1,161.097,22.1945,56.7319,81.22,50.28
193,149,1,66.7223,15.4934,69.8604,91.06,50.99
194,149,1,66.8407,15.4117,69.9182,85.55,52.98
195,149,1,66.9025,15.3905,69.7381,88.25,53
196,149,1,66.6583,15.4541,70.0479,87.7,53.23
197,149,1,66.5156,15.4937,70.0663,92.38,53.26
198,149,1,66.6191,15.4762,70.0296,93.4,53.17
199,149,1,66.78,15.4298,69.9581,91.43,54.55
200,149,1,66.9332,15.3964,69.7483,92.88,53.58
201,149,1,66.8295,15.4068,69.7605,92.26,53.6
202,149,1,66.7096,15.413,69.9322,85.19,52.95
203,149,1,66.8453,15.3943,69.7786,93.64,53.19
204,149,1,66.6618,15.4215,69.9129,93.44,54.09
205,149,1,66.6748,15.4398,70.0198,94.06,54.2
206,149,1,66.7964,15.412,69.828,91.5,53
207,149,1,66.7043,15.4294,69.9875,93.89,52.8
208,149,1,66.6109,15.457,70.0328,93.82,52.9
209,149,1,66.7036,15.4567,70.0107,94.19,53.21
210,149,1,66.7252,15.4325,70.0244,91.96,51.88
211,149,1,66.721,15.4132,69.956,92.66,51.58
212,149,1,66.7059,15.4123,69.9709,93.93,51.34
213,149,0,0,0,0,0,51.22
214,149,1,66.3184,15.4727,70.3294,84.82,51.18
215,149,0,0,0,0,0,50.91
216,149,0,0,0,0,0,50.47
217,149,0,0,0,0,0,50.66
218,149,1,255.334,32.8421,23.4512,80.48,51.97
219,149,1,255.388,32.8356,23.4136,85.08,52.5
220,149,1,255.543,32.7125,23.3296,87.96,54.3
221,149,1,255.563,32.9015,23.3919,93.05,54
222,149,1,255.5,32.8766,23.3855,93.57,54.09
223,149,1,255.578,32.6497,23.2725,90.2,55.46
224,149,1,255.667,32.7329,23.2181,87.48,55.81
225,149,1,255.318,32.8424,23.4051,93.03,55.67
226,149,1,255.588,32.9067,23.3089,92.78,56.58
227,149,1,255.412,32.824,23.3548,91.18,55.56
228,149,1,255.506,32.8312,23.3524,90,57.28
229,149,1,255.386,32.8633,23.3801,91.1,56.86
230,149,1,255.498,32.8915,23.3092,91.18,56.87
231,149,1,255.453,32.7439,23.3162,88.11,56.88
232,149,1,255.575,32.7273,23.3152,87.94,56.81
233,149,1,255.391,32.8771,23.3575,89.09,56.51
234,149,1,255.59,32.9376,23.333,92.97,56.11
235,149,1,255.76,32.776,23.1586,90.24,56.74
236,149,1,255.732,32.754,23.2058,91.79,56.55
237,149,1,255.546,32.7309,23.2903,87.61,56.34
238,149,1,255.508,32.6421,23.2987,88.15,56.67
239,149,1,255.572,32.7168,23.2043,89.39,56.69
240,149,1,255.497,32.9462,23.3689,91.8,56.55
241,149,1,255.56,32.5966,23.1856,83.82,57.08
242,149,1,255.704,32.9383,23.2438,95.12,57.39
243,149,1,255.414,32.8997,23.2938,93.08,57.41
244,149,1,255.627,32.7649,23.2084,92.71,55.79
245,149,1,255.487,32.8935,23.3046,91.47,56.36
246,149,1,255.457,32.9315,23.4025,90.26,56.83
247,149,1,255.464,32.8838,23.3167,92.2,57.19
248,149,1,255.446,32.9129,23.3787,92.69,56.71
249,149,1,255.577,32.9124,23.2747,89.59,56.91
250,149,1,255.58,32.8926,23.3712,92.92,56.94
251,149,1,255.61,32.7497,23.2735,90.27,56.52
252,149,1,255.553,32.6873,23.2962,90.57,56.71
253,149,1,255.412,32.6196,23.327,83.73,55.99
254,149,1,255.414,32.9587,23.4108,89.85,52.31
255,149,0,0,0,0,0,57.33
0,150,0,0,0,0,0,53.58
1,150,0,0,0,0,0,53.36
2,150,0,0,0,0,0,52.54
3,150,1,42.97,39.6802,75.0714,83.3,36.88
4,150,1,43.0617,39.5646,74.793,89.62,54.26
5,150,1,43.0855,39.558,74.864,92.17,57.48
6,150,1,42.7784,39.5331,75.1695,89.73,56.6
7,150,1,43.0731,39.5651,74.9209,89.92,57.3
8,150,1,42.5758,39.5863,75.4129,89.81,57.56
9,150,1,42.9019,39.7397,75.1527,94.94,57.77
10,150,1,42.8682,39.7139,75.126,91.91,57.31
11,150,1,42.8154,39.5355,75.1424,91.06,57.92
12,150,1,42.8506,39.5187,75.1414,89.69,57.82
13,150,1,42.8243,39.5166,75.197,90.93,58.05
14,150,1,43.075,39.5221,74.9176,90.75,58.41
15,150,1,42.8494,39.5498,75.1475,89.83,58.22
16,150,1,42.9037,39.7101,75.0279,95.61,57.48
17,150,1,42.8566,39.5188,75.1349,90.23,58.04
18,150,1,42.5341,39.5584,75.4151,86.29,58.15
19,150,1,42.969,39.5509,74.942,91.44,57.27
20,150,1,42.8139,39.7105,75.1607,94.61,58.03
21,150,1,42.5001,39.5293,75.405,90.1,57.44
22,150,1,42.7403,39.5106,75.1662,88.68,58.76
23,150,1,42.6527,39.4857,75.2714,91.62,58.32
24,150,1,42.8427,39.7028,75.1468,93.89,58.61
25,150,1,42.8354,39.7014,75.155,94.79,57.67
26,150,1,42.8099,39.7383,75.2626,92.83,58.07
27,150,1,42.8973,39.5156,74.9723,90.8,58.59
28,150,1,42.5819,39.459,75.3356,86.8,57.81
29,150,1,42.8679,39.7145,75.1603,91.69,55.05
30,150,1,270.797,11.6839,76.952,85.16,52.62
31,150,1,270.953,11.6956,76.8715,95.14,53.69
32,150,1,270.865,11.6976,76.9346,92.12,53.6
33,150,1,271.122,11.7619,76.7548,92.98,54.43
34,150,1,270.822,11.6667,76.911,93.43,54.41
35,150,1,270.924,11.7485,76.9516,94.34,55.68
36,150,1,270.725,11.6566,77.186,87.05,50.6
37,150,1,290.314,12.4477,62.7474,91.94,51.1
38,150,1,290.323,12.4678,62.6948,92.81,52.27
39,150,1,290.368,12.4991,62.8085,89.21,52.06
40,150,1,290.352,12.4723,62.7403,92.84,53.28
41,150,1,290.209,12.4836,62.8004,90.38,52.48
42,150,1,290.256,12.4878,62.8395,92.24,52
43,150,1,290.259,12.4916,62.868,92.4,52.66
44,150,1,290.204,12.5029,62.9034,93.31,53.37
45,150,1,290.256,12.5029,62.874,90.44,53.27
46,150,1,290.309,12.5169,62.7738,94.1,53.13
47,150,1,290.26,12.5729,62.9283,85.45,53.95
48,150,1,290.228,12.4922,62.8419,92.32,52.12
49,150,1,290.358,12.5417,62.7919,93.21,53.11
50,150,1,290.314,12.5142,62.7049,92.77,52.81
51,150,1,290.331,12.5133,62.6693,92.53,53.64
52,150,1,290.191,12.4838,62.8448,92.13,52.36
53,150,1,290.255,12.5004,62.8019,92.5,53.14
54,150,1,290.208,12.5448,62.9113,92.15,53.3
55,150,1,290.289,12.5125,62.7769,93.83,52.85
56,150,1,290.361,12.5426,62.8315,93.42,52.21
57,150,1,290.28,12.5103,62.8937,90.17,52.17
58,150,1,290.15,12.5471,62.9482,92.56,53.17
59,150,1,290.21,12.5257,62.7662,92.41,53.07
60,150,1,290.25,12.518,62.8879,91.06,53.04
61,150,1,290.215,12.5271,62.8652,91.28,53.15
62,150,1,290.168,12.5484,62.8497,91.71,53.34
63,150,1,290.26,12.5255,62.7372,91.96,53.22
64,150,1,290.198,12.5548,62.9138,91.32,52.91
65,150,1,290.227,12.5467,62.947,91.22,52.32
66,150,1,290.235,12.5458,62.8405,93.51,53.04
67,150,1,290.166,12.5302,62.8636,93.11,52.75
68,150,1,290.206,12.5399,62.9331,92.18,52
69,150,1,290.212,12.5565,62.9164,91.1,53.15
70,150,1,290.008,12.5658,63.107,94.39,53.68
71,150,1,290.185,12.5879,62.9587,93.05,53.48
72,150,1,290.179,12.5598,62.8986,92.94,54.13
73,150,1,290.074,12.5882,62.9968,90.37,53.49
74,150,1,290.165,12.5491,62.929,91.17,53.06
75,150,1,290.131,12.5658,62.9647,88.7,51.94
76,150,0,0,0,0,0,53.06
77,150,1,155.285,38.6215,51.4781,89.79,54.4
78,150,1,155.188,38.6407,51.5169,93.1,56.72
79,150,1,155.298,38.6308,51.4902,93.88,55.81
80,150,1,155.321,38.6457,51.4828,93.03,56.08
81,150,1,155.309,38.656,51.4728,89.95,56.11
82,150,1,155.309,38.6615,51.473,91.06,56.09
83,150,1,155.408,38.6487,51.43,91.11,55.54
84,150,1,155.246,38.6662,51.4859,87.58,56.43
85,150,1,155.37,38.6457,51.462,92.87,56.55
86,150,1,155.269,38.6418,51.4733,91.27,56.09
87,150,1,155.316,38.6445,51.4589,91.14,56.39
88,150,1,155.322,38.6574,51.4503,91.54,56.4
89,150,1,155.258,38.6445,51.4497,92.74,56.39
90,150,1,155.285,38.6641,51.4517,91.3,56.89
91,150,1,155.345,38.6594,51.443,92.73,56.23
92,150,1,155.317,38.6508,51.4572,95.12,55.84
93,150,1,155.197,38.6486,51.4715,91.03,56.31
94,150,1,155.348,38.6408,51.4528,92.71,56.01
95,150,1,155.333,38.6548,51.4305,93.5,56.15
96,150,1,155.307,38.6412,51.4429,92.73,56.18
97,150,1,155.395,38.6365,51.3882,93.26,56.77
98,150,1,155.194,38.647,51.4443,93.62,56.85
99,150,1,155.324,38.6481,51.4148,90.95,56.68
100,150,1,155.143,38.6461,51.4441,78.37,54.84
101,150,1,45.7366,19.4306,11.3943,95.5,56.01
102,150,1,45.6134,19.4696,11.4176,97.29,57.31
103,150,1,45.6647,19.4653,11.4582,94.8,57.38
104,150,1,45.5634,19.4631,11.5551,94.91,57.06
105,150,1,45.5588,19.4685,11.4529,94.01,58.39
106,150,1,45.5947,19.4548,11.5066,96.25,57.37
107,150,1,45.5047,19.4788,11.4719,94.18,57.67
108,150,1,45.559,19.4599,11.5062,93.83,57.45
109,150,1,45.5063,19.459,11.4656,88.29,58.04
110,150,1,45.5869,19.4634,11.4794,94.56,57.33
111,150,1,45.6438,19.4417,11.4549,97.53,58.06
112,150,1,45.5062,19.3942,11.6446,86.78,58.47
113,150,1,46.7997,19.0419,10.3011,74.26,57.74
114,150,1,45.5378,19.3805,11.5858,94.13,58.11
115,150,1,45.4877,19.4171,11.5921,89.03,58.25
116,150,1,45.6502,19.4207,11.4391,93.5,58.15
117,150,1,45.4042,19.4022,11.6787,86.07,58.57
118,150,1,45.4477,19.4217,11.5742,87.46,58.43
119,150,1,45.5439,19.4155,11.5697,86.46,58.71
120,150,1,45.5889,19.4507,11.43,93.24,57.19
121,150,1,45.5569,19.4265,11.5374,87.08,58.71
122,150,1,45.6332,19.4379,11.5018,92.97,57.28
123,150,1,45.4744,19.4233,11.6089,93.94,58.23
124,150,1,45.5106,19.4492,11.5524,96,58.35
125,150,1,45.41,19.3735,11.7126,86.86,58.77
126,150,1,45.5137,19.4399,11.6253,95.2,58.21
127,150,1,45.4731,19.438,11.6097,96.45,58.64
128,150,1,45.5472,19.3938,11.6383,87.36,58.43
129,150,1,45.5122,19.456,11.5886,96.02,57.37
130,150,1,45.3791,19.4458,11.6195,94.06,57.74
131,150,1,45.4343,19.3882,11.676,92.98,58.09
132,150,1,45.4885,19.4505,11.6107,94.75,57.53
133,150,1,45.3697,19.4047,11.7363,85.87,58.62
134,150,1,45.5034,19.4062,11.5434,87.33,58.44
135,150,1,45.6086,19.4042,11.567,94.81,57.51
136,150,1,45.4283,19.4208,11.7036,94.78,58.01
137,150,1,45.4907,19.4291,11.5296,93.58,57.42
138,150,1,45.4641,19.421,11.5911,95.65,57.25
139,150,1,45.4257,19.4453,11.4995,89.54,58.47
140,150,1,45.431,19.4102,11.7353,94.8,57.45
141,150,1,45.5653,19.3999,11.5532,95.45,57.6
142,150,1,45.5064,19.4017,11.6466,93.34,57.91
143,150,1,45.3948,19.4287,11.5875,94.13,57.97
144,150,1,45.3586,19.3688,11.7615,87,58.22
145,150,1,45.3057,19.5104,11.7172,88.02,58.3
146,150,1,45.3668,19.3766,11.8185,88.24,58.83
147,150,1,45.4193,19.3903,11.7143,95.98,57.54
148,150,1,45.447,19.3885,11.7013,92.84,57.76
149,150,1,45.3438,19.4302,11.6569,93.27,57.55
150,150,1,45.3553,19.423,11.6253,95.32,57.68
151,150,1,45.5161,19.3779,11.5845,96.48,57.87
152,150,1,45.3167,19.4632,11.6589,94.45,57.31
153,150,1,45.3456,19.3586,11.8169,87.84,58.28
154,150,1,45.332,19.3771,11.7464,86.6,58.18
155,150,1,45.4018,19.4118,11.6321,94.9,57.62
156,150,1,45.4147,19.398,11.6088,93.99,58.35
157,150,1,45.3694,19.4123,11.6274,94.32,57.65
158,150,1,45.3713,19.3681,11.7369,94.01,57.32
159,150,1,45.3841,19.341,11.7103,86.25,58.85
160,150,1,45.4557,19.3757,11.5994,92.91,58.53
161,150,1,45.4058,19.3993,11.6622,95.49,57.63
162,150,1,45.4136,19.3925,11.6899,95.09,56.81
163,150,1,45.2835,19.3991,11.7749,96.13,57.86
164,150,1,45.2832,19.3307,11.8113,93.06,56.46
165,150,1,155.392,38.6099,51.2373,82.79,54.11
166,150,1,155.357,38.602,51.2438,90.36,56.06
167,150,1,155.356,38.61,51.2622,92.84,56.22
168,150,1,155.434,38.6008,51.2235,92.71,56.03
169,150,1,155.41,38.6171,51.2349,93.06,56.76
170,150,1,155.386,38.6109,51.2112,93.3,56.41
171,150,1,155.358,38.6228,51.2466,91.27,56.44
172,150,1,155.416,38.6294,51.2136,89.46,56.05
173,150,1,155.448,38.6201,51.1896,90.27,56.92
174,150,1,155.498,38.6145,51.1991,92.23,57.4
175,150,1,155.512,38.6278,51.1594,88.43,57.14
176,150,1,155.529,38.6144,51.1286,93.21,57.01
177,150,1,155.492,38.6052,51.0953,91.34,56.87
178,150,1,155.402,38.6058,51.1223,90.66,56.8
179,150,1,155.524,38.5788,51.1323,90.66,56.82
180,150,1,155.554,38.577,51.1443,92.85,55.81
181,150,1,155.494,38.5614,51.1795,90.86,56.02
182,150,1,155.387,38.5643,51.2033,93.24,56.27
183,150,0,0,0,0,0,50.7
184,150,1,160.853,22.178,57.0315,90.84,52.46
185,150,1,160.765,22.1746,57.0373,90,55.28
186,150,1,160.962,22.1622,56.9039,91.56,55.45
187,150,1,160.956,22.1855,56.9498,91.03,55.38
188,150,1,160.766,22.1897,57.0407,93.71,54.89
189,150,1,160.914,22.1861,56.923,89.28,55.89
190,150,1,160.926,22.178,56.9077,91.65,55.95
191,150,1,161.028,22.1682,56.8734,88.27,55.15
192,150,1,160.921,22.1754,56.8898,89.16,52.04
193,150,1,67.0268,15.4718,69.6007,90.41,49.58
194,150,1,66.6373,15.4787,70.0323,89.55,52.68
195,150,1,66.7021,15.4495,70.0584,86.94,53.29
196,150,1,66.7584,15.4439,69.9088,92.47,54.17
197,150,1,66.7333,15.4309,69.9489,91.8,52.99
198,150,1,66.7663,15.4238,70.0076,93.86,53.65
199,150,1,66.7136,15.4393,69.9993,92.82,53.58
200,150,1,66.6679,15.4618,69.958,91.61,53.29
201,150,1,66.632,15.4683,70.0417,85.59,54.21
202,150,1,66.6169,15.4843,70.16,85.62,53.52
203,150,1,67.0211,15.3026,69.7677,81.13,52.8
204,150,1,66.8291,15.3808,69.8101,95.09,54.47
205,150,1,66.6792,15.4381,69.8428,91.61,53.35
206,150,1,66.7586,15.3825,69.8949,85.87,54.1
207,150,1,66.9423,15.3681,69.7129,85.4,52.75
208,150,1,66.7981,15.3896,69.7908,92.01,52.98
209,150,1,66.7835,15.3787,69.905,91.11,53.53
210,150,1,66.9073,15.3595,69.7812,88.93,53.38
211,150,1,66.5975,15.4513,70.0196,92.47,54.15
212,150,1,66.7204,15.4278,69.9796,94.51,53.35
213,150,1,66.6644,15.4357,69.9631,92.02,52.66
214,150,1,66.5166,15.454,70.1143,94.03,52.6
215,150,1,66.5668,15.4714,70.1409,85.21,51.78
216,150,1,66.6843,15.4145,69.9557,92.22,51.51
217,150,1,66.5996,15.4206,70.0799,89.63,49.83
218,150,0,0,0,0,0,50.43
219,150,0,0,0,0,0,50.12
220,150,0,0,0,0,0,49.41
221,150,0,0,0,0,0,50.24
222,150,1,255.431,32.8959,23.4883,81.82,51.14
223,150,1,254.375,33.106,24.5037,72.89,51.98
224,150,1,255.602,32.9232,23.3818,95.63,52.72
225,150,1,255.495,32.8785,23.3664,90.4,52.41
226,150,1,255.579,32.7002,23.3241,88.99,54.79
227,150,1,255.595,32.9106,23.3216,95.55,55.94
228,150,1,255.614,32.9261,23.3405,90.2,55.81
229,150,1,255.242,32.9805,23.57,89.06,56.18
230,150,1,255.593,32.6569,23.1961,84.32,56.55
231,150,1,255.398,32.5732,23.2985,86.5,56.84
232,150,1,255.768,32.8521,23.0277,90.98,56.76
233,150,1,255.496,32.6482,23.3112,88.83,56.51
234,150,1,255.571,32.8522,23.2864,91.43,55.82
235,150,1,255.44,32.6386,23.2706,90.77,56.68
236,150,1,255.404,32.8885,23.3841,91.09,56.52
237,150,1,255.763,32.806,23.1635,89.64,56.31
238,150,1,255.54,32.9213,23.3324,91.94,56.77
239,150,1,255.407,32.9054,23.3511,89.81,55.44
240,150,1,255.62,32.7702,23.2113,89.25,56.44
241,150,1,255.51,32.9249,23.3054,90.32,57.4
242,150,1,255.544,32.7317,23.289,90.23,56.1
243,150,1,255.498,32.8972,23.3202,90.34,56.92
244,150,1,255.422,32.9075,23.3857,91.34,57.61
245,150,1,255.409,32.6597,23.3269,87.45,55.59
246,150,1,255.469,32.6377,23.2587,88.1,56.66
247,150,1,255.593,32.9196,23.2727,93.99,57.12
248,150,1,255.588,32.7542,23.2978,90.67,57.57
249,150,1,255.571,32.9306,23.2903,93.46,56.94
250,150,1,255.48,32.8769,23.3252,91.95,56.8
251,150,1,255.309,32.943,23.3884,89.83,57.11
252,150,1,255.592,32.932,23.3015,90.75,56.73
253,150,1,255.482,32.7592,23.3108,88.42,55.65
254,150,1,255.428,32.9635,23.4144,88.85,52.14
255,150,1,255.829,32.9139,23.158,72.48,57.38
0,151,0,0,0,0,0,35.6
1,151,0,0,0,0,0,53.89
2,151,0,0,0,0,0,54.79
3,151,1,43.177,39.5934,74.6499,85.79,60.41
4,151,1,42.5617,39.5381,75.4108,84.79,53.3
5,151,1,42.8185,39.7488,75.2591,90.67,57.27
6,151,1,42.7826,39.5147,75.2025,90.26,57.38
7,151,1,42.9113,39.5535,74.9875,91.73,57.94
8,151,1,42.9011,39.721,75.1133,93.33,57.79
9,151,1,42.8842,39.5164,75.0518,92.2,57.29
10,151,1,42.7334,39.5174,75.2175,90.16,58.03
11,151,1,42.8043,39.4979,75.2584,91.58,57.92
12,151,1,42.7974,39.7192,75.1396,95.54,58.27
13,151,1,43.1092,39.5488,74.9085,92.85,57.6
14,151,1,43.0546,39.5699,74.9121,90.85,59.47
15,151,1,42.6401,39.5466,75.3373,87.45,57.31
16,151,1,42.7804,39.5014,75.1811,89.91,57.64
17,151,1,42.8213,39.4982,75.2173,88.79,57.13
18,151,1,42.7621,39.4807,75.2185,87.73,58.1
19,151,1,42.6623,39.4827,75.3508,90.23,58.23
20,151,1,43.0491,39.5438,74.9311,92.37,58.31
21,151,1,42.9909,39.563,74.9175,92.83,57.34
22,151,1,42.8064,39.4831,75.2311,88.27,57.53
23,151,1,42.7934,39.4785,75.2796,89.83,58.55
24,151,1,42.9191,39.5411,75.0167,90.46,58.27
25,151,1,42.8233,39.516,75.2197,91.31,58.01
26,151,1,42.9028,39.675,75.041,94.7,57.67
27,151,1,42.7515,39.5035,75.2147,90.83,58.01
28,151,1,42.9366,39.6468,75.0844,95.11,58.62
29,151,1,42.9303,39.6938,75.077,96.16,58.18
30,151,0,0,0,0,0,53.5
31,151,1,270.925,11.7188,76.9983,94.38,52.56
32,151,1,271.044,11.7062,76.8541,94.82,54.21
33,151,1,270.923,11.702,76.9491,92.42,54.08
34,151,1,270.758,11.6929,77.024,89.03,54.28
35,151,1,270.886,11.7377,77.014,93.17,53.38
36,151,0,0,0,0,0,49.5
37,151,1,290.334,12.4396,62.711,92.6,51.81
38,151,1,290.326,12.4775,62.7654,94.34,52.47
39,151,1,290.281,12.4516,62.7798,91.38,52.55
40,151,1,290.37,12.5276,62.7422,90.22,52.8
41,151,1,290.441,12.5201,62.691,93.12,53.38
42,151,1,290.407,12.5063,62.8226,92.37,52.95
43,151,1,290.351,12.475,62.6648,91.65,53
44,151,1,290.005,12.4079,63.2029,94.73,53.7
45,151,1,290.239,12.4884,62.7929,93.51,53.3
46,151,1,290.227,12.503,62.8656,90.78,53.31
47,151,1,290.302,12.5044,62.7807,92.5,53.25
48,151,1,290.255,12.5101,62.867,92.18,52.83
49,151,1,290.293,12.5385,62.9132,91.63,52.11
50,151,1,290.299,12.4986,62.8226,91.74,52.5
51,151,1,290.343,12.5498,62.8013,94.59,52.29
52,151,1,290.299,12.5349,62.7936,92.78,52.64
53,151,1,290.188,12.4689,62.8326,92.64,53.43
54,151,1,290.207,12.5171,62.8638,90,52.63
55,151,1,290.189,12.5093,62.8562,90.92,53.28
56,151,1,290.216,12.5106,62.8558,90.17,53.44
57,151,1,290.317,12.5389,62.8049,93.48,53.34
58,151,1,290.245,12.5516,62.9062,94.82,53.3
59,151,1,290.214,12.5394,62.8625,91.35,53.55
60,151,1,290.115,12.5479,63.0597,93.46,53.37
61,151,1,290.168,12.5106,62.8585,91.19,52.96
62,151,1,290.052,12.5466,63.0686,93.71,53.33
63,151,1,290.148,12.4849,62.8508,93.75,53.23
64,151,1,290.243,12.5495,62.8721,92.16,53.66
65,151,1,290.182,12.5297,62.8964,90.44,52.65
66,151,1,290.172,12.5507,62.9335,90.39,53.47
67,151,1,290.276,12.5854,62.8566,92.59,52.74
68,151,1,289.98,12.5891,63.1473,92.55,53.98
69,151,1,290.251,12.5786,62.9033,90.97,52.82
70,151,1,290.195,12.5279,62.8834,88.02,53.93
71,151,1,290.095,12.5479,62.9865,90.23,52.27
72,151,1,290.135,12.5435,62.947,90.11,53.34
73,151,1,290.092,12.5908,63.0307,94.63,53.9
74,151,1,290.103,12.5583,62.9482,92.54,52.26
75,151,0,0,0,0,0,53.33
76,151,1,155.264,38.6411,51.4831,92.07,54.47
77,151,1,155.427,38.6224,51.4612,92.7,55.55
78,151,1,155.326,38.6544,51.4754,92.43,56.48
79,151,1,155.46,38.6433,51.4379,93.8,56.38
80,151,1,155.35,38.6549,51.4347,92.48,56
81,151,1,155.345,38.6559,51.4442,92.64,56.85
82,151,1,155.322,38.6557,51.483,90.97,56.44
83,151,1,155.401,38.6374,51.4261,91.04,56.75
84,151,1,155.266,38.6589,51.4513,90.22,56.47
85,151,1,155.399,38.6597,51.4162,90.79,55.46
86,151,1,155.246,38.6529,51.4835,91.4,56.26
87,151,1,155.411,38.6466,51.4249,88.65,56.54
88,151,1,155.368,38.6344,51.4368,93.16,55.87
89,151,1,155.198,38.669,51.4725,88.62,57.42
90,151,1,155.368,38.6678,51.4376,93.92,56.38
91,151,1,155.295,38.6745,51.4368,90.48,56.92
92,151,1,155.32,38.6737,51.4621,93.47,56.89
93,151,1,155.38,38.6644,51.4182,91.36,56.37
94,151,1,155.401,38.6563,51.4106,92.63,55.82
95,151,1,155.232,38.6339,51.437,90.93,55.88
96,151,1,155.292,38.6395,51.4358,89.97,56.89
97,151,1,155.289,38.6478,51.4426,90.69,57.05
98,151,1,155.347,38.6404,51.422,94.11,55.4
99,151,1,155.333,38.6462,51.4277,91.93,56.44
100,151,1,155.173,38.6395,51.4282,83.62,54.25
101,151,1,45.6714,19.4426,11.4783,94.62,56.21
102,151,1,45.6939,19.4387,11.4733,93.25,57.39
103,151,1,45.624,19.4916,11.3753,95.1,57.72
104,151,1,45.5009,19.4599,11.5456,88.4,58.07
105,151,1,45.5579,19.4536,11.5581,94.14,56.89
106,151,1,45.5806,19.4589,11.4845,93.96,57.41
107,151,1,45.6741,19.4293,11.4724,94.38,58.02
108,151,1,45.5833,19.4175,11.4895,87.03,58.59
109,151,1,45.5423,19.4704,11.4512,94.61,58.01
110,151,1,45.5904,19.433,11.4509,93.33,57.62
111,151,1,45.4863,19.4835,11.4912,93.22,56.95
112,151,1,45.5221,19.5001,11.4299,87.91,57.36
113,151,1,45.4875,19.4739,11.4694,92.72,57.68
114,151,1,45.4486,19.4647,11.5979,95.88,57.98
115,151,1,45.5478,19.452,11.4785,94.23,57.39
116,151,1,45.2585,18.9724,11.7619,78.72,58.05
117,151,1,45.4872,19.4271,11.6388,92.78,57.46
118,151,1,45.5565,19.447,11.5417,89.31,58.64
119,151,1,45.4302,19.4389,11.6604,95.76,57.22
120,151,1,45.5552,19.394,11.5334,88.68,58.5
121,151,1,45.4645,19.3869,11.7049,87.74,58.23
122,151,1,45.4789,19.4373,11.6495,93.88,57.89
123,151,1,45.5668,19.4231,11.483,94.41,58.56
124,151,1,45.5129,19.4424,11.5662,94.78,57.89
125,151,1,45.4877,19.4048,11.6009,88.78,57.78
126,151,1,45.4135,19.4233,11.6927,86.17,58.57
127,151,1,45.4908,19.4351,11.6558,97.58,57.45
128,151,1,45.5678,19.5364,11.4414,93.49,58.2
129,151,1,45.4355,19.4181,11.67,86.74,58.17
130,151,1,45.515,19.4525,11.4926,92.83,58.12
131,151,1,45.4663,19.4713,11.5082,94.48,57.26
132,151,1,45.5044,19.43,11.5452,96.45,58.2
133,151,1,45.4958,19.4313,11.5562,87.78,58.21
134,151,1,45.5533,19.3759,11.6459,95.16,57.36
135,151,1,45.5994,19.4053,11.5396,91.46,58.37
136,151,1,45.4177,19.416,11.7307,94.82,57.76
137,151,1,45.4218,19.4226,11.6013,93.73,57.89
138,151,1,45.6236,19.4167,11.4639,93.95,57.73
139,151,1,45.4255,19.4454,11.7144,95.02,57.87
140,151,1,45.4792,19.4287,11.5594,94.4,57.64
141,151,1,45.4147,19.4105,11.6793,94.42,57.49
142,151,1,45.5423,19.3887,11.5429,93.82,57.82
143,151,1,45.4449,19.3989,11.6326,94.1,59.03
144,151,1,45.459,19.4325,11.5429,93.07,57.77
145,151,1,45.6236,19.3882,11.4766,94.03,58.2
146,151,1,46.8944,19.1005,10.1398,79.11,58.7
147,151,1,45.454,19.4295,11.5763,95.06,57.44
148,151,1,45.9217,19.0645,11.0893,84.2,58.27
149,151,1,45.5716,19.3991,11.4924,94.99,57.88
150,151,1,45.5507,19.3736,11.6164,94.44,57.5
151,151,1,45.4386,19.3888,11.6305,94.65,57.81
152,151,1,45.3403,19.3671,11.7152,87.46,58.65
153,151,1,45.4632,19.3611,11.6793,93.82,58.07
154,151,1,45.4413,19.4025,11.6093,93.71,57
155,151,1,45.3896,19.4109,11.6336,93.3,58.3
156,151,1,45.4322,19.3672,11.6773,96.37,57.49
157,151,1,45.4786,19.3787,11.5861,95.42,58.19
158,151,1,45.3845,19.3934,11.7624,93.26,57.98
159,151,1,45.3535,19.3836,11.7768,96.74,57.73
160,151,1,45.3656,19.4005,11.6469,93.11,57.35
161,151,1,45.4114,19.3639,11.7483,93.24,57.55
162,151,1,45.5188,19.3721,11.5271,95.87,58.43
163,151,1,45.3601,19.4021,11.6712,93.76,58.25
164,151,1,45.3492,19.3742,11.6939,95.49,55.69
165,151,0,0,0,0,0,54.57
166,151,1,155.507,38.6188,51.195,88.7,55.68
167,151,1,155.405,38.6017,51.2091,90.37,55.84
168,151,1,155.4,38.5995,51.2171,93.06,56.8
169,151,1,155.355,38.6252,51.2081,89.94,56.29
170,151,1,155.474,38.6006,51.1875,91.16,56.6
171,151,1,155.38,38.6155,51.2219,91.88,57.36
172,151,1,155.373,38.6256,51.2089,92.13,56.45
173,151,1,155.535,38.6199,51.151,90.84,56.73
174,151,1,155.415,38.6322,51.1982,91.23,57.49
175,151,1,155.345,38.6479,51.1959,91.95,56.91
176,151,1,155.355,38.6605,51.1467,92.66,57.16
177,151,1,155.63,38.6453,51.0425,91.06,57.19
178,151,1,155.596,38.5843,51.0736,94.11,57.2
179,151,1,155.628,38.5809,51.0982,93.41,57.11
180,151,1,155.563,38.5797,51.1297,91.72,56.4
181,151,1,155.437,38.5778,51.1835,93.41,56.8
182,151,1,155.447,38.5743,51.167,91.96,56.71
183,151,1,155.646,38.5095,51.0982,92.31,51.07
184,151,1,160.825,22.2066,57.0112,86.61,52.61
185,151,1,160.905,22.1953,57.0046,89.48,55.78
186,151,1,160.931,22.1866,56.9486,87.71,55.29
187,151,1,160.937,22.1563,57.004,91.11,55.22
188,151,1,160.706,22.1861,57.065,91.6,55.92
189,151,1,161.018,22.1852,56.9098,89.99,55.23
190,151,1,160.86,22.1858,56.9897,92.7,56.5
191,151,1,161.066,22.1755,56.8735,89.88,55.08
192,151,1,161.24,22.2382,56.5287,89.08,53.33
193,151,0,0,0,0,0,46.84
194,151,1,66.9551,15.3816,69.795,93.1,51.59
195,151,1,66.562,15.5007,70.0667,86.89,53.32
196,151,1,66.6402,15.4863,69.9939,93.04,53.58
197,151,1,66.7387,15.4621,69.9396,93.42,53.35
198,151,1,66.9207,15.3529,69.7523,85.08,53.6
199,151,1,66.8632,15.3897,69.8155,94.65,54.09
200,151,1,66.7333,15.4321,69.8313,90.59,54.01
201,151,1,66.8178,15.4306,69.8453,92.55,54.08
202,151,1,66.8356,15.3812,69.8561,84.72,53.09
203,151,1,66.9392,15.3764,69.7346,90.82,53.78
204,151,1,66.7346,15.4452,69.9765,92.79,53.93
205,151,1,66.9011,15.3733,69.7536,90.6,54.52
206,151,1,66.7324,15.4463,69.9115,94.28,54.17
207,151,1,66.7841,15.4252,69.8212,92.46,53.25
208,151,1,66.8278,15.4334,69.8268,93.3,53.11
209,151,1,66.7448,15.4736,69.9629,86,53.9
210,151,1,66.8069,15.4142,69.9091,85.76,53.11
211,151,1,66.9071,15.3829,69.7502,93.17,54.27
212,151,1,66.8119,15.4432,69.8549,93.58,53.46
213,151,1,66.6607,15.4298,69.9509,87.97,53.14
214,151,1,66.7335,15.3927,69.8694,92.84,53.97
215,151,1,66.7127,15.4062,69.9915,94.12,53.22
216,151,1,66.7163,15.3983,69.9385,85.81,53.06
217,151,1,66.7455,15.4271,69.898,91.42,53.99
218,151,1,66.4859,15.4703,70.1091,94.93,51.29
219,151,1,66.7229,15.4093,69.8695,94.03,50.01
220,151,1,66.5841,15.4468,70.1165,85.17,51.21
221,151,0,0,0,0,0,51.11
222,151,0,0,0,0,0,50.58
223,151,0,0,0,0,0,49.95
224,151,0,0,0,0,0,51.04
225,151,0,0,0,0,0,50.18
226,151,1,254.379,33.128,24.6054,69.89,51.25
227,151,1,255.846,32.8941,23.0525,84.78,52.37
228,151,1,255.426,32.8787,23.4307,91.33,53.12
229,151,1,255.393,32.7192,23.3345,84.25,54.34
230,151,1,255.359,32.9079,23.5158,92.76,54.5
231,151,1,255.454,32.6695,23.3967,87.01,55.69
232,151,1,255.318,32.877,23.4607,92.87,55.55
233,151,1,255.454,32.8722,23.3769,93.24,55.34
234,151,1,255.486,32.6764,23.2919,89.95,56.96
235,151,1,255.611,32.7232,23.2466,88.59,56.41
236,151,1,255.743,32.5894,23.1789,85.09,56.16
237,151,1,255.464,32.8711,23.3411,95.32,56.41
238,151,1,255.358,32.9111,23.4672,94.02,56.7
239,151,1,255.426,32.9033,23.359,90.93,56.5
240,151,1,255.558,32.8923,23.3318,95.69,55.83
241,151,1,255.568,32.9099,23.334,92.01,56.63
242,151,1,255.578,32.8955,23.3294,94.59,56.12
243,151,1,255.675,32.7909,23.2263,90.14,56.9
244,151,1,255.616,32.6116,23.2389,86.37,56.57
245,151,1,255.442,32.8948,23.3331,90.38,56.39
246,151,1,255.595,32.6917,23.2123,87.34,57.24
247,151,1,255.447,32.6689,23.3148,87.74,57.15
248,151,1,255.714,32.7559,23.205,90.71,57.1
249,151,1,255.365,32.8903,23.3386,89.46,56.29
250,151,1,255.369,32.8807,23.3697,91.2,56.34
251,151,1,255.454,32.9109,23.361,93.02,55.53
252,151,1,255.329,32.8969,23.3873,89.55,56.3
253,151,1,255.653,32.7805,23.222,92.49,56.19
254,151,1,255.408,32.9176,23.3693,92.82,52.69
255,151,0,0,0,0,0,57.52
0,152,0,0,0,0,0,35.71
1,152,0,0,0,0,0,53.44
2,152,0,0,0,0,0,54.03
3,152,1,43.0058,39.7022,74.7316,74.17,37.2
4,152,1,43.1553,39.6477,74.7717,88.14,52.95
5,152,1,43.0626,39.5362,74.9662,90.93,57.14
6,152,1,42.8742,39.7098,75.1113,92.35,57.61
7,152,1,43.0417,39.5702,74.8851,93.03,58.07
8,152,1,42.8701,39.6868,75.1538,92.69,58.19
9,152,1,42.9876,39.6292,74.977,90.54,58.35
10,152,1,43.0405,39.5418,74.8785,92.36,58.35
11,152,1,42.7824,39.5294,75.2059,91.09,57.78
12,152,1,43.0408,39.5574,74.903,92.32,57.51
13,152,1,42.7134,39.5091,75.2325,91.18,57.97
14,152,1,43.1454,39.5513,74.8987,92.62,57.94
15,152,1,42.7338,39.7617,75.2697,91.65,58.35
16,152,1,42.6378,39.7586,75.2916,92.63,58.37
17,152,1,42.711,39.7381,75.2686,93.05,57.64
18,152,1,42.954,39.5692,74.9182,92.58,58.23
19,152,1,42.8306,39.6951,75.1805,91.47,57.96
20,152,1,42.7005,39.491,75.2284,89.57,57.66
21,152,1,42.7837,39.5052,75.1992,90,57.91
22,152,1,42.9918,39.6847,75.0684,93.84,57.64
23,152,1,42.8056,39.7323,75.3069,94.52,57.85
24,152,1,42.8412,39.7269,75.1583,92.38,57.45
25,152,1,42.7077,39.4964,75.2214,90.99,58.41
26,152,1,42.849,39.7218,75.1693,93.42,57.92
27,152,1,43.007,39.5503,74.917,93.07,57.84
28,152,1,42.7864,39.715,75.3475,89.82,57.92
29,152,1,42.7697,39.6945,75.1458,95.36,57.83
30,152,1,42.8781,39.6727,75.1846,94.22,55.34
31,152,0,0,0,0,0,52.75
32,152,1,270.91,11.7066,76.9536,92.74,53.76
33,152,1,270.763,11.6732,77.039,91.45,54.11
34,152,1,270.924,11.6978,76.8368,93.3,53.8
35,152,1,270.755,11.6715,77.1135,91.41,53.16
36,152,1,290.361,12.4609,62.7754,89.51,49.9
37,152,1,290.296,12.484,62.7834,91.81,51.97
38,152,1,290.226,12.4603,62.7705,92.34,52.32
39,152,1,290.215,12.4706,62.8682,89.75,52.99
40,152,1,290.293,12.4973,62.8126,92.13,53
41,152,1,290.325,12.5186,62.8323,90.69,51.88
42,152,1,290.281,12.4682,62.776,92.35,53.03
43,152,1,290.285,12.5197,62.7945,91.62,52.64
44,152,1,290.269,12.5201,62.8506,92.36,52.92
45,152,1,290.308,12.4769,62.8387,93.75,52.83
46,152,1,290.25,12.4903,62.8399,91.68,52.07
47,152,1,290.201,12.5035,62.8852,91.16,53.02
48,152,1,290.263,12.48,62.7913,94.73,52.75
49,152,1,290.236,12.534,62.8047,92.49,53.16
50,152,1,290.222,12.4847,62.8479,92.19,52.65
51,152,1,290.374,12.5054,62.7818,90.17,53.52
52,152,1,290.233,12.4986,62.7986,93.81,53.05
53,152,1,290.207,12.5214,62.8246,94.68,53.68
54,152,1,290.197,12.5066,62.9433,91.74,52.74
55,152,1,290.258,12.522,62.7591,91.78,53.53
56,152,1,290.216,12.5424,62.8611,90.94,53.09
57,152,1,290.145,12.5455,62.9378,93.31,53.83
58,152,1,290.241,12.5308,62.881,91.17,52.28
59,152,1,290.204,12.5445,62.9078,91.03,53.02
60,152,1,290.204,12.5417,62.8814,91.16,53.03
61,152,1,290.262,12.5396,62.8099,89.13,53.67
62,152,1,290.15,12.5151,62.8495,91.21,53.51
63,152,1,290.272,12.5305,62.8438,93.02,52.55
64,152,1,290.163,12.5196,62.9072,91.63,53.09
65,152,1,290.251,12.5878,63.0241,92.51,53.7
66,152,1,290.2,12.5353,62.8772,91.47,52.87
67,152,1,290.099,12.5159,62.903,90.07,52.83
68,152,1,290.159,12.5446,62.9177,89.42,53.34
69,152,1,290.293,12.5721,62.9109,92.94,52.7
70,152,1,290.125,12.5551,62.9283,89.5,53.48
71,152,1,290.098,12.5653,63.0545,93.06,53.78
72,152,1,290.232,12.5865,62.8899,94.43,52.78
73,152,1,290.146,12.5603,62.9431,91.83,53.15
74,152,1,290.09,12.5361,63.0495,93.65,53.15
75,152,0,0,0,0,0,53.91
76,152,1,155.344,38.6449,51.4752,93.18,55.97
77,152,1,155.369,38.6391,51.463,91.96,56.36
78,152,1,155.327,38.6634,51.4763,92.83,55.58
79,152,1,155.306,38.6496,51.4767,91.93,56.53
80,152,1,155.409,38.6461,51.4609,95.82,55.72
81,152,1,155.28,38.644,51.4604,89.85,56.57
82,152,1,155.342,38.6563,51.4488,93.39,56.03
83,152,1,155.366,38.6254,51.4379,92.83,57.42
84,152,1,155.412,38.6371,51.4216,90.32,56.56
85,152,1,155.258,38.6448,51.4625,92.72,56.33
86,152,1,155.356,38.6604,51.4371,91.66,55.8
87,152,1,155.36,38.6523,51.4486,92.56,56.96
88,152,1,155.364,38.647,51.4411,94.79,56.2
89,152,1,155.299,38.6224,51.4697,93.81,55.71
90,152,1,155.266,38.6862,51.4352,94.24,55.9
91,152,1,155.283,38.6662,51.4551,90.72,55.43
92,152,1,155.371,38.6463,51.4284,92.21,56.81
93,152,1,155.366,38.6173,51.4253,89.9,55.75
94,152,1,155.357,38.6269,51.4222,94.81,57.26
95,152,1,155.42,38.626,51.376,91.93,56.78
96,152,1,155.251,38.6419,51.4419,90.56,56.32
97,152,1,155.335,38.6416,51.3952,92.65,55.94
98,152,1,155.344,38.6529,51.414,92.06,56.27
99,152,1,155.334,38.6533,51.3985,90.47,57.37
100,152,1,155.283,38.6241,51.3807,80.3,55.01
101,152,1,45.6547,19.4366,11.4744,93.23,56.3
102,152,1,45.6984,19.4334,11.4499,94.43,57.44
103,152,1,45.584,19.4797,11.4121,93.23,56.63
104,152,1,45.5392,19.4743,11.5547,94.53,56.69
105,152,1,45.6121,19.4547,11.4163,94.74,57.36
106,152,1,45.7093,19.4346,11.4396,92.92,58.01
107,152,1,45.6331,19.4589,11.4141,94.16,58.1
108,152,1,45.6298,19.479,11.3223,86.99,57.35
109,152,1,45.6348,19.4529,11.4294,94.04,57.76
110,152,1,45.5137,19.4189,11.5571,87.21,58.51
111,152,1,45.5433,19.424,11.6203,93.35,57.59
112,152,1,45.5921,19.4636,11.4558,95.13,56.81
113,152,1,45.4392,19.3947,11.7096,88.16,58.78
114,152,1,45.4488,19.472,11.5872,95.71,57.95
115,152,1,45.607,19.4468,11.5027,95.23,57.92
116,152,1,45.4277,19.5065,11.4869,92.8,57.45
117,152,1,45.5535,19.4434,11.4708,91.49,57.62
118,152,1,45.5534,19.4144,11.6039,93.3,58.12
119,152,1,45.4603,19.4214,11.6664,88.03,58.77
120,152,1,45.4534,19.3864,11.6931,92.89,58.49
121,152,1,45.5098,19.3876,11.6187,87.44,58.62
122,152,1,45.4767,19.4506,11.5485,95.12,57.37
123,152,1,45.5883,19.4432,11.5287,95.98,57.67
124,152,1,45.4655,19.4282,11.6418,93.71,58.03
125,152,1,45.6187,19.4269,11.4406,93.43,58.07
126,152,1,45.5846,19.4284,11.4675,94.59,57.6
127,152,1,45.4172,19.4442,11.7568,92.57,57.46
128,152,1,45.6079,19.405,11.5678,92.51,57.98
129,152,1,45.4799,19.4313,11.5719,88.59,58.84
130,152,1,46.03,19.0273,11.0282,83.93,57.78
131,152,1,45.5646,19.424,11.505,88.1,57.4
132,152,1,45.4997,19.3963,11.6157,93.01,58.78
133,152,1,45.4092,19.3901,11.6108,92.28,58.57
134,152,1,45.4907,19.4159,11.6326,93.97,57.44
135,152,1,45.4466,19.4149,11.6199,97.2,58
136,152,1,45.4854,19.3371,11.6087,93.91,57.74
137,152,1,45.6015,19.3953,11.5356,92.95,57.97
138,152,1,45.1028,19.0034,11.9308,85.43,57.67
139,152,1,45.5247,19.3993,11.5376,95.76,58.07
140,152,1,45.494,19.4305,11.5373,92.86,57.72
141,152,1,45.3541,19.3804,11.7687,87.73,58.08
142,152,1,45.5415,19.4113,11.5238,93.35,57.83
143,152,1,45.588,19.3766,11.5689,93.93,57.94
144,152,1,45.5458,19.3914,11.5521,92.79,58.06
145,152,1,45.602,19.3699,11.5652,94.04,57.48
146,152,1,45.47,19.4075,11.619,94.14,57.75
147,152,1,45.3317,19.3708,11.8092,87.25,58.42
148,152,1,45.4213,19.4189,11.596,95.85,57.53
149,152,1,45.4696,19.3399,11.6154,87.29,58.57
150,152,1,45.381,19.36,11.6956,88.61,57.83
151,152,1,45.4559,19.3889,11.6287,94.55,57.84
152,152,1,45.4812,19.3771,11.6655,92.61,57.84
153,152,1,45.4311,19.4092,11.6986,94.71,57.89
154,152,1,45.4328,19.3521,11.6465,96.58,58.03
155,152,1,45.4315,19.4034,11.6377,96.25,58.01
156,152,1,45.4119,19.4021,11.6199,94.98,57.47
157,152,1,45.475,19.373,11.6349,92.65,57.81
158,152,1,45.3365,19.414,11.72,93.64,57.62
159,152,1,45.4502,19.3672,11.6282,94.89,56.84
160,152,1,45.3002,19.3774,11.7717,94.33,58
161,152,1,45.3648,19.3753,11.7534,93.93,57.05
162,152,1,45.425,19.3969,11.6593,95.59,59.37
163,152,1,45.4404,19.4005,11.6024,93.99,58.35
164,152,1,45.3033,19.4033,11.6723,91.61,57.26
165,152,1,45.4578,19.3054,11.6549,93.15,55.23
166,152,1,155.411,38.5988,51.205,91.2,54.81
167,152,1,155.413,38.5865,51.2255,91.97,56.5
168,152,1,155.428,38.5982,51.2196,91.12,56.28
169,152,1,155.51,38.5952,51.1896,90.28,56.13
170,152,1,155.375,38.609,51.23,93.21,56.13
171,152,1,155.494,38.6262,51.1901,90.18,56.16
172,152,1,155.453,38.6322,51.2152,90.44,56.28
173,152,1,155.457,38.6219,51.2072,91.4,56.08
174,152,1,155.497,38.6332,51.1591,93.47,57.23
175,152,1,155.459,38.6382,51.157,91.7,56.21
176,152,1,155.5,38.6822,51.1117,91.81,57.12
177,152,1,155.464,38.664,51.0895,91.3,55.72
178,152,1,155.543,38.6472,51.1106,89.27,58.31
179,152,1,155.61,38.5945,51.0456,92.17,57.85
180,152,1,155.504,38.6046,51.1379,91.18,57.04
181,152,1,155.59,38.5836,51.1156,91.3,57.31
182,152,1,155.489,38.5476,51.1858,92.78,56.4
183,152,1,155.415,38.5831,51.2046,91.38,54.85
184,152,0,0,0,0,0,51.52
185,152,1,160.91,22.197,56.9525,92.09,54.15
186,152,1,160.846,22.1757,57.007,92.39,54.02
187,152,1,160.89,22.1881,56.9764,93.41,55.3
188,152,1,160.862,22.1639,56.9847,91.17,55.3
189,152,1,160.996,22.1851,56.9138,89.38,54.29
190,152,1,160.931,22.186,56.9479,89.23,55.75
191,152,1,161.053,22.1852,56.8573,92,55.26
192,152,1,161.034,22.1962,56.8006,89.66,53.9
193,152,0,0,0,0,0,45.07
194,152,1,66.9944,15.4191,69.709,93.52,50.09
195,152,1,66.9976,15.3777,69.6597,85.72,53.28
196,152,1,66.8181,15.3985,69.8567,87.02,53.72
197,152,1,66.444,15.5193,70.1863,92.3,52.77
198,152,1,66.7874,15.4281,69.8661,95.16,52.69
199,152,1,66.8481,15.4376,69.892,93.83,53.31
200,152,1,66.6969,15.4541,69.9981,94.01,53.65
201,152,1,66.605,15.4449,70.0112,84.04,53.16
202,152,1,66.8926,15.4282,69.7883,92.81,52.25
203,152,1,66.7603,15.4073,69.9758,86.11,53.41
204,152,1,66.7383,15.434,69.8742,87.86,53.27
205,152,1,66.6191,15.4584,70.0145,86.82,53.9
206,152,1,66.6606,15.4366,70.0115,90.69,53.77
207,152,1,67.0212,15.3183,69.684,82.62,53.42
208,152,1,66.7512,15.4175,69.8998,93,53.66
209,152,1,66.9445,15.3473,69.7486,86.4,52.94
210,152,1,66.9731,15.3611,69.6796,85.67,53.71
211,152,1,66.9611,15.378,69.7128,93.75,53.66
212,152,1,66.7133,15.4239,69.9582,95.02,54.17
213,152,1,66.9283,15.3363,69.6733,86.44,53.35
214,152,1,66.9013,15.3316,69.7876,84.01,52.86
215,152,1,66.8004,15.358,69.8456,86.75,53.56
216,152,1,66.8383,15.3645,69.8526,93.34,53.3
217,152,1,66.9407,15.3461,69.752,85.15,53.14
218,152,1,66.6086,15.4504,70.0115,93.31,54.04
219,152,1,66.7224,15.3989,69.9317,91.96,54.19
220,152,1,66.5827,15.4834,70.0409,86.28,54.1
221,152,1,66.6129,15.4373,70.0969,93.15,52.76
222,152,1,66.6808,15.3832,70.0144,85.72,53.31
223,152,1,66.7274,15.3599,69.8767,87.49,52.52
224,152,1,66.5084,15.4347,70.2108,84.67,51.86
225,152,1,66.5424,15.4374,70.0671,92.71,50.79
226,152,0,0,0,0,0,49.89
227,152,0,0,0,0,0,50.68
228,152,0,0,0,0,0,51.45
229,152,0,0,0,0,0,51.32
230,152,1,255.811,32.8532,23.2,83.13,50.64
231,152,1,255.345,32.8009,23.4007,83.01,52.99
232,152,1,255.625,32.938,23.3456,90.39,52.23
233,152,1,255.57,32.7416,23.2415,93.29,54.29
234,152,1,255.444,32.8872,23.4182,92.09,55.57
235,152,1,255.529,32.8878,23.3151,93.43,54.99
236,152,1,255.268,32.8754,23.4641,90.98,55.75
237,152,1,255.57,32.9253,23.3239,94.52,54.93
238,152,1,255.56,32.6889,23.287,90.91,56.85
239,152,1,255.365,32.8957,23.383,90.08,56.35
240,152,1,255.518,32.8814,23.3153,93.49,56.42
241,152,1,255.377,32.8766,23.4002,92.49,56.75
242,152,1,255.658,32.8697,23.2619,91.04,56.52
243,152,1,255.524,32.7901,23.239,89.78,55.35
244,152,1,255.397,32.7357,23.3545,88.86,55.41
245,152,1,255.509,32.7419,23.3283,88.66,56.4
246,152,1,255.445,32.8181,23.3795,88.6,56.26
247,152,1,255.595,32.9033,23.3276,91.82,56.8
248,152,1,255.578,32.933,23.3359,91.54,57.2
249,152,1,255.666,32.732,23.1874,88.91,56.76
250,152,1,255.728,32.7411,23.2194,89.96,55.97
251,152,1,255.407,32.7316,23.3197,87.73,56.12
252,152,1,255.492,32.9354,23.3252,89.95,56.71
253,152,1,255.577,32.9237,23.3167,92.47,56.64
254,152,1,255.267,32.9491,23.4921,92.35,52.26
255,152,1,255.569,32.9646,23.6866,83.25,57.56
0,153,0,0,0,0,0,51.59
1,153,0,0,0,0,0,54.09
2,153,0,0,0,0,0,55.53
3,153,0,0,0,0,0,37.24
4,153,1,42.8557,39.7368,75.0689,93.81,52.93
5,153,1,42.8214,39.5519,75.1064,90.69,56.38
6,153,1,42.965,39.5622,74.8664,90.97,56.5
7,153,1,42.9316,39.7309,74.9422,94.45,57.47
8,153,1,42.7838,39.7703,75.049,92.28,56.77
9,153,1,42.8115,39.7543,75.2828,92.8,58.94
10,153,1,42.768,39.505,75.2171,91.72,56.73
11,153,1,42.7722,39.7481,75.2645,93.1,57.24
12,153,1,42.9636,39.5285,74.9913,89.78,57.67
13,153,1,42.8276,39.5349,75.1491,89.6,56.89
14,153,1,42.6896,39.5044,75.2019,87.84,57.52
15,153,1,42.7514,39.5151,75.1545,91.13,58.33
16,153,1,42.7827,39.4757,75.2775,90.85,58.08
17,153,1,43.1302,39.534,74.9111,93.45,57.15
18,153,1,42.7965,39.4906,75.2232,89.2,58.1
19,153,1,42.6316,39.5159,75.3755,86.1,57.87
20,153,1,42.5963,39.5637,75.3478,88.08,58.03
21,153,1,42.8972,39.5195,75.171,90.33,58.04
22,153,1,43.0425,39.5859,74.9705,90.19,59.19
23,153,1,42.9894,39.577,74.9435,91.79,58.3
24,153,1,42.8327,39.6833,75.1546,94,57.87
25,153,1,42.7214,39.4934,75.2051,90.61,57.54
26,153,1,42.6757,39.7459,75.3293,92.82,57.81
27,153,1,42.8176,39.6773,75.171,93.36,57.75
28,153,1,42.8645,39.6811,75.1225,95.01,58.28
29,153,1,42.9571,39.484,74.9809,91.59,58.2
30,153,1,42.8122,39.7169,75.1482,93.16,57.18
31,153,0,0,0,0,0,53.85
32,153,1,270.856,11.6898,76.9971,90.05,52.92
33,153,1,270.835,11.7219,77.0622,92.19,54.06
34,153,1,270.955,11.7119,76.9888,93.21,54.34
35,153,1,270.784,11.6615,77.1428,92.18,52.24
36,153,1,290.305,12.4631,62.7611,84.75,51.26
37,153,1,290.257,12.426,62.7736,89.34,52.55
38,153,1,290.36,12.4873,62.652,93.03,52.97
39,153,1,290.368,12.4734,62.6851,93.11,52.71
40,153,1,290.301,12.5019,62.7841,92.19,53.22
41,153,1,290.324,12.4821,62.7249,91.38,53.83
42,153,1,290.254,12.487,62.7914,92.4,53.28
43,153,1,290.204,12.4871,62.8753,91.81,53.23
44,153,1,290.308,12.5082,62.7855,93.99,53.45
45,153,1,290.309,12.4958,62.7026,91.79,53.12
46,153,1,290.266,12.4823,62.7484,91.51,53.14
47,153,1,290.273,12.4888,62.7792,91.19,53.01
48,153,1,290.263,12.5003,62.8415,92.29,53.44
49,153,1,290.225,12.5257,62.9319,95.24,53.87
50,153,1,290.29,12.5083,62.8405,95.15,53.63
51,153,1,290.337,12.4873,62.8233,91.59,52.66
52,153,1,290.217,12.4933,62.8166,91.74,51.68
53,153,1,290.164,12.5104,62.9275,90.58,52.84
54,153,1,290.305,12.5695,62.9152,94.66,54.78
55,153,1,290.2,12.5132,62.9022,93.07,53.01
56,153,1,290.244,12.5357,62.8766,92,53.25
57,153,1,290.163,12.5214,62.9443,91.11,53.41
58,153,1,290.333,12.5367,62.7589,93.18,52.86
59,153,1,290.2,12.5239,62.8805,91.68,53.44
60,153,1,290.26,12.5541,62.8554,91.54,53.2
61,153,1,290.172,12.5428,62.8479,90.84,53.72
62,153,1,290.363,12.5238,62.7062,93.06,52.96
63,153,1,290.214,12.5248,62.8713,92.39,52.79
64,153,1,290.291,12.5302,62.7421,93.68,51.83
65,153,1,290.197,12.5371,62.8799,91.95,53.55
66,153,1,290.207,12.5478,62.9038,90.32,52.87
67,153,1,290.259,12.5274,62.8563,92.56,53.29
68,153,1,290.139,12.549,62.9529,90.06,52.96
69,153,1,290.167,12.5307,62.9129,93.14,53.4
70,153,1,290.14,12.5811,62.97,91.48,52.91
71,153,1,290.145,12.5771,62.984,91.48,52.98
72,153,1,290.177,12.5924,62.9958,90.99,52.34
73,153,1,290.033,12.5769,63.074,90.8,53.89
74,153,0,0,0,0,0,52.86
75,153,1,155.425,38.6164,51.4175,94.39,55.25
76,153,1,155.261,38.6544,51.4902,91.61,55.89
77,153,1,155.25,38.6538,51.4821,91.73,56.42
78,153,1,155.252,38.6829,51.4898,92.81,56.68
79,153,1,155.274,38.6705,51.4708,91.15,56.12
80,153,1,155.289,38.6613,51.4751,94.24,56.24
81,153,1,155.308,38.6692,51.4454,90.3,56.9
82,153,1,155.254,38.6612,51.4714,92.66,56.25
83,153,1,155.321,38.6657,51.4537,90.8,56.49
84,153,1,155.352,38.6373,51.4324,91.73,56.45
85,153,1,155.345,38.6674,51.4454,90.65,55.07
86,153,1,155.223,38.649,51.4589,92.48,56.33
87,153,1,155.397,38.64,51.4467,93.42,55.44
88,153,1,155.267,38.6583,51.4806,91.31,55.49
89,153,1,155.363,38.6788,51.4276,93.83,55.3
90,153,1,155.397,38.646,51.4165,91.56,56.34
91,153,1,155.325,38.625,51.4444,94.68,56.04
92,153,1,155.289,38.6591,51.4448,91.08,56.04
93,153,1,155.396,38.6429,51.3867,91.06,56.62
94,153,1,155.336,38.6489,51.4233,91.36,57.28
95,153,1,155.374,38.6445,51.3927,91.74,56.47
96,153,1,155.322,38.6355,51.4163,91.41,57.42
97,153,1,155.257,38.6653,51.4476,92.52,57.34
98,153,1,155.357,38.6493,51.4196,92.62,56.64
99,153,1,155.378,38.6537,51.417,94.2,56.45
100,153,1,155.035,38.6432,51.4782,84.23,54.62
101,153,1,45.8293,19.4342,11.3421,94.24,56.13
102,153,1,45.6034,19.4855,11.4127,93.04,56.79
103,153,1,45.624,19.4591,11.4416,94.55,57.83
104,153,1,45.5141,19.4634,11.6132,92.59,56.86
105,153,1,45.584,19.4259,11.4903,88.04,58.45
106,153,1,45.5645,19.4653,11.4466,94.56,57.44
107,153,1,45.5463,19.4708,11.5213,95.98,57.78
108,153,1,45.555,19.4692,11.575,94.68,57.86
109,153,1,45.5511,19.4202,11.5424,85.94,58.04
110,153,1,45.5501,19.4079,11.5835,86.08,57.9
111,153,1,45.5678,19.4476,11.521,94.17,57.7
112,153,1,45.5461,19.4255,11.527,87.59,58.5
113,153,1,45.5728,19.4578,11.455,93.31,56.96
114,153,1,45.5933,19.4482,11.5174,93.38,57.31
115,153,1,45.5238,19.4727,11.4515,94.22,57.45
116,153,1,45.4482,19.473,11.4617,86.73,58.2
117,153,1,45.5602,19.4755,11.4628,94.39,57.34
118,153,1,45.4165,19.4777,11.6571,94.94,57.4
119,153,1,45.4703,19.4492,11.5203,93.31,57.81
120,153,1,45.4945,19.4009,11.5935,86.9,58.1
121,153,1,45.5815,19.4335,11.4234,94.92,57.97
122,153,1,45.4262,19.3839,11.7201,85.3,57.65
123,153,1,45.4306,19.3963,11.5908,86.76,58.4
124,153,1,45.5152,19.4642,11.4951,92.43,57.33
125,153,1,45.6373,19.4174,11.4691,93.99,57.7
126,153,1,45.5044,19.4417,11.556,94.42,57.54
127,153,1,45.4662,19.4139,11.6021,87.94,58.42
128,153,1,45.555,19.444,11.5257,94.78,57.72
129,153,1,45.5567,19.4381,11.4957,96.17,57.31
130,153,1,45.5951,19.4216,11.4984,93.15,57.3
131,153,1,45.4366,19.4352,11.701,96.14,57.27
132,153,1,45.5298,19.4039,11.5404,91.7,57.3
133,153,1,45.5131,19.425,11.5435,95.01,58.07
134,153,1,45.5659,19.4258,11.5283,93.63,57.9
135,153,1,45.5069,19.4055,11.5923,95.6,58.17
136,153,1,45.4745,19.3739,11.5865,88.13,58.36
137,153,1,45.5443,19.384,11.6385,94.48,58.21
138,153,1,45.4621,19.4134,11.7061,93.53,58.02
139,153,1,45.545,19.4093,11.5637,93.17,57.62
140,153,1,45.5126,19.4312,11.574,95.14,57.56
141,153,1,45.4888,19.4173,11.6212,94.67,58.06
142,153,1,45.4793,19.4017,11.6364,94.75,57.65
143,153,1,45.4283,19.4463,11.5215,94.18,57.94
144,153,1,45.2923,19.4155,11.6875,86.62,58.06
145,153,1,45.4175,19.4261,11.583,92.86,57.49
146,153,1,45.4642,19.3781,11.7373,93.86,57.19
147,153,1,45.5493,19.3741,11.5325,94.26,57.23
148,153,1,45.4397,19.4188,11.6147,95.37,58.05
149,153,1,45.4693,19.417,11.5665,93.95,57.94
150,153,1,45.4744,19.4209,11.6095,94.81,58.1
151,153,1,45.317,19.363,11.8059,91.67,58.59
152,153,1,45.4296,19.3539,11.605,88.58,58.27
153,153,1,45.4464,19.4271,11.5916,93.49,58.07
154,153,1,45.4346,19.3767,11.7375,88.12,78.73
155,153,1,45.4014,19.4025,11.6119,94.28,57.56
156,153,1,45.5393,19.3605,11.6145,94.99,58.23
157,153,1,45.3982,19.4078,11.5793,94.77,56.72
158,153,1,45.3843,19.3805,11.8505,94.22,57.92
159,153,1,45.3912,19.3964,11.676,94.29,58.22
160,153,1,45.4174,19.3974,11.6688,94.23,57.82
161,153,1,45.4646,19.3599,11.7635,94.35,58
162,153,1,45.4025,19.3693,11.7403,93.95,58.34
163,153,1,45.3838,19.383,11.8474,94.24,57.88
164,153,1,45.2873,19.3799,11.7479,95.19,57.81
165,153,1,45.3737,19.3523,11.7453,93.87,56.73
166,153,1,155.298,38.6129,51.2534,81.39,54.58
167,153,1,155.442,38.6098,51.2304,92.49,55.31
168,153,1,155.458,38.6221,51.2042,89.25,56
169,153,1,155.467,38.6052,51.2008,92.82,55.57
170,153,1,155.343,38.6245,51.2236,92.14,56.05
171,153,1,155.474,38.6218,51.1914,88.65,56.09
172,153,1,155.45,38.6117,51.1989,88.93,56.29
173,153,1,155.494,38.6048,51.1925,91.87,55.86
174,153,1,155.584,38.6487,51.1354,89.57,56.29
175,153,1,155.46,38.6682,51.1286,90.69,56.37
176,153,1,155.413,38.6908,51.1164,91.94,57.56
177,153,1,155.578,38.6595,51.0693,90.66,57.14
178,153,1,155.517,38.65,51.0927,93.51,56.48
179,153,1,155.561,38.6158,51.107,92.85,55.64
180,153,1,155.433,38.6033,51.1639,92.54,56.84
181,153,1,155.518,38.5989,51.1619,93.31,56.64
182,153,1,155.541,38.6015,51.1378,91.69,56.31
183,153,1,155.456,38.5865,51.1528,91.39,55.81
184,153,0,0,0,0,0,52.06
185,153,1,160.951,22.1746,56.9663,88.71,53.55
186,153,1,160.995,22.2,56.9165,88.3,54.23
187,153,1,161.027,22.1784,56.898,91.73,55.49
188,153,1,161.045,22.1837,56.8993,86.17,55.39
189,153,1,160.852,22.1921,56.9542,91.98,54.94
190,153,1,161.044,22.1707,56.9236,89.48,55.16
191,153,1,161.066,22.1687,56.8486,88.82,54.84
192,153,0,0,0,0,0,51.5
193,153,1,329.752,26.2826,32.3703,84.26,46.5
194,153,1,66.8612,15.5023,69.7739,91.48,50.88
195,153,1,66.7265,15.4398,69.9678,91.95,53.35
196,153,1,66.7742,15.4493,69.7633,92.62,54.07
197,153,1,66.7225,15.4451,69.9989,84.79,53.14
198,153,1,66.8545,15.4418,69.8306,91.22,53.15
199,153,1,66.7741,15.4567,69.8967,91.73,53.09
200,153,1,66.8186,15.4361,69.8461,94.23,51.9
201,153,1,66.876,15.435,69.8904,93.86,53.97
202,153,1,66.9732,15.3716,69.6987,93.08,53.78
203,153,1,66.8437,15.3774,69.7848,87.51,53.06
204,153,1,66.7739,15.4477,69.9189,94.58,53.78
205,153,1,66.8142,15.4182,69.8551,91.97,54.12
206,153,1,66.9128,15.4224,69.7664,92.5,53.02
207,153,1,66.6057,15.4741,70.037,88.32,52.85
208,153,1,66.8541,15.4068,69.8679,92.8,53.27
209,153,1,66.8387,15.4429,69.8525,93.05,53.21
210,153,1,66.9058,15.3979,69.8601,92.56,53.22
211,153,1,66.8834,15.3925,69.7418,94.12,53.57
212,153,1,66.7711,15.414,69.8637,91.46,53.87
213,153,1,66.8847,15.3903,69.6677,86.56,53.63
214,153,1,66.8018,15.4138,69.9411,92.25,53.44
215,153,1,66.6971,15.4154,69.8751,91.56,53.15
216,153,1,66.6458,15.4497,69.9795,84.29,53.46
217,153,1,66.7601,15.4023,69.9241,96.93,53.22
218,153,1,66.6092,15.4544,69.9983,92.72,53.87
219,153,1,66.6388,15.4335,69.9881,85.82,53.96
220,153,1,66.668,15.3968,69.916,91.69,52.98
221,153,1,66.6366,15.4339,70.0499,85.33,53.3
222,153,1,66.4917,15.4451,70.1556,87.93,53.25
223,153,1,66.753,15.3736,69.9382,86.23,53.9
224,153,1,66.8094,15.3473,69.8856,86.67,53.26
225,153,1,66.6964,15.4093,69.9901,93.5,54.29
226,153,1,66.7139,15.4069,69.9425,93.15,52.63
227,153,1,66.8623,15.3026,69.9067,82.61,52.21
228,153,0,0,0,0,0,50.54
229,153,0,0,0,0,0,50.8
230,153,0,0,0,0,0,50.6
231,153,0,0,0,0,0,50.3
232,153,0,0,0,0,0,50.23
233,153,0,0,0,0,0,51.05
234,153,1,255.673,32.689,23.4474,79.42,51.03
235,153,1,255.487,32.8599,23.4073,90.38,53.61
236,153,1,255.35,32.8193,23.3639,87.39,53.26
237,153,1,255.376,32.9306,23.3848,89.83,54.2
238,153,1,255.543,32.7635,23.2457,92.33,55.93
239,153,1,255.6,32.6733,23.1825,87.26,56.03
240,153,1,255.474,32.9102,23.3579,89.7,55.36
241,153,1,255.417,32.8922,23.4259,91.99,56.64
242,153,1,255.721,32.599,23.1532,86.51,56.25
243,153,1,255.36,32.885,23.3789,91.95,56.54
244,153,1,255.57,32.9422,23.2973,91.94,56.27
245,153,1,255.302,32.9016,23.3639,88.4,56.53
246,153,1,255.779,32.7981,23.2257,91.93,56.59
247,153,1,255.737,32.9313,23.0721,90.09,56.67
248,153,1,255.398,32.9101,23.3588,92.51,56.47
249,153,1,255.389,32.9134,23.3975,93.89,57.05
250,153,1,255.691,32.7658,23.2135,90.45,57.41
251,153,1,255.439,32.9153,23.3275,91.88,56.42
252,153,1,255.788,32.7727,23.2214,92.76,56.79
253,153,1,255.397,32.9315,23.4323,91.53,56.05
254,153,1,255.581,32.9514,23.2999,93.49,53.91
255,153,1,255.158,32.8993,23.4174,84.42,57.62
0,154,0,0,0,0,0,52.52
1,154,0,0,0,0,0,55.33
2,154,0,0,0,0,0,54.21
3,154,1,42.7631,39.7594,75.0523,75.11,36.36
4,154,1,43.05,39.6141,74.8733,89.79,53.58
5,154,1,43.1748,39.5714,74.8916,88.87,57.68
6,154,1,42.9655,39.57,74.8651,91.2,57.18
7,154,1,42.8191,39.5484,75.129,87.41,57.28
8,154,1,43.1029,39.552,74.8644,91.26,58.66
9,154,1,43.1222,39.5806,74.8459,91.47,56.66
10,154,1,43.0441,39.546,74.9437,92.18,57.51
11,154,1,42.6,39.5501,75.3708,88.07,58.37
12,154,1,43.0281,39.5668,74.8784,91.66,57.95
13,154,1,42.8142,39.509,75.186,91.83,58.88
14,154,1,42.8421,39.5037,75.2157,88.95,57.6
15,154,1,42.836,39.7065,75.1342,91.66,57.63
16,154,1,42.8857,39.6779,75.1451,92.57,58.06
17,154,1,42.9409,39.5068,75.2697,87.86,58.89
18,154,1,43.0244,39.5301,74.913,93.59,58.38
19,154,1,43.0579,39.5457,74.9017,93.48,58.13
20,154,1,42.5543,39.5538,75.3884,87.13,57.96
21,154,1,42.7076,39.4849,75.1981,88.01,58.04
22,154,1,42.8504,39.6855,75.1187,94.2,58.5
23,154,1,42.9899,39.5556,75.046,94.97,58.59
24,154,1,42.9485,39.486,75.047,90.48,57.99
25,154,1,42.9088,39.5393,74.9177,91.93,58.86
26,154,1,42.9126,39.5192,74.9771,92.35,57.83
27,154,1,42.6682,39.7254,75.2494,94.24,57.6
28,154,1,43.0254,39.5092,74.9266,93.73,58.17
29,154,1,42.8821,39.6741,75.1263,94.05,57.81
30,154,1,42.6891,39.4855,75.1985,87.73,57.66
31,154,1,42.8737,39.6945,75.151,92.15,56.64
32,154,0,0,0,0,0,52.95
33,154,1,270.815,11.6977,77.0595,92.58,53.24
34,154,1,270.832,11.7197,77.0108,94.37,54.71
35,154,1,270.717,11.715,77.0944,89.85,49.36
36,154,1,290.241,12.4381,62.8055,89.3,51.3
37,154,1,290.259,12.4757,62.8454,92.97,51.88
38,154,1,290.19,12.465,62.8311,91.78,52.72
39,154,1,290.422,12.5006,62.6982,93.8,52.83
40,154,1,290.14,12.4919,62.9675,89.14,53.32
41,154,1,290.289,12.4917,62.7441,94.85,53.06
42,154,1,290.356,12.5235,62.8189,92.75,52.83
43,154,1,290.14,12.5132,62.9881,95.21,53.71
44,154,1,290.276,12.5081,62.8244,93.48,53.09
45,154,1,290.272,12.4984,62.8215,86.57,53.66
46,154,1,290.199,12.5179,62.9019,93.45,52.9
47,154,1,290.235,12.5122,62.8548,89.67,52.12
48,154,1,290.261,12.5277,62.8771,95.26,53.37
49,154,1,290.223,12.5155,62.8289,94.93,54.29
50,154,1,290.346,12.529,62.7288,92.77,52.64
51,154,1,290.233,12.4804,62.8113,92.41,52.75
52,154,1,290.225,12.5231,62.8626,91.11,53.3
53,154,1,290.166,12.5299,62.9358,94.13,53.89
54,154,1,290.294,12.5287,62.7954,92.88,53.33
55,154,1,290.259,12.5372,62.8553,92.88,53.19
56,154,1,290.094,12.519,62.9587,93.3,53.94
57,154,1,290.168,12.5102,62.9164,92.64,52.77
58,154,1,290.237,12.4821,62.788,94.23,52.82
59,154,1,290.185,12.507,62.8542,93.63,53.67
60,154,1,290.278,12.5098,62.7471,93.4,52.58
61,154,1,290.274,12.5889,62.9197,93.5,53.65
62,154,1,290.166,12.5465,62.9047,92.75,52.9
63,154,1,290.288,12.5488,62.9222,92.17,52.56
64,154,1,290.248,12.5388,62.8761,94.25,53.5
65,154,1,290.111,12.5214,62.9176,93.21,53.49
66,154,1,290.208,12.5725,62.9105,90.28,52.57
67,154,1,290.121,12.5166,62.9627,93.49,53.67
68,154,1,290.156,12.5695,62.9555,93.55,54.06
69,154,1,290.099,12.5515,62.981,90.66,52.34
70,154,1,289.988,12.5473,63.1324,93.64,53.48
71,154,1,289.925,12.5656,63.1716,94.37,53.98
72,154,1,290.034,12.5775,63.0754,85.46,52.74
73,154,0,0,0,0,0,52.86
74,154,1,155.231,38.6488,51.5086,90.84,54.1
75,154,1,155.262,38.6568,51.4878,90.31,55.58
76,154,1,155.345,38.6643,51.4444,93.12,56.69
77,154,1,155.162,38.6634,51.5021,92.67,56.03
78,154,1,155.294,38.6624,51.4677,92.44,56.67
79,154,1,155.194,38.6592,51.5089,92.08,56.08
80,154,1,155.328,38.6487,51.4705,93.94,56.88
81,154,1,155.221,38.6638,51.4654,93.83,56.36
82,154,1,155.261,38.667,51.4607,91.62,57.01
83,154,1,155.277,38.6833,51.4689,92.14,57.08
84,154,1,155.209,38.6275,51.4561,91.02,56.48
85,154,1,155.338,38.664,51.4567,90.87,56.24
86,154,1,155.336,38.6487,51.4264,91.9,56.08
87,154,1,155.379,38.6428,51.4464,95.13,56.12
88,154,1,155.278,38.6647,51.4628,92.1,57.05
89,154,1,155.339,38.6313,51.4472,92.61,56.75
90,154,1,155.388,38.647,51.4316,93.3,55.62
91,154,1,155.259,38.6452,51.4608,91.11,56.2
92,154,1,155.359,38.6503,51.416,92.34,57.42
93,154,1,155.406,38.6437,51.4073,91.31,56.79
94,154,1,155.338,38.6516,51.4215,91.22,55.83
95,154,1,155.43,38.6582,51.3943,92.68,56.83
96,154,1,155.313,38.6616,51.4358,90.87,57.78
97,154,1,155.332,38.6525,51.403,91.31,56.56
98,154,1,155.288,38.6328,51.4443,90.09,56.46
99,154,1,155.476,38.6003,51.3927,91.49,56.18
100,154,1,155.151,38.6355,51.4295,82.9,54.47
101,154,1,45.6289,19.4305,11.4615,93.56,55.44
102,154,1,45.6085,19.476,11.3684,93.08,56.81
103,154,1,45.6487,19.4329,11.561,93.45,57.3
104,154,1,45.6426,19.4776,11.446,95.43,57.79
105,154,1,45.6124,19.461,11.472,94.06,57.57
106,154,1,45.5911,19.407,11.5224,86.57,57.99
107,154,1,45.5971,19.4294,11.4249,94.86,57.33
108,154,1,45.5531,19.4338,11.5305,87.78,57.61
109,154,1,45.6089,19.3909,11.5232,86.64,58.45
110,154,1,45.5378,19.4336,11.5357,93.6,57.67
111,154,1,45.5369,19.4569,11.5898,94.07,57.7
112,154,1,45.4696,19.4656,11.5036,92.06,57.46
113,154,1,45.5348,19.4737,11.4594,93.63,57.67
114,154,1,45.4684,19.4247,11.6566,94.69,57.7
115,154,1,45.6159,19.4345,11.4567,95.02,58.04
116,154,1,45.4848,19.4023,11.6032,86.72,58.13
117,154,1,45.4086,19.4438,11.5947,88.38,58.59
118,154,1,45.5412,19.4177,11.6497,94.12,57.74
119,154,1,45.5086,19.3896,11.5778,85.71,58.25
120,154,1,45.5366,19.3907,11.4871,86.81,58.08
121,154,1,45.4455,19.3668,11.6769,86.14,58.07
122,154,1,45.4832,19.4282,11.5876,95.23,57.38
123,154,1,45.5354,19.421,11.568,94.48,57.99
124,154,1,45.4828,19.4328,11.691,92.58,57.8
125,154,1,46.0124,19.052,11.0513,82.63,57.69
126,154,1,45.468,19.4678,11.5057,94.45,57.95
127,154,1,45.5699,19.4442,11.5026,92.7,57.78
128,154,1,45.4581,19.4002,11.6075,86.13,59.27
129,154,1,45.5418,19.429,11.516,93.8,57.61
130,154,1,45.4741,19.4195,11.6127,96.72,57.26
131,154,1,45.4768,19.3908,11.63,85.82,57.99
132,154,1,45.5043,19.4229,11.5914,94.82,57.9
133,154,1,45.4903,19.3923,11.627,95.01,57.3
134,154,1,45.4572,19.4429,11.5867,94.27,58.58
135,154,1,45.5942,19.3959,11.4583,95.29,58.02
136,154,1,45.5435,19.3946,11.6277,93.93,57.84
137,154,1,45.6303,19.3907,11.4569,95.75,56.66
138,154,1,45.5088,19.4122,11.5856,94.07,57.82
139,154,1,45.5231,19.3447,11.6188,87.23,58.1
140,154,1,45.5094,19.392,11.5509,93.13,57.47
141,154,1,45.4306,19.4264,11.6863,95.31,58.15
142,154,1,45.4188,19.4056,11.709,94.8,57.34
143,154,1,45.5251,19.4106,11.5031,92.36,58.15
144,154,1,45.4259,19.4135,11.6681,92.73,58.48
145,154,1,45.4666,19.3471,11.5985,87.81,58.96
146,154,1,45.9617,19.0679,11.1242,83.87,58.22
147,154,1,45.4961,19.3832,11.5984,94.71,57.49
148,154,1,45.5558,19.376,11.5573,94.72,58.31
149,154,1,45.5638,19.3869,11.4862,94.71,58.65
150,154,1,45.5328,19.3809,11.6172,93.74,57.93
151,154,1,45.3511,19.4347,11.7107,93.54,57.54
152,154,1,45.4725,19.3557,11.6885,93.1,58.37
153,154,1,45.4135,19.4073,11.7353,94.71,57.89
154,154,1,45.8871,19.067,11.0686,81.55,58.03
155,154,1,45.4289,19.408,11.6229,93.13,57.97
156,154,1,45.5027,19.3645,11.5759,94.01,57.57
157,154,1,45.3693,19.4209,11.7265,97.16,58.32
158,154,1,45.4925,19.3761,11.6185,95.77,57.63
159,154,1,45.8561,19.0584,11.1877,84.99,58.56
160,154,1,45.3443,19.3787,11.8659,92.98,57.82
161,154,1,45.4936,19.3674,11.5691,93.57,58.16
162,154,1,45.4067,19.4005,11.5807,93.23,58.33
163,154,1,45.369,19.3858,11.7703,92.74,57.58
164,154,1,45.5031,19.362,11.5875,94.04,58.15
165,154,1,45.4298,19.3353,11.6893,94.01,57.28
166,154,1,155.437,38.6202,51.1857,89.17,54.9
167,154,1,155.514,38.5951,51.213,90.46,56.24
168,154,1,155.501,38.588,51.2217,92.9,56.36
169,154,1,155.377,38.6164,51.2283,92.45,55.61
170,154,1,155.406,38.6132,51.2096,88.84,56.38
171,154,1,155.4,38.6321,51.2421,91.48,56.53
172,154,1,155.516,38.6314,51.1747,91.97,57.16
173,154,1,155.424,38.6451,51.1848,91.65,57.46
174,154,1,155.501,38.6555,51.1513,91.97,56.93
175,154,1,155.599,38.6822,51.0854,90.7,57.54
176,154,1,155.393,38.6936,51.1504,88.39,56.04
177,154,1,155.64,38.6737,51.0459,91.71,56.86
178,154,1,155.529,38.6463,51.1024,90.08,56.74
179,154,1,155.526,38.6251,51.104,92.75,57.06
180,154,1,155.493,38.6078,51.1254,91.28,56.98
181,154,1,155.574,38.6196,51.1173,90.51,56.81
182,154,1,155.469,38.599,51.1649,90.86,56.6
183,154,1,155.475,38.5815,51.1525,92.3,56.5
184,154,1,155.622,38.5718,51.0604,92.09,54.01
185,154,1,160.745,22.2001,57.0405,88.02,53.27
186,154,1,160.954,22.1711,56.9625,90.6,54.58
187,154,1,160.943,22.2188,56.9251,90.56,55.42
188,154,1,160.87,22.1867,56.9539,89.52,56.1
189,154,1,160.977,22.195,56.9389,87.42,56.1
190,154,1,160.899,22.1663,56.9842,94.09,55.53
191,154,1,160.955,22.1809,56.9177,91.37,53.12
192,154,0,0,0,0,0,49.78
193,154,1,329.5,26.3431,32.648,90.8,47.9
194,154,0,0,0,0,0,50.36
195,154,1,66.9362,15.3847,69.6855,92.13,52.3
196,154,1,67.0941,15.3781,69.5398,84.68,53.49
197,154,1,66.8585,15.4548,69.8015,94,52.97
198,154,1,66.5224,15.472,70.064,93.76,52.71
199,154,1,66.8228,15.4413,69.8434,93.52,53.12
200,154,1,66.6419,15.476,69.9739,86.19,53.44
201,154,1,66.8994,15.4026,69.7928,93.77,54.39
202,154,1,66.8999,15.4167,69.8528,92.33,52.99
203,154,1,66.8572,15.4188,69.7942,85.99,53.4
204,154,1,66.6638,15.4331,69.9488,87.24,52.39
205,154,1,66.9586,15.3796,69.6988,93.89,54.09
206,154,1,66.8507,15.419,69.8277,91.67,52.79
207,154,1,66.8944,15.3899,69.7274,94.5,53.26
208,154,1,66.9562,15.397,69.6666,92.91,53.87
209,154,1,66.8393,15.4254,69.8598,91.84,53.98
210,154,1,66.8095,15.4338,69.8026,84.55,53.75
211,154,1,66.841,15.4173,69.8744,93.36,53.28
212,154,1,66.6375,15.3672,70.0304,85.98,53.7
213,154,1,66.6506,15.47,69.9416,94.64,52.72
214,154,1,66.818,15.3708,69.7957,86.1,54.26
215,154,1,66.4939,15.4437,70.1747,84.5,54.28
216,154,1,66.742,15.4003,69.9875,92.66,52.69
217,154,1,66.9103,15.3656,69.7634,91.69,53.52
218,154,1,66.781,15.3731,69.8038,84.98,54.85
219,154,1,66.6786,15.4546,70.0019,85.16,53.67
220,154,1,66.7912,15.4055,69.8567,86.78,54.09
221,154,1,66.5281,15.4274,70.136,86.9,54.23
222,154,1,66.8665,15.3317,69.7567,84.18,54.24
223,154,1,66.5049,15.4013,70.1648,86.27,53.62
224,154,1,66.4898,15.426,70.2488,85.23,53.77
225,154,1,66.816,15.3653,69.8192,93.48,54.24
226,154,1,66.7257,15.4032,69.8883,92.36,53.18
227,154,1,66.4878,15.4283,70.1449,93.33,54.26
228,154,1,66.5952,15.4212,70.0547,91.78,54.09
229,154,1,66.7607,15.3933,69.9292,91.76,53.89
230,154,1,66.6284,15.411,70.0422,92.57,52.22
231,154,1,66.7743,15.3051,69.9083,86.6,52.66
232,154,1,66.555,15.3996,70.0927,93.54,51.42
233,154,1,66.3636,15.4479,70.2505,87.66,51.06
234,154,1,66.6751,15.3556,70.0566,85.09,50.34
235,154,1,66.4271,15.4267,70.3119,84.76,51.05
236,154,0,0,0,0,0,49.82
237,154,0,0,0,0,0,50.74
238,154,1,253.925,33.3191,24.8754,64.12,50.29
239,154,1,255.602,32.9496,23.3459,90.57,51.52
240,154,1,255.514,32.9082,23.4414,91.92,53.5
241,154,1,255.66,32.9283,23.3307,91.7,53.89
242,154,1,255.521,32.8907,23.3448,94.92,55.58
243,154,1,255.262,32.8763,23.387,90.17,56.39
244,154,1,255.496,32.7892,23.2169,87.64,55.96
245,154,1,255.539,32.7838,23.2871,89.25,56.28
246,154,1,255.586,32.9251,23.2965,92.53,56.79
247,154,1,255.587,32.6802,23.2092,87.84,56.3
248,154,1,255.393,32.9123,23.4225,92.03,56.26
249,154,1,255.323,32.9432,23.3962,89.9,55.32
250,154,1,255.378,32.9244,23.4008,91.22,56.21
251,154,1,255.642,32.8455,23.259,90.94,55.44
252,154,1,255.444,32.9423,23.4371,90.31,56.15
253,154,1,255.562,32.673,23.219,86.5,56.09
254,154,1,255.627,32.9741,23.3041,92.56,52.65
255,154,0,0,0,0,0,36.56
0,155,0,0,0,0,0,53.78
1,155,0,0,0,0,0,56.29
2,155,0,0,0,0,0,55.71
3,155,1,42.8268,39.8304,74.8996,83.24,36.57
4,155,1,43.0658,39.5637,74.8882,91.74,52.54
5,155,1,43.0358,39.5406,74.9655,88.86,57.2
6,155,1,42.8813,39.7413,75.0551,95.27,57
7,155,1,42.9446,39.7008,75.1469,92.12,57.88
8,155,1,42.7332,39.5101,75.1952,88.7,57.81
9,155,1,42.6416,39.5461,75.4025,84.77,58.04
10,155,1,43.0852,39.6001,74.8698,91.48,57.55
11,155,1,42.9524,39.5694,74.9879,91.44,58.29
12,155,1,42.7049,39.5301,75.373,90.82,58.97
13,155,1,42.9596,39.6696,75.0419,93.7,58
14,155,1,42.9432,39.541,75.0314,90.68,57.85
15,155,1,42.5502,39.54,75.4111,88.69,58.28
16,155,1,42.9507,39.5442,74.8738,92.41,57.87
17,155,1,43.0461,39.5497,74.8839,88.74,57.51
18,155,1,42.7828,39.5132,75.181,90.97,57.95
19,155,1,42.8905,39.6927,75.1575,92.91,58.1
20,155,1,42.7448,39.512,75.1823,90.58,57.82
21,155,1,42.7879,39.7188,75.1294,95.69,57.59
22,155,1,42.8792,39.5772,75.1188,89.95,58.66
23,155,1,43.0083,39.5387,74.9329,93.9,57.5
24,155,1,42.7693,39.4929,75.213,91.63,57.59
25,155,1,42.8085,39.4957,75.2524,89.46,57.76
26,155,1,42.8094,39.6817,75.1603,92.87,57.8
27,155,1,42.9384,39.6417,75.2243,93.85,57.48
28,155,1,42.9665,39.5259,74.8927,93.24,57.54
29,155,1,42.7918,39.4604,75.222,90.54,57.93
30,155,1,42.8965,39.6796,75.0697,94.28,57.13
31,155,1,42.9206,39.681,75.0639,95.09,58.59
32,155,1,42.8605,39.6706,75.193,86.58,53.78
33,155,1,270.883,11.7113,77.0344,93.41,52.11
34,155,1,270.883,11.6832,77.0366,92.49,53.88
35,155,1,270.677,11.6736,77.3929,86.35,48.83
36,155,1,290.337,12.4234,62.7563,92.8,50.87
37,155,1,290.308,12.4665,62.8393,92.11,52.22
38,155,1,290.278,12.4749,62.7762,92.53,52.7
39,155,1,290.303,12.4853,62.8791,93.21,52.05
40,155,1,290.244,12.5016,62.8688,95.98,53.41
41,155,1,290.26,12.4989,62.8277,91.93,53.27
42,155,1,290.236,12.4957,62.8772,90.6,53.09
43,155,1,290.247,12.4856,62.7853,93.66,52.39
44,155,1,290.256,12.5245,62.9241,91.96,52.41
45,155,1,290.276,12.4865,62.8315,91.05,52.15
46,155,1,290.188,12.5034,62.9355,88.75,53.1
47,155,1,290.18,12.4961,62.9263,88.94,52.96
48,155,1,290.217,12.5173,62.8287,92.34,52.96
49,155,1,290.214,12.5012,62.854,92.98,52.68
50,155,1,290.189,12.4863,62.8459,92.24,53.6
51,155,1,290.264,12.5153,62.8937,94.29,53.16
52,155,1,290.189,12.4931,62.8258,91.76,53.02
53,155,1,290.186,12.5186,62.9214,89.15,53.16
54,155,1,290.187,12.5109,62.8328,92.71,52.4
55,155,1,290.141,12.5109,62.9569,93.72,52.95
56,155,1,290.136,12.5171,62.9319,90.31,52.67
57,155,1,290.29,12.5381,62.8799,94.27,53.2
58,155,1,290.325,12.5326,62.7079,91.14,52.59
59,155,1,290.273,12.5228,62.8265,94.66,53.73
60,155,1,290.153,12.5088,62.883,90.99,53.22
61,155,1,290.11,12.4997,62.9001,92.5,53.54
62,155,1,290.148,12.5536,62.9616,90.08,53.38
63,155,1,290.105,12.5862,63.097,92.34,53.34
64,155,1,290.191,12.5554,62.9182,91.76,52.92
65,155,1,290.209,12.5199,62.8029,90.98,53.18
66,155,1,290.142,12.4982,62.8909,91.6,53.42
67,155,1,290.17,12.5501,62.9401,90.36,52.93
68,155,1,290.269,12.5316,62.9086,93.42,53.2
69,155,1,290.074,12.5651,63.0404,94.24,52.91
70,155,1,290.207,12.5621,62.9375,92.99,53.36
71,155,1,290.142,12.571,63.0152,91.42,53.06
72,155,0,0,0,0,0,53.23
73,155,1,155.433,38.64,51.4094,85.03,55.06
74,155,1,155.146,38.6833,51.5427,91.95,56.04
75,155,1,155.345,38.6631,51.4447,91.56,56.1
76,155,1,155.369,38.6538,51.4657,93.53,56.32
77,155,1,155.388,38.6522,51.4333,92.3,56.44
78,155,1,155.402,38.6571,51.4755,92.24,56.12
79,155,1,155.353,38.6321,51.4614,92.01,55.68
80,155,1,155.399,38.6352,51.4055,93.74,57.71
81,155,1,155.286,38.6773,51.4633,91.23,56.67
82,155,1,155.32,38.6686,51.4555,91.62,55.61
83,155,1,155.324,38.6705,51.4496,92.79,56.37
84,155,1,155.309,38.6572,51.4415,91.19,56.65
85,155,1,155.329,38.6562,51.4698,94.15,57.2
86,155,1,155.232,38.6542,51.4771,95.72,56.37
87,155,1,155.381,38.6492,51.4255,92.68,57.14
88,155,1,155.342,38.6492,51.446,94.61,57.06
89,155,1,155.45,38.6478,51.4224,90.19,55.98
90,155,1,155.218,38.6491,51.4679,89.33,57.28
91,155,1,155.355,38.6516,51.4266,93.05,56.06
92,155,1,155.3,38.6694,51.4276,89.44,56.25
93,155,1,155.366,38.6568,51.4068,89.96,56.02
94,155,1,155.42,38.6549,51.4101,91.35,56.18
95,155,1,155.308,38.6574,51.441,90.81,56.19
96,155,1,155.382,38.6496,51.4104,93.04,56.5
97,155,1,155.351,38.6471,51.3971,92.06,57.22
98,155,1,155.4,38.6354,51.4083,95.03,55.67
99,155,1,155.304,38.6443,51.4173,91.69,56.44
100,155,1,155.354,38.6481,51.3968,85.19,53.38
101,155,1,45.665,19.4661,11.4026,94.61,55.9
102,155,1,45.6453,19.4243,11.4628,94.29,57.72
103,155,1,45.6443,19.4494,11.4562,94.84,56.97
104,155,1,45.595,19.4503,11.4683,93.69,57.62
105,155,1,45.6387,19.4459,11.5279,94.23,57.9
106,155,1,45.5148,19.4559,11.6476,94.36,57.82
107,155,1,45.5827,19.4558,11.5639,95.24,57.7
108,155,1,45.6656,19.469,11.4212,94.42,57.64
109,155,1,45.6084,19.4373,11.4827,94.69,57.49
110,155,1,45.5702,19.4516,11.4562,93.75,57.24
111,155,1,45.6008,19.4409,11.4418,95.3,56.98
112,155,1,47.0419,19.1313,10.0605,81.87,58.34
113,155,1,45.4754,19.432,11.6104,89.14,58.16
114,155,1,45.5604,19.4672,11.5065,94.32,57.53
115,155,1,45.5692,19.4123,11.5658,86.57,58.59
116,155,1,45.4775,19.4165,11.6086,95.34,57.71
117,155,1,45.5375,19.3758,11.5259,86.88,58.21
118,155,1,45.5392,19.4481,11.4861,94.43,57.82
119,155,1,45.5813,19.4503,11.5003,94.07,58.24
120,155,1,45.3995,19.4608,11.5427,86.84,58.26
121,155,1,45.4534,19.3735,11.6281,87.8,58.76
122,155,1,45.5186,19.3781,11.5107,87.66,58.46
123,155,1,45.4495,19.4558,11.5813,95.62,58.39
124,155,1,45.5584,19.4039,11.5425,93.64,58.07
125,155,1,45.5804,19.3936,11.5301,88.74,58.56
126,155,1,45.5599,19.4494,11.5214,94.95,57.86
127,155,1,45.5967,19.446,11.4397,96.55,57.18
128,155,1,45.5168,19.4319,11.5879,94.41,57.84
129,155,1,45.5097,19.4054,11.5162,87.7,58.62
130,155,1,45.4355,19.3918,11.6882,88.52,58.83
131,155,1,45.4856,19.4334,11.5542,95.03,57.26
132,155,1,45.5321,19.3692,11.5298,87.55,58.24
133,155,1,45.5701,19.3919,11.547,93.58,58.23
134,155,1,45.483,19.4313,11.5008,93.95,57.15
135,155,1,47.0052,19.1146,10.0903,82.25,58.31
136,155,1,45.4786,19.4241,11.5991,93.71,58.04
137,155,1,45.5175,19.4154,11.5774,94.63,57.88
138,155,1,45.9971,19.0096,11.1108,82.24,58.11
139,155,1,45.5476,19.4202,11.5197,91.73,58.73
140,155,1,45.421,19.4488,11.4195,83.11,58.12
141,155,1,45.5073,19.4096,11.4911,93.42,57.31
142,155,1,45.3944,19.4096,11.7151,93.76,57.38
143,155,1,45.4548,19.4121,11.5982,95.3,57.69
144,155,1,45.4663,19.3954,11.5385,94.89,58
145,155,1,45.4111,19.3786,11.6692,87.78,58.86
146,155,1,45.5477,19.3897,11.5487,95.79,57.47
147,155,1,45.436,19.4183,11.5998,95.19,57.94
148,155,1,45.477,19.422,11.5336,95.4,57.8
149,155,1,45.5379,19.407,11.5263,92.34,58.37
150,155,1,45.947,19.0602,11.1186,84.61,57.76
151,155,1,45.3412,19.4158,11.7343,95.86,57.42
152,155,1,45.4531,19.4268,11.5664,94.15,57.26
153,155,1,45.4155,19.4185,11.7176,94,58.37
154,155,1,45.432,19.3815,11.7302,93.48,57.94
155,155,1,45.4655,19.3721,11.6985,92.69,57.42
156,155,1,45.4378,19.3825,11.7271,93.66,58.11
157,155,1,45.4565,19.3895,11.5534,95.71,58
158,155,1,45.2991,19.3629,11.7801,88.94,58.06
159,155,1,46.6105,18.9703,10.4923,76.23,58.54
160,155,1,45.3733,19.4064,11.7191,94.44,58
161,155,1,45.4971,19.3889,11.5445,94.64,58.68
162,155,1,45.3783,19.3874,11.6497,95.25,58.53
163,155,1,45.4207,19.3886,11.6265,94.94,57.43
164,155,1,45.3569,19.3755,11.6764,93.12,57.76
165,155,1,45.3821,19.3667,11.6781,93,57.16
166,155,1,155.429,38.5993,51.2161,87.91,53.93
167,155,1,155.42,38.5964,51.2153,91.7,55.8
168,155,1,155.331,38.6198,51.2432,91.35,56.03
169,155,1,155.491,38.6079,51.1911,92.82,57.1
170,155,1,155.476,38.6271,51.1877,94.18,56.23
171,155,1,155.406,38.6261,51.2123,90.39,56.02
172,155,1,155.392,38.6415,51.2372,91.71,56.26
173,155,1,155.48,38.6483,51.1854,91.98,57.05
174,155,1,155.523,38.6467,51.1434,92.38,56.51
175,155,1,155.546,38.679,51.1101,93.53,57.54
176,155,1,155.605,38.7139,51.0476,89.88,56.41
177,155,1,155.56,38.6666,51.0701,91.8,56.75
178,155,1,155.662,38.6226,51.114,95.67,56.43
179,155,1,155.467,38.6014,51.1273,91.46,56.78
180,155,1,155.556,38.6156,51.1319,91.88,56.91
181,155,1,155.402,38.6089,51.1533,91.36,56.37
182,155,1,155.486,38.6055,51.1373,90.66,57.03
183,155,1,155.464,38.5746,51.1669,92.38,55.81
184,155,1,155.499,38.5836,51.1425,92.34,54.84
185,155,0,0,0,0,0,49.84
186,155,1,160.992,22.2058,56.8974,88.41,55.17
187,155,1,160.807,22.1711,57.0082,93.03,54.11
188,155,1,160.914,22.171,56.9455,88.58,55.81
189,155,1,161.084,22.172,56.8722,86.27,54.75
190,155,1,160.894,22.1804,56.971,88.82,56.14
191,155,1,161.002,22.2133,56.8427,89.41,54
192,155,1,329.862,26.301,32.4049,86.13,49.1
193,155,1,329.462,26.3963,32.7397,86.91,48.86
194,155,0,0,0,0,0,47.76
195,155,1,66.7699,15.4677,69.8382,93.54,51.94
196,155,1,66.8477,15.4396,69.8083,91.99,52.17
197,155,1,66.9003,15.4331,69.8384,90.87,53.3
198,155,1,66.7729,15.4564,69.9594,92.06,53.62
199,155,1,66.6477,15.4619,70.0025,83.39,54.03
200,155,1,67.0023,15.3598,69.6937,86.43,53.62
201,155,1,66.7933,15.4491,69.903,92.27,53.91
202,155,1,66.7788,15.4208,69.9288,92.62,54.12
203,155,1,66.8413,15.4185,69.8757,85.2,53.55
204,155,1,66.6093,15.4385,69.9786,93.11,53.56
205,155,1,66.6872,15.4711,69.9421,93.92,53.73
206,155,1,66.8759,15.3664,69.7611,92.13,54.37
207,155,1,66.9584,15.3453,69.8222,84.59,53.1
208,155,1,66.9007,15.3706,69.7118,86.79,53.91
209,155,1,66.8759,15.4257,69.8043,90.8,52.82
210,155,1,66.8849,15.3929,69.6461,94,53.83
211,155,1,66.8807,15.424,69.8366,93.86,53.06
212,155,1,66.8681,15.4136,69.8555,89.69,53.75
213,155,1,66.9407,15.3718,69.7377,84.79,53.88
214,155,1,66.6955,15.4224,69.9241,91.21,54.4
215,155,1,66.8076,15.4138,69.8863,84.54,53.39
216,155,1,66.9835,15.3885,69.7184,93.7,54.28
217,155,1,66.8653,15.3531,69.8033,92.79,53.81
218,155,1,66.7839,15.3796,69.8143,92.76,53.47
219,155,1,66.755,15.4209,70.0241,91.95,53.03
220,155,1,66.683,15.4217,69.985,91.68,52.94
221,155,1,66.516,15.4501,70.0655,94.81,53.88
222,155,1,66.8113,15.3727,69.8218,95.45,54.67
223,155,1,66.7078,15.3691,69.9156,93.88,53.69
224,155,1,66.6271,15.4288,70.0681,84.34,53.49
225,155,1,66.6268,15.4078,70.0411,93.4,53.43
226,155,1,66.6953,15.3997,70.0154,92.11,54.21
227,155,1,66.56,15.4126,70.0861,93.25,53.77
228,155,1,66.6874,15.406,69.9424,92.76,54.34
229,155,1,66.5081,15.4173,70.103,90.73,54.02
230,155,1,66.5512,15.4119,70.1305,86.18,54.08
231,155,1,66.7182,15.3667,69.888,85.33,53.46
232,155,1,66.6919,15.3848,69.974,91.9,53.08
233,155,1,66.5569,15.429,70.1325,94.13,53.67
234,155,1,66.6891,15.3316,69.9146,85.25,51.67
235,155,1,66.6658,15.3875,69.9851,91.99,51.4
236,155,0,0,0,0,0,51.41
237,155,1,66.5869,15.3977,70.0338,86.45,50.49
238,155,1,66.4141,15.412,70.2835,85.38,50.75
239,155,1,66.0808,15.4762,70.5246,83.1,50.69
240,155,0,0,0,0,0,51.41
241,155,1,255.566,32.8815,23.3666,81.51,50.7
242,155,1,255.503,32.894,23.3754,90.94,53.18
243,155,1,255.443,32.9192,23.3707,88.52,53.06
244,155,1,255.588,32.8243,23.2868,91.39,55.55
245,155,1,255.544,32.7321,23.3569,90.06,55.32
246,155,1,255.42,32.7199,23.359,87.61,55.89
247,155,1,255.604,32.9154,23.3114,90.57,56.72
248,155,1,255.265,32.8745,23.408,89.4,55.65
249,155,1,255.511,32.7837,23.2759,91.69,57.54
250,155,1,255.61,32.7117,23.1366,85.1,56.43
251,155,1,255.37,32.9058,23.3523,91,56
252,155,1,255.618,32.7147,23.262,87.63,55.71
253,155,1,255.579,32.7305,23.2279,90.58,56.39
254,155,1,255.614,33.0107,23.356,88.95,52.67
255,155,1,255.386,32.9333,23.4546,75.53,36.3
0,156,0,0,0,0,0,54.9
1,156,0,0,0,0,0,58.16
2,156,0,0,0,0,0,56
3,156,0,0,0,0,0,60.98
4,156,1,42.961,39.5675,74.9248,88.02,53.07
5,156,1,42.6937,39.5597,75.2727,90.19,56.53
6,156,1,42.9046,39.5223,75.0787,91.28,56.66
7,156,1,43.0736,39.5436,74.8957,91.29,57.19
8,156,1,42.6142,39.5508,75.306,88.3,57.86
9,156,1,42.7586,39.538,75.1303,89.29,56.8
10,156,1,42.8272,39.7139,75.0532,94.79,56.77
11,156,1,42.5132,39.5333,75.3918,89.13,57.62
12,156,1,42.9667,39.5638,74.971,91.63,57.83
13,156,1,42.6691,39.5623,75.3847,87.28,58.18
14,156,1,42.668,39.7612,75.2356,93.32,58.16
15,156,1,42.7085,39.4711,75.3397,90.83,58.49
16,156,1,42.8433,39.7259,75.1191,93.8,57.04
17,156,1,42.7934,39.5094,75.189,89.37,57.24
18,156,1,42.8918,39.6955,75.1564,93.73,57.72
19,156,1,42.92,39.694,75.0471,96.38,57.28
20,156,1,42.659,39.4992,75.2272,89.87,58.25
21,156,1,42.9942,39.5565,74.9198,91.22,57.65
22,156,1,42.839,39.4996,75.1311,87.55,58.28
23,156,1,42.5178,39.4929,75.4184,88.87,57.5
24,156,1,42.5701,39.5043,75.4452,90.27,57.63
25,156,1,42.7321,39.7287,75.3048,93.2,58.79
26,156,1,42.5196,39.5098,75.4394,89.53,58.33
27,156,1,42.8505,39.6556,75.1705,94.63,57.65
28,156,1,42.9357,39.6673,75.0232,96.41,58
29,156,1,43.0112,39.5108,74.922,92.98,56.92
30,156,1,42.7774,39.4759,75.2419,91.32,58.11
31,156,1,42.8496,39.672,75.1216,95.62,57.46
32,156,1,42.8267,39.6884,75.1632,94.56,55.77
33,156,0,0,0,0,0,53.85
34,156,1,270.819,11.7282,77.1219,93.07,53.04
35,156,0,0,0,0,0,49.24
36,156,1,290.279,12.4673,62.8156,91.67,51.77
37,156,1,290.274,12.4482,62.7874,93.09,52.51
38,156,1,290.276,12.4716,62.7175,91.24,54.05
39,156,1,290.282,12.4719,62.8297,93.64,52.76
40,156,1,290.37,12.5336,62.818,93.57,52.9
41,156,1,290.211,12.4982,62.9221,92.76,52.99
42,156,1,290.2,12.5092,62.9272,91.24,52.6
43,156,1,290.298,12.4885,62.7915,94.14,52.93
44,156,1,290.329,12.5089,62.7852,93.86,53.43
45,156,1,290.23,12.5231,62.8791,93.61,53.47
46,156,1,290.237,12.4895,62.7564,94.22,52.68
47,156,1,290.273,12.4635,62.7673,92.63,53.14
48,156,1,290.223,12.5005,62.9196,91.05,52.5
49,156,1,290.19,12.4835,62.8637,90.15,53.05
50,156,1,290.206,12.4747,62.868,93.37,53.25
51,156,1,290.205,12.4915,62.863,91.9,53.29
52,156,1,290.167,12.5021,62.9011,91.79,53.37
53,156,1,290.273,12.4985,62.9036,90.75,53.06
54,156,1,290.225,12.5159,62.9201,92.96,52.48
55,156,1,290.089,12.5433,63.0502,93.9,53.38
56,156,1,290.245,12.5132,62.802,92.78,54.16
57,156,1,290.142,12.507,62.8668,90,53.35
58,156,1,289.983,12.5253,63.0685,94.21,53.47
59,156,1,290.084,12.5277,62.9373,94.32,53.53
60,156,1,290.175,12.5181,62.8235,90.57,53.66
61,156,1,290.09,12.5703,63.0612,93.78,53.84
62,156,1,290.234,12.5454,62.8966,91.95,53.05
63,156,1,290.109,12.5372,62.9488,92.21,52.95
64,156,1,290.105,12.5212,62.9128,92.98,53.5
65,156,1,290.288,12.538,62.8773,93.1,53.26
66,156,1,290.158,12.5079,62.9055,92.86,53.13
67,156,1,290.063,12.5591,63.0265,94.05,53.23
68,156,1,290.124,12.589,63.0956,93.78,54.08
69,156,1,290.113,12.5226,62.9454,93.05,52.57
70,156,1,290.215,12.5717,62.9041,91.34,52.68
71,156,1,290.013,12.5824,63.1769,84.62,53.21
72,156,1,155.284,38.6458,51.5201,85.51,53.66
73,156,1,155.257,38.6556,51.5297,92.16,55.44
74,156,1,155.381,38.6567,51.4458,92.15,55.81
75,156,1,155.23,38.6625,51.5116,90.47,55.84
76,156,1,155.282,38.6668,51.4692,94.44,55.64
77,156,1,155.266,38.6755,51.4644,90.95,56.67
78,156,1,155.271,38.6827,51.4779,90.8,55.85
79,156,1,155.282,38.6608,51.4562,91.78,55.86
80,156,1,155.305,38.658,51.4793,91.45,56.67
81,156,1,155.215,38.6772,51.5082,88.41,56.78
82,156,1,155.291,38.6642,51.4409,91.74,56.11
83,156,1,155.336,38.6559,51.4586,92.62,57.5
84,156,1,155.374,38.6354,51.4277,90.78,56.35
85,156,1,155.333,38.6588,51.4332,93.61,56.36
86,156,1,155.28,38.6423,51.4562,89.3,56.17
87,156,1,155.286,38.6394,51.4758,91.16,55.67
88,156,1,155.213,38.6462,51.4761,94.28,55.52
89,156,1,155.391,38.641,51.4258,94.32,56.41
90,156,1,155.345,38.6459,51.4404,94.01,56.6
91,156,1,155.274,38.6574,51.4681,94.68,56.98
92,156,1,155.282,38.6358,51.4523,93.6,55.55
93,156,1,155.352,38.6459,51.4306,93.63,57.72
94,156,1,155.322,38.644,51.446,93.3,56.51
95,156,1,155.438,38.6422,51.4094,93.37,56.35
96,156,1,155.4,38.6277,51.4071,93.42,57.01
97,156,1,155.251,38.6576,51.445,89.96,55.91
98,156,1,155.307,38.6504,51.4421,91.08,56.11
99,156,1,155.274,38.6588,51.4381,93.17,56.53
100,156,1,155.187,38.6543,51.4434,85.06,54.1
101,156,1,45.66,19.4706,11.3901,92.51,55.29
102,156,1,45.6276,19.459,11.4565,95.66,57.71
103,156,1,45.5698,19.3928,11.6039,87.53,58.1
104,156,1,45.5993,19.4579,11.4288,94.86,57.24
105,156,1,45.5328,19.4433,11.572,95.87,57.53
106,156,1,45.5271,19.4912,11.4414,89.61,56.85
107,156,1,45.6933,19.4314,11.418,94.66,57.37
108,156,1,45.6115,19.4055,11.5023,86.86,58.06
109,156,1,45.7536,19.4241,11.3584,95.91,57.55
110,156,1,45.5978,19.448,11.502,94.61,57.17
111,156,1,45.5379,19.4306,11.5456,95.55,57.99
112,156,1,45.5345,19.4536,11.5809,92.34,57.61
113,156,1,45.4182,19.5147,11.4797,89.63,58.37
114,156,1,45.4966,19.4333,11.5388,95.05,57.18
115,156,1,45.537,19.4653,11.5292,94.15,57.47
116,156,1,45.4774,19.4023,11.6316,84.94,58.42
117,156,1,45.5697,19.4053,11.4578,87.33,58.23
118,156,1,45.538,19.4238,11.599,93.61,57.57
119,156,1,45.5083,19.403,11.5806,88.59,58.44
120,156,1,45.5841,19.401,11.5715,93.42,57.48
121,156,1,45.2932,19.0018,11.6913,76.86,58.41
122,156,1,45.7028,19.4191,11.4064,94.2,58.21
123,156,1,45.4328,19.4354,11.6384,96.24,58.2
124,156,1,45.506,19.4476,11.5188,93.47,57.78
125,156,1,45.6573,19.4069,11.4952,94.01,57.99
126,156,1,45.4976,19.3776,11.5861,86.75,58.04
127,156,1,45.4403,19.3997,11.6458,86.78,58.05
128,156,1,45.4912,19.3932,11.5104,85.73,58.31
129,156,1,45.6735,19.4189,11.3981,94.12,58.02
130,156,1,45.5973,19.4003,11.5589,93.96,58.25
131,156,1,45.522,19.4366,11.5293,94.21,58.06
132,156,1,45.4886,19.436,11.5333,92.47,57.14
133,156,1,45.4908,19.4109,11.6271,93.69,57.86
134,156,1,45.3824,19.3817,11.8046,85.12,58.56
135,156,1,45.5939,19.3834,11.5224,93.43,57.85
136,156,1,45.4147,19.3774,11.7513,86.33,58.4
137,156,1,45.4648,19.4234,11.726,97.07,58.4
138,156,1,45.33,19.4089,11.6695,87.74,57.91
139,156,1,45.4537,19.4436,11.5327,92.5,57.54
140,156,1,45.4739,19.4133,11.5611,94.08,57.76
141,156,1,45.5245,19.4438,11.3812,87.07,57.47
142,156,1,45.5005,19.3936,11.6508,91.81,57.89
143,156,1,46.9553,19.1079,10.1189,82.89,58.11
144,156,1,45.4564,19.3831,11.6366,94.98,57.65
145,156,1,45.2256,18.9423,11.788,77.92,57.94
146,156,1,45.4669,19.4232,11.5704,95.23,57.31
147,156,1,45.4702,19.4233,11.5856,96.04,56.92
148,156,1,45.3707,19.408,11.6921,94.85,57.66
149,156,1,45.4457,19.3884,11.6511,95.51,57.34
150,156,1,45.5457,19.3644,11.6198,92.49,58.46
151,156,1,45.461,19.3936,11.6482,95.5,57.09
152,156,1,45.4312,19.4103,11.5842,93.55,58.38
153,156,1,45.5273,19.3759,11.5379,95.34,58.6
154,156,1,45.569,19.3638,11.6336,94.17,58.09
155,156,1,45.558,19.3819,11.5567,94.05,58.62
156,156,1,45.4281,19.407,11.6472,96.6,57.99
157,156,1,45.5686,19.3684,11.6166,94.59,58.76
158,156,1,45.292,19.3951,11.7277,86.36,58.78
159,156,1,45.3945,19.3577,11.7264,90.27,57.68
160,156,1,45.444,19.3881,11.6147,96.06,58.33
161,156,1,45.4097,19.3875,11.6556,96.17,57.75
162,156,1,45.3804,19.3943,11.5938,95,57.53
163,156,1,45.3789,19.3913,11.65,95.47,57.37
164,156,1,45.3168,19.3567,11.7196,88.98,58.37
165,156,1,45.4131,19.35,11.7433,93.62,56.68
166,156,1,155.275,38.605,51.2904,85.92,53.72
167,156,1,155.396,38.5974,51.239,90.38,56.92
168,156,1,155.495,38.5975,51.1721,91.17,56.32
169,156,1,155.4,38.6171,51.2209,92.05,56.32
170,156,1,155.433,38.637,51.2305,91.08,56.01
171,156,1,155.431,38.6275,51.2017,90.38,56.59
172,156,1,155.456,38.6378,51.1926,91.19,56.85
173,156,1,155.401,38.6564,51.1936,90.88,56.75
174,156,1,155.476,38.6785,51.1339,91.2,56.43
175,156,1,155.54,38.6748,51.1066,90.78,55.88
176,156,1,155.658,38.6763,51.0476,91.81,56.09
177,156,1,155.575,38.6775,51.061,89.37,56.47
178,156,1,155.524,38.62,51.1377,92.82,56.4
179,156,1,155.588,38.6077,51.1017,95.34,57.43
180,156,1,155.531,38.6004,51.1241,91.47,56.96
181,156,1,155.597,38.5884,51.1198,92.28,56.43
182,156,1,155.355,38.6083,51.2005,93.06,56.05
183,156,1,155.586,38.584,51.1386,91.67,56.39
184,156,1,155.564,38.5701,51.1134,92.01,57.59
185,156,1,155.607,38.5077,51.1296,84.59,52.2
186,156,1,160.929,22.2121,56.9761,91.73,53.86
187,156,1,160.987,22.1874,56.8917,91.32,54.2
188,156,1,160.864,22.1823,56.9618,90.95,55.4
189,156,1,160.981,22.1681,56.9029,92.21,54.27
190,156,1,161.05,22.1925,56.8709,88.13,54.84
191,156,0,0,0,0,0,51.26
192,156,1,329.706,26.2527,32.5068,88.98,50.3
193,156,1,329.511,26.2667,32.7283,86.19,50.25
194,156,0,0,0,0,0,46.96
195,156,1,66.9375,15.3904,69.7214,92.87,51.27
196,156,1,66.992,15.4428,69.7305,92.81,53.48
197,156,1,67.056,15.405,69.6194,84.56,53.65
198,156,1,66.7958,15.4665,69.8305,92.53,52.58
199,156,1,66.9074,15.4274,69.8296,92.49,52.93
200,156,1,66.9726,15.4152,69.7982,90.12,53.47
201,156,1,66.8499,15.4481,69.8557,90.17,53.67
202,156,1,66.9042,15.3791,69.6665,85.27,53.95
203,156,1,66.807,15.4345,69.8853,93.33,53.37
204,156,1,66.7721,15.4145,69.9524,90.09,53.16
205,156,1,66.8193,15.4501,69.7867,91.4,53.25
206,156,1,66.7667,15.4436,69.8537,93.84,54.37
207,156,1,66.8372,15.4331,69.7746,84.97,53.46
208,156,1,66.9273,15.3749,69.7275,94.69,52.59
209,156,1,66.8074,15.4307,69.8686,91.23,53.82
210,156,1,66.8558,15.3952,69.7253,93.23,53.56
211,156,1,66.7912,15.4048,69.813,93.9,53.75
212,156,1,66.8569,15.35,69.764,85.5,53.24
213,156,1,66.9602,15.3321,69.7059,84.82,54.26
214,156,1,66.7162,15.4504,69.9064,92.72,53.37
215,156,1,66.8101,15.3786,69.7351,85.87,54.53
216,156,1,66.8657,15.4272,69.8614,94.46,54.21
217,156,1,66.7039,15.4151,69.9584,91.35,53.79
218,156,1,66.5772,15.3813,70.0308,86.11,53.79
219,156,1,66.5757,15.4364,70.0782,91.84,52.77
220,156,1,66.937,15.3707,69.7185,94.34,54.14
221,156,1,66.6557,15.4269,69.9732,93.62,54.56
222,156,1,66.7786,15.4112,69.8977,94.07,54.01
223,156,1,66.5985,15.437,70.0992,86.43,53.62
224,156,1,66.5729,15.434,69.9965,86.14,55.07
225,156,1,66.7993,15.3497,69.8082,83.68,53.33
226,156,1,66.7004,15.3748,69.9016,82.71,53.75
227,156,1,66.658,15.4004,69.9892,93.74,52.65
228,156,1,66.5158,15.4213,70.1776,83.46,54.45
229,156,1,66.8171,15.3477,69.7454,84.58,53.94
230,156,1,66.6479,15.3433,69.9753,86.56,53.9
231,156,1,66.6985,15.374,70.0234,93.37,54.11
232,156,1,66.6365,15.3921,70.0136,93.7,52.71
233,156,1,66.7104,15.3145,69.9039,85.62,52.82
234,156,1,66.6807,15.3698,69.8492,94.15,53.91
235,156,1,66.6521,15.3448,69.9945,93.38,53.5
236,156,1,66.8276,15.3104,69.8338,83.53,53.18
237,156,1,66.6678,15.327,69.9592,93.42,53.67
238,156,1,66.5919,15.3585,70.2582,84.43,53.16
239,156,1,66.6762,15.3216,69.9868,92.55,51.16
240,156,1,66.6305,15.3564,70.0865,89.61,51.88
241,156,0,0,0,0,0,51.53
242,156,1,66.2433,15.3801,70.4828,84.11,50.99
243,156,0,0,0,0,0,50.09
244,156,0,0,0,0,0,50.58
245,156,1,255.508,32.9226,23.3396,87.69,51.21
246,156,1,255.533,32.7831,23.3603,88.8,52.99
247,156,1,255.642,32.9578,23.3671,92.85,54.56
248,156,1,255.531,32.948,23.3174,91.01,54.42
249,156,1,255.351,32.9309,23.4312,93.91,56.35
250,156,1,255.546,32.9396,23.3282,94.59,56.85
251,156,1,255.322,32.9178,23.4371,90.3,55.38
252,156,1,255.43,32.95,23.3723,87.21,56.26
253,156,1,255.565,32.7713,23.2779,91.45,55.87
254,156,1,255.304,32.9909,23.4428,85.51,50.7
255,156,0,0,0,0,0,56.41
0,157,0,0,0,0,0,53.22
1,157,0,0,0,0,0,57.75
2,157,0,0,0,0,0,56.93
3,157,1,42.8985,39.7833,75.045,73.59,60.31
4,157,1,42.8163,39.5672,75.0941,89.89,52.49
5,157,1,43.0306,39.5632,74.8542,92.28,56.54
6,157,1,42.7657,39.4633,75.2659,88.27,56.52
7,157,1,42.905,39.6983,75.1365,93.39,57.09
8,157,1,43.0271,39.5379,75.0008,91.26,57.6
9,157,1,42.8574,39.4987,75.1972,89.32,58.47
10,157,1,42.7205,39.5197,75.17,90.09,57.73
11,157,1,42.8737,39.7444,75.0907,92.53,57.03
12,157,1,42.8798,39.5093,75.2368,88.84,57.58
13,157,1,42.8885,39.7073,75.1413,94.9,58.05
14,157,1,42.9649,39.5273,74.9838,91.42,57.9
15,157,1,42.7012,39.4867,75.37,90.56,57.72
16,157,1,42.8,39.5047,75.2223,85.09,58.79
17,157,1,42.7356,39.513,75.1721,91.45,58.27
18,157,1,42.955,39.6714,75.1655,93.36,57.37
19,157,1,42.7729,39.4989,75.2255,87.61,58.41
20,157,1,42.7944,39.5163,75.2312,88.63,57.5
21,157,1,42.7279,39.4795,75.2155,89.62,57.54
22,157,1,42.7946,39.4842,75.2656,90.83,57.36
23,157,1,42.7454,39.7033,75.2817,93,57.83
24,157,1,42.6956,39.4705,75.2824,90.08,57.52
25,157,1,42.7212,39.4397,75.3993,89.2,58.03
26,157,1,42.7167,39.4628,75.2247,88.99,57.96
27,157,1,42.7058,39.4994,75.2033,90.59,58.14
28,157,1,42.9686,39.5376,74.8936,90.78,57.9
29,157,1,42.6672,39.7019,75.3306,93.23,58.02
30,157,1,42.6883,39.4368,75.283,89.15,58.14
31,157,1,42.4566,39.4868,75.4938,86.14,57.41
32,157,1,42.8295,39.6575,75.1383,93.94,57.98
33,157,1,42.7861,39.6537,75.1764,89.55,54.43
34,157,1,270.775,11.6832,77.0704,84.93,51.76
35,157,1,290.737,12.4805,62.3988,87.89,49.18
36,157,1,290.317,12.4718,62.7138,92.93,51.37
37,157,1,290.287,12.4745,62.7121,90.44,53.11
38,157,1,290.223,12.4505,62.8042,90.82,53.19
39,157,1,290.259,12.4588,62.8189,92.54,53.1
40,157,1,290.208,12.4867,62.8627,91.77,53
41,157,1,290.217,12.4737,62.8758,90.15,52.53
42,157,1,290.253,12.5176,62.8382,90.66,53.22
43,157,1,290.264,12.498,62.7833,92.34,53.54
44,157,1,290.363,12.5061,62.7326,93.38,52.71
45,157,1,290.182,12.486,62.8704,92.74,52.39
46,157,1,290.08,12.5055,63.0135,94.59,54.3
47,157,1,290.262,12.4672,62.7381,93.37,53.26
48,157,1,290.286,12.4796,62.8056,92.87,53.43
49,157,1,290.169,12.5116,63.0073,94.33,54.12
50,157,1,290.261,12.4976,62.8243,91.73,53.52
51,157,1,290.19,12.4978,62.8793,93.79,52.59
52,157,1,290.245,12.476,62.6921,90.4,52.62
53,157,1,290.227,12.5137,62.8747,93.18,52.66
54,157,1,290.21,12.5119,62.8919,93.18,52.69
55,157,1,290.167,12.4886,62.9305,91.6,52.95
56,157,1,290.213,12.5303,62.8012,91.92,53.91
57,157,1,290.194,12.5585,62.9385,94.27,54.06
58,157,1,290.187,12.5461,62.9431,91.6,52.87
59,157,1,290.206,12.5121,62.8965,93.16,51.75
60,157,1,290.269,12.5484,62.7959,93.54,53.4
61,157,1,290.184,12.5379,62.9493,92.4,53.04
62,157,1,290.057,12.5264,62.993,89.08,53.03
63,157,1,290.176,12.5476,62.9426,91.83,53.38
64,157,1,290.078,12.5492,62.9854,92.02,52.96
65,157,1,290.09,12.5121,62.9207,91.01,52.34
66,157,1,290.175,12.5413,62.8613,94.34,53.5
67,157,1,290.174,12.5386,62.9208,94.34,52.57
68,157,1,290.123,12.5692,63.0155,89.49,53.02
69,157,1,290.179,12.5639,63.0016,89.95,52.79
70,157,1,290.012,12.5543,63.1321,89.5,52.76
71,157,0,0,0,0,0,53.77
72,157,1,155.395,38.6476,51.4848,93.66,54.21
73,157,1,155.39,38.643,51.4648,92.26,55.45
74,157,1,155.362,38.6702,51.4497,92.83,55.4
75,157,1,155.389,38.6469,51.4629,93.85,56.66
76,157,1,155.323,38.6623,51.4824,95.73,56.3
77,157,1,155.309,38.6519,51.4714,92,56.8
78,157,1,155.32,38.6379,51.4672,92.79,56.34
79,157,1,155.436,38.6418,51.4061,90.53,57.05
80,157,1,155.247,38.6647,51.452,89.98,57.05
81,157,1,155.348,38.6259,51.4692,94.46,56.16
82,157,1,155.332,38.6554,51.465,93.87,56.75
83,157,1,155.403,38.6583,51.441,92.35,56.99
84,157,1,155.229,38.6646,51.4833,89.62,55.66
85,157,1,155.302,38.6585,51.4529,91.32,55.9
86,157,1,155.241,38.6591,51.4627,91.5,56.09
87,157,1,155.379,38.6531,51.4483,93.25,56.42
88,157,1,155.28,38.6636,51.4592,89.72,56.89
89,157,1,155.266,38.6617,51.483,90.3,55.78
90,157,1,155.35,38.6328,51.4311,92.27,55.98
91,157,1,155.294,38.6532,51.4655,92.97,55.9
92,157,1,155.39,38.653,51.4301,93.23,55.88
93,157,1,155.448,38.6354,51.4228,92.64,56.98
94,157,1,155.374,38.64,51.4237,90.57,57.79
95,157,1,155.365,38.655,51.4411,89.7,55.02
96,157,1,155.232,38.6527,51.4449,91.95,56.77
97,157,1,155.28,38.6395,51.4247,91.5,55.82
98,157,1,155.32,38.6419,51.4161,91.44,56.27
99,157,1,155.41,38.6359,51.3912,91.37,56.23
100,157,1,155.205,38.6255,51.4093,86.03,54.63
101,157,1,45.6687,19.4264,11.4219,92.39,56.07
102,157,1,45.6663,19.4783,11.4041,95.22,57.46
103,157,1,45.6085,19.4774,11.3873,93.73,57.06
104,157,1,45.5947,19.4842,11.4025,94.24,57.66
105,157,1,45.5743,19.4716,11.4198,93.72,57.54
106,157,1,45.4756,19.3605,11.6254,87.37,57.43
107,157,1,45.6061,19.4229,11.521,92.16,58.48
108,157,1,45.4994,19.4474,11.5766,93.05,56.9
109,157,1,45.6222,19.4411,11.4762,95.01,57.58
110,157,1,45.484,19.4246,11.6009,87.87,58.09
111,157,1,45.5934,19.4429,11.4681,94.06,57.86
112,157,1,45.5268,19.4317,11.6014,94.69,57.19
113,157,1,45.6093,19.3974,11.4179,87.56,58.38
114,157,1,45.6019,19.4588,11.5004,94.8,56.84
115,157,1,45.5333,19.4416,11.5458,93.03,57.78
116,157,1,45.6156,19.4529,11.4485,94.92,57.31
117,157,1,45.5483,19.4046,11.5421,88.74,58.22
118,157,1,45.6056,19.4113,11.5715,92.73,57.63
119,157,1,45.4598,19.4149,11.644,93.38,57.7
120,157,1,45.5047,19.4448,11.575,94.26,57.55
121,157,1,45.5926,19.4498,11.4261,93.08,58.32
122,157,1,45.5558,19.4359,11.529,94.95,58.26
123,157,1,45.4941,19.4335,11.5967,96.52,58.01
124,157,1,45.5617,19.4186,11.588,93.67,57.53
125,157,1,45.4477,19.4367,11.5873,93.96,58.41
126,157,1,45.5616,19.4438,11.4259,93.46,57.08
127,157,1,45.4203,19.4382,11.5615,87.73,57.74
128,157,1,45.5307,19.4287,11.584,95.37,58.14
129,157,1,47.0093,19.1238,10.0882,79.4,58.17
130,157,1,45.4474,19.3811,11.6353,86.7,58.58
131,157,1,45.4358,19.3847,11.6049,87,58.74
132,157,1,45.4562,19.4379,11.5289,93.67,57.05
133,157,1,45.4643,19.4043,11.6849,95.57,57.72
134,157,1,45.4634,19.4328,11.5575,96.77,57.38
135,157,1,45.4689,19.4214,11.7015,94.38,57.68
136,157,1,45.5454,19.3783,11.6219,93.99,58.03
137,157,1,45.4232,19.3743,11.6151,86.33,58.33
138,157,1,45.5851,19.4193,11.4823,94.88,58.06
139,157,1,45.5405,19.3704,11.4795,87.13,58.39
140,157,1,45.5424,19.3932,11.586,92.31,57.85
141,157,1,45.5836,19.3815,11.4956,94.55,58.2
142,157,1,45.4496,19.4198,11.5497,94.62,57.98
143,157,1,45.5286,19.381,11.6395,94.98,58.68
144,157,1,45.4834,19.4239,11.5726,95.94,57.68
145,157,1,45.5849,19.3785,11.5837,93.29,58.14
146,157,1,45.4746,19.3909,11.6024,94.44,58.44
147,157,1,45.4255,19.4098,11.6852,92.63,57.86
148,157,1,45.3625,19.4162,11.7635,96.33,58.1
149,157,1,45.5091,19.3764,11.5664,95.06,58.18
150,157,1,45.4758,19.3785,11.6352,92.85,57.95
151,157,1,45.4476,19.3622,11.6528,86.48,58.05
152,157,1,45.4215,19.4111,11.5755,94.93,57.55
153,157,1,45.4716,19.389,11.6502,94.48,57.56
154,157,1,45.4328,19.4139,11.5569,93.71,58.07
155,157,1,45.3341,19.4356,11.7275,96.8,58.09
156,157,1,45.3615,19.4104,11.7652,92.21,57.28
157,157,1,45.3472,19.4116,11.7089,96.55,58.36
158,157,1,45.4981,19.3556,11.5783,95.3,57.91
159,157,1,45.3937,19.412,11.6217,94.36,57.24
160,157,1,45.3813,19.3992,11.668,94.22,57.94
161,157,1,45.4129,19.3678,11.7054,95.67,57.89
162,157,1,45.4418,19.4068,11.6022,93.46,58.9
163,157,1,45.3817,19.4056,11.5801,88.72,57.1
164,157,1,45.524,19.36,11.5744,95.95,57.71
165,157,1,45.3674,19.3805,11.6271,92.58,57.8
166,157,1,155.405,38.6047,51.2081,83.86,53.99
167,157,1,155.395,38.5968,51.2264,89.78,54.89
168,157,1,155.398,38.6178,51.2422,91.48,55.19
169,157,1,155.504,38.6275,51.225,92.66,55.82
170,157,1,155.409,38.6523,51.2102,88.59,56.07
171,157,1,155.46,38.6413,51.1912,92.26,55.96
172,157,1,155.475,38.6359,51.1792,92.77,55.91
173,157,1,155.47,38.6343,51.1684,93.66,57.48
174,157,1,155.526,38.686,51.1344,92.52,56.68
175,157,1,155.63,38.6691,51.0611,92.71,56
176,157,1,155.575,38.6821,51.0802,91.13,56.21
177,157,1,155.522,38.6674,51.118,89.55,57.22
178,157,1,155.452,38.6302,51.1356,92.92,56.95
179,157,1,155.539,38.6084,51.1421,89.7,56.03
180,157,1,155.516,38.5779,51.145,90.33,56.53
181,157,1,155.417,38.5757,51.1864,92.91,57.38
182,157,1,155.458,38.5747,51.1789,91.49,56.53
183,157,1,155.443,38.5796,51.1738,92.54,57
184,157,1,155.51,38.5582,51.1484,92.85,56.58
185,157,1,155.865,38.5306,50.9682,86.44,54.97
186,157,1,160.938,22.1983,56.8997,88.21,52.36
187,157,1,160.961,22.1788,56.9325,93.28,55.14
188,157,1,161.13,22.1774,56.8433,87.25,55.34
189,157,1,160.749,22.1677,57.0564,91.05,55.32
190,157,1,161.285,22.1797,56.7575,88.81,54.76
191,157,0,0,0,0,0,50.26
192,157,1,329.755,26.2487,32.5276,87.48,50.88
193,157,1,329.493,26.2622,32.7479,87.46,50.93
194,157,0,0,0,0,0,46.26
195,157,1,67.0131,15.4162,69.7766,93.02,52.23
196,157,1,66.8105,15.4668,69.8,93.62,52.76
197,157,1,66.7305,15.4526,69.8925,92.21,53.15
198,157,1,66.8406,15.4382,69.7965,94.3,54.24
199,157,1,66.7006,15.4758,69.9442,94.12,52.73
200,157,1,66.9638,15.4009,69.6412,94.91,53.31
201,157,1,66.8829,15.4181,69.752,85.36,54.17
202,157,1,66.8924,15.3885,69.7503,92.33,53.86
203,157,1,67.0207,15.3617,69.6536,84.22,53.21
204,157,1,66.8359,15.4258,69.8539,91.91,53.11
205,157,1,66.9441,15.3521,69.7504,86.55,53.59
206,157,1,66.8807,15.3809,69.7979,91.67,52.99
207,157,1,66.8119,15.4288,69.8975,93.88,53.77
208,157,1,66.8726,15.4187,69.8432,94.22,54.13
209,157,1,66.9277,15.3751,69.6915,91.25,53.93
210,157,1,66.9722,15.38,69.702,92.39,53.56
211,157,1,66.7661,15.4416,69.8352,95.32,53.36
212,157,1,66.8286,15.3868,69.9718,92.95,53.3
213,157,1,66.7504,15.3782,69.8764,85.9,54.34
214,157,1,66.778,15.4031,69.869,93.47,53.87
215,157,1,66.7912,15.3899,69.7385,93.38,53.28
216,157,1,66.7433,15.3776,69.932,85.62,54.2
217,157,1,66.8265,15.3696,69.8096,92.29,53.61
218,157,1,66.8455,15.3852,69.7631,86.75,54.56
219,157,1,66.7068,15.4498,69.8871,93.94,54.31
220,157,1,66.8059,15.3631,69.832,94.88,54.01
221,157,1,66.7916,15.3636,69.9304,94.2,54.21
222,157,1,66.7867,15.3628,69.8482,94.08,53.9
223,157,1,66.7236,15.4334,69.9887,87.36,54.4
224,157,1,66.7707,15.3885,69.8456,93.66,54.16
225,157,1,66.8261,15.3424,69.8214,90.72,53.61
226,157,1,66.5634,15.3952,70.0605,85.5,54.16
227,157,1,66.5978,15.4085,70.0198,93.21,54.15
228,157,1,66.6047,15.4064,70.0599,92.38,53.41
229,157,1,66.6546,15.3684,69.9603,92.15,54.32
230,157,1,66.6968,15.3259,69.9864,86.82,53.42
231,157,1,66.6973,15.3785,69.9439,92.45,53.54
232,157,1,66.4619,15.4156,70.2246,92.43,53.54
233,157,1,66.5301,15.4157,70.1374,92.33,53.06
234,157,1,66.424,15.354,70.1831,87.16,54.78
235,157,1,66.6995,15.3214,69.8777,85.26,53.7
236,157,1,66.4653,15.4309,70.0918,86.05,53.54
237,157,1,66.6762,15.4103,69.9362,92.61,54.14
238,157,1,66.8603,15.2753,69.8783,84.27,53.27
239,157,1,66.5244,15.3887,70.0897,92.55,53.58
240,157,1,66.6902,15.3317,69.9609,90.16,53.95
241,157,1,66.7061,15.384,69.9625,90.97,53.09
242,157,1,66.8068,15.314,69.8119,81.57,53.08
243,157,1,66.4378,15.4086,70.1647,85.37,52.24
244,157,1,66.5193,15.409,70.2143,86.34,50.49
245,157,1,66.3239,15.4038,70.2995,84.34,50.11
246,157,0,0,0,0,0,50.26
247,157,0,0,0,0,0,51.77
248,157,1,255.471,32.8813,23.2809,87.5,52.19
249,157,1,255.376,32.9214,23.4148,89.02,53.1
250,157,1,255.307,32.906,23.3878,89.12,55.08
251,157,1,255.515,32.9405,23.3899,93.76,55.62
252,157,1,255.65,33.0003,23.3378,92.19,54.9
253,157,1,255.779,32.8621,23.2197,88.61,54.75
254,157,1,255.617,32.8188,23.3294,89.78,47.35
255,157,0,0,0,0,0,55.51
0,158,0,0,0,0,0,52.39
1,158,0,0,0,0,0,56.64
2,158,0,0,0,0,0,55.31
3,158,1,43.2283,39.6096,74.8441,79.42,60.81
4,158,1,43.0865,39.5519,74.8836,90.01,53.24
5,158,1,42.7763,39.5463,75.1154,90.93,57.07
6,158,1,42.7821,39.5257,75.1055,88.87,57.67
7,158,1,42.8528,39.5002,75.1818,90.73,57.66
8,158,1,42.8703,39.7328,75.0665,93.2,56.21
9,158,1,42.9542,39.5586,74.9627,89.77,57.79
10,158,1,43.087,39.58,74.9004,90.05,58.27
11,158,1,42.8194,39.7126,75.1336,94.36,57.62
12,158,1,42.6022,39.5514,75.3686,88.44,57.92
13,158,1,42.8569,39.4833,75.2587,91.15,57.32
14,158,1,42.7325,39.4837,75.2112,88.84,57.53
15,158,1,42.8781,39.7291,74.9813,94.99,57.27
16,158,1,42.7486,39.512,75.1571,88.15,57.9
17,158,1,42.5915,39.4807,75.3959,89.44,58.4
18,158,1,42.8441,39.529,75.1387,88.02,57.86
19,158,1,42.6495,39.725,75.3136,92.15,58.03
20,158,1,43.039,39.5194,74.8944,91.87,58.37
21,158,1,42.9534,39.4939,75.0284,92.54,57.81
22,158,1,42.5818,39.5177,75.3281,90.29,57.52
23,158,1,42.8698,39.4834,75.2411,90.22,57.58
24,158,1,42.8683,39.6815,75.1548,93.42,56.99
25,158,1,42.9106,39.6852,75.1061,91.36,57.8
26,158,1,42.5423,39.4799,75.4295,85.49,57.7
27,158,1,42.81,39.6637,75.1771,94.07,58.19
28,158,1,42.9522,39.5427,74.8718,92.47,58.48
29,158,1,42.9118,39.4993,74.9727,92.61,57.98
30,158,1,42.64,39.7097,75.3427,91.93,58.17
31,158,1,42.6223,39.5092,75.3847,88.84,58.43
32,158,1,42.7981,39.4515,75.2128,92.3,57.55
33,158,1,42.8264,39.6878,75.1996,92.01,55.65
34,158,0,0,0,0,0,50.7
35,158,1,290.498,12.4274,62.5304,89.33,49.65
36,158,1,290.33,12.477,62.7436,93.45,52.31
37,158,1,290.308,12.4582,62.7886,90.88,52.24
38,158,1,290.149,12.5018,62.9197,93.85,53.45
39,158,1,290.165,12.4716,62.8938,94.37,53.27
40,158,1,290.274,12.5079,62.8586,91.33,52.93
41,158,1,290.373,12.4859,62.7972,91.56,53.32
42,158,1,290.25,12.4891,62.8757,92.73,53.59
43,158,1,290.254,12.486,62.9001,91.1,53.53
44,158,1,290.232,12.4684,62.8435,91.76,53.06
45,158,1,290.283,12.5239,62.9067,92.15,52.95
46,158,1,290.288,12.5231,62.8268,90.98,53.15
47,158,1,290.156,12.462,62.8368,90.78,53.28
48,158,1,290.231,12.4922,62.7997,91.07,53.92
49,158,1,290.272,12.5135,62.7924,93.64,52.34
50,158,1,290.193,12.4835,62.8243,90.99,52.93
51,158,1,290.129,12.5297,62.9968,90.55,53.31
52,158,1,290.113,12.539,63.0642,93.79,53.69
53,158,1,290.137,12.5035,62.9377,88.29,54.16
54,158,1,290.193,12.5156,62.9181,91.21,53.67
55,158,1,290.231,12.5182,62.9261,93.51,52.77
56,158,1,290.235,12.5193,62.9029,90.91,52.85
57,158,1,290.226,12.5246,62.8738,93.57,54.16
58,158,1,290.143,12.4967,62.8125,92.44,53.31
59,158,1,290.179,12.4913,62.8735,90.77,53.04
60,158,1,290.188,12.522,62.834,90.88,53.6
61,158,1,290.071,12.5783,63.1145,94.15,53.98
62,158,1,290.164,12.5363,62.9128,92.52,53.19
63,158,1,290.187,12.528,62.8734,93.4,52.74
64,158,1,290.095,12.5408,63.045,93.25,53.68
65,158,1,290.093,12.5161,62.9652,92.65,53.18
66,158,1,290.153,12.5307,62.9634,90.91,53.14
67,158,1,290.214,12.5542,62.9704,93.75,53.3
68,158,1,290.164,12.519,62.9432,90.07,53.3
69,158,1,290.184,12.5188,62.925,91.64,52.98
70,158,0,0,0,0,0,52.66
71,158,1,155.205,38.6827,51.5259,90.97,55.12
72,158,1,155.28,38.6551,51.4899,93.5,55.22
73,158,1,155.37,38.6567,51.4246,90.58,56.83
74,158,1,155.226,38.6691,51.4888,92.55,56.67
75,158,1,155.34,38.656,51.484,92.6,56.89
76,158,1,155.241,38.6576,51.4497,91.31,56.98
77,158,1,155.394,38.6537,51.4553,94.58,57.55
78,158,1,155.325,38.6694,51.4478,94.01,56.48
79,158,1,155.252,38.666,51.4752,89.43,55.33
80,158,1,155.403,38.6518,51.439,93.27,55.81
81,158,1,155.363,38.6618,51.4457,93.87,56.27
82,158,1,155.305,38.6607,51.4494,92.1,56.18
83,158,1,155.299,38.6552,51.4577,90.38,57.31
84,158,1,155.379,38.6576,51.4503,91.98,56.58
85,158,1,155.089,38.6565,51.5151,91.92,56.18
86,158,1,155.287,38.6672,51.4489,92.18,56.56
87,158,1,155.352,38.6535,51.4296,92.39,57.07
88,158,1,155.173,38.6522,51.4807,93.38,56.49
89,158,1,155.366,38.6511,51.439,93.67,57.25
90,158,1,155.237,38.6573,51.4681,90.49,56.67
91,158,1,155.334,38.6502,51.4305,92.45,57.17
92,158,1,155.19,38.6646,51.4643,95.13,56.9
93,158,1,155.402,38.6443,51.3769,91.06,56.82
94,158,1,155.411,38.6557,51.3928,91.56,56.96
95,158,1,155.344,38.647,51.4119,90.11,56.61
96,158,1,155.267,38.6725,51.4214,90.98,56.96
97,158,1,155.334,38.6481,51.3989,91.63,56.33
98,158,1,155.239,38.6048,51.4111,92.9,56.52
99,158,1,155.343,38.6524,51.4116,91.73,56.17
100,158,1,155.317,38.6418,51.3631,86.81,54.68
101,158,1,45.8071,19.4206,11.3972,94.49,56.75
102,158,1,45.5991,19.471,11.4136,93.92,58
103,158,1,46.1076,19.0512,10.9596,81.14,57.13
104,158,1,45.6092,19.4457,11.4347,92.75,57.11
105,158,1,45.5902,19.4818,11.4064,92.5,57.61
106,158,1,45.6378,19.4285,11.4891,93.48,58.18
107,158,1,45.5541,19.4565,11.4548,95.34,57.32
108,158,1,45.6222,19.4686,11.3717,95.21,57.36
109,158,1,45.6322,19.4176,11.5469,94.5,58.03
110,158,1,45.5902,19.4429,11.4713,94.5,57.6
111,158,1,45.5534,19.4429,11.4893,94.24,57.65
112,158,1,45.5751,19.3848,11.5124,86.84,58.39
113,158,1,45.6004,19.4612,11.5025,95.59,57.45
114,158,1,45.5146,19.4595,11.4761,93.97,57.41
115,158,1,45.501,19.3996,11.5445,86.18,58.37
116,158,1,45.5483,19.4435,11.476,95.17,57.48
117,158,1,45.5056,19.3922,11.6023,86.42,58.96
118,158,1,45.5994,19.4555,11.4571,93.62,57.85
119,158,1,45.5092,19.461,11.5373,95.32,58.03
120,158,1,45.6145,19.4091,11.5259,94.09,57.61
121,158,1,45.5172,19.4111,11.5607,95.41,57.42
122,158,1,45.763,19.401,11.3812,93.58,57.9
123,158,1,45.5641,19.451,11.462,94.75,57.88
124,158,1,45.5456,19.4333,11.5132,92.13,58.35
125,158,1,45.6217,19.3975,11.4854,94.03,57.7
126,158,1,45.4433,19.4723,11.3386,80.65,58.52
127,158,1,45.4467,19.3896,11.6165,87.34,58.62
128,158,1,45.5888,19.3883,11.5829,93.84,57.53
129,158,1,45.7186,19.3979,11.387,94.55,57.92
130,158,1,45.5371,19.4196,11.5584,93.83,57.79
131,158,1,45.5099,19.4034,11.5843,96.26,57.48
132,158,1,45.4485,19.3713,11.6325,87.57,58.16
133,158,1,45.5369,19.3963,11.5253,93.44,58.51
134,158,1,45.4032,19.3775,11.7199,86.36,58.12
135,158,1,45.433,19.4329,11.6095,94.63,58
136,158,1,45.4929,19.4336,11.547,96.42,57.73
137,158,1,45.5024,19.4246,11.4985,92.68,57.41
138,158,1,45.4494,19.4339,11.5392,94.81,58.2
139,158,1,45.5227,19.4341,11.5177,94.93,57.82
140,158,1,45.5785,19.405,11.5051,94.51,58.19
141,158,1,45.484,19.4028,11.6041,95.46,57.86
142,158,1,45.502,19.4063,11.602,95.16,58.49
143,158,1,45.5128,19.4063,11.5764,95.64,57.78
144,158,1,45.4824,19.4076,11.5883,97.22,58.33
145,158,1,45.5893,19.3881,11.4906,94.66,58.02
146,158,1,45.3478,19.3875,11.6708,86.01,58.56
147,158,1,45.3648,19.368,11.7553,87.24,58.63
148,158,1,45.3344,19.3793,11.7254,87.99,58.34
149,158,1,45.4695,19.4112,11.5577,94.74,58.1
150,158,1,45.5036,19.3959,11.5027,93.09,58.24
151,158,1,45.5663,19.377,11.5478,95.8,57.67
152,158,1,45.5608,19.3645,11.5506,94.44,58.17
153,158,1,45.4757,19.3921,11.58,93.3,58.32
154,158,1,45.4045,19.3987,11.6682,96.62,57.96
155,158,1,45.5671,19.3618,11.544,94.09,58.28
156,158,1,45.464,19.3841,11.6267,95.06,58.19
157,158,1,45.5642,19.3798,11.5139,94.86,58.06
158,158,1,45.4134,19.3577,11.7458,94.53,58.1
159,158,1,45.4685,19.3635,11.5724,93.33,57.71
160,158,1,45.3197,19.4127,11.6807,93,57.61
161,158,1,45.3726,19.4066,11.6229,94.01,57.71
162,158,1,45.4412,19.3593,11.7,93.11,57.27
163,158,1,45.4136,19.3473,11.7791,94.1,58.08
164,158,1,45.3892,19.3457,11.685,86.97,57.73
165,158,1,45.4587,19.3429,11.6608,94.18,56.1
166,158,1,155.592,38.5535,51.1313,81.15,54.43
167,158,1,155.484,38.6101,51.2214,92.29,56.21
168,158,1,155.443,38.6288,51.2132,89.16,56.04
169,158,1,155.45,38.6205,51.1998,93.94,56.47
170,158,1,155.456,38.6378,51.1928,93.82,56.04
171,158,1,155.489,38.6495,51.1699,88.89,55.96
172,158,1,155.419,38.6557,51.1995,94.18,55.62
173,158,1,155.415,38.6507,51.1702,88.78,56.2
174,158,1,155.519,38.6773,51.1244,92.59,56.42
175,158,1,155.652,38.6731,51.0424,89.24,55.79
176,158,1,155.569,38.6477,51.0469,91.69,55.68
177,158,1,155.533,38.6205,51.0926,92.13,56.72
178,158,1,155.573,38.5726,51.1415,95.14,56.76
179,158,1,155.532,38.6022,51.1372,89.28,56.71
180,158,1,155.516,38.5775,51.1459,90.41,56.94
181,158,1,155.55,38.5972,51.1229,92.24,56.19
182,158,1,155.506,38.5743,51.1621,91.77,56.24
183,158,1,155.352,38.5791,51.2006,90.67,55.76
184,158,1,155.54,38.5717,51.1359,92.63,56.71
185,158,1,155.434,38.5836,51.1581,92.2,54.46
186,158,0,0,0,0,0,53.27
187,158,1,161.005,22.2005,56.8814,86.52,53.83
188,158,1,161.172,22.1866,56.7927,88.04,54.55
189,158,1,160.98,22.1795,56.9336,89.59,54.48
190,158,1,161.047,22.2264,56.8225,93.63,54.08
191,158,1,329.538,26.2802,32.8023,80.1,50.42
192,158,1,329.736,26.2483,32.3991,88.86,50.18
193,158,1,329.729,26.2534,32.4979,88.88,51.58
194,158,1,329.427,26.3722,32.654,82.76,47.06
195,158,1,67.009,15.4244,69.7832,89.76,51.68
196,158,1,66.9799,15.4395,69.7684,92.12,52.51
197,158,1,67.0757,15.3845,69.6554,89.97,51.72
198,158,1,66.9656,15.4325,69.754,90.43,52.82
199,158,1,67.007,15.3875,69.6875,93.51,53.88
200,158,1,66.4944,15.5042,70.0593,84.31,52.84
201,158,1,66.7268,15.4578,69.9077,92.31,53.15
202,158,1,66.8225,15.4138,69.8016,91.05,53.35
203,158,1,66.8928,15.4175,69.6803,94.17,53.42
204,158,1,66.9486,15.3622,69.7587,94.07,54.1
205,158,1,66.7839,15.4147,69.9104,84.05,54.29
206,158,1,66.8129,15.4064,69.9226,88.07,53.68
207,158,1,66.7102,15.4697,70.0074,94.15,54.22
208,158,1,66.9646,15.3836,69.6937,92.32,53.31
209,158,1,66.8763,15.3986,69.8899,93.86,54.06
210,158,1,66.9253,15.3993,69.8409,93.71,53.5
211,158,1,66.8846,15.3891,69.7372,94.81,54.24
212,158,1,66.8547,15.391,69.7869,95.6,54.34
213,158,1,66.8026,15.389,69.9065,96.94,54.51
214,158,1,66.7203,15.3956,69.91,93.75,53.73
215,158,1,66.6869,15.4369,69.9697,95.25,53.87
216,158,1,66.7085,15.412,69.8063,94.4,54.14
217,158,1,66.7043,15.4393,69.9054,92.3,53.92
218,158,1,66.8096,15.4071,69.8824,86.12,52.33
219,158,1,66.8416,15.3706,69.7383,92.6,53.87
220,158,1,66.7628,15.4115,69.9052,94.97,53.49
221,158,1,66.7627,15.3986,69.9287,93.75,54.26
222,158,1,66.7042,15.4152,69.9687,86.93,53.74
223,158,1,66.7435,15.347,69.8833,85.71,54
224,158,1,66.795,15.3456,69.8539,94.24,53.49
225,158,1,66.8648,15.3367,69.7992,92.97,54.01
226,158,1,66.798,15.3899,69.8909,92.61,53.46
227,158,1,66.462,15.4236,70.0773,92.86,54.37
228,158,1,66.5971,15.4097,69.9834,93.58,54.25
229,158,1,66.5517,15.4282,70.0157,93.57,54.03
230,158,1,66.6438,15.3942,70.0205,92.67,54.33
231,158,1,66.6697,15.3611,70.0315,85.49,53.22
232,158,1,66.5464,15.3528,70.0001,82.64,53.69
233,158,1,66.8098,15.3036,69.8278,83.91,54.57
234,158,1,66.7898,15.3153,69.8295,85.7,54.38
235,158,1,66.4148,15.4122,70.1785,93.84,53.88
236,158,1,66.4724,15.4067,70.1556,93.79,53.33
237,158,1,66.7171,15.3826,70.0301,85.23,52.54
238,158,1,66.5448,15.3896,70.0445,94.97,54.56
239,158,1,66.6349,15.3604,69.9444,93.59,55.05
240,158,1,66.4884,15.4054,70.139,92.34,53.66
241,158,1,66.6005,15.3839,69.9919,93.77,53.88
242,158,1,66.7259,15.3735,69.9365,90.71,54.6
243,158,1,66.6887,15.3793,69.941,92.29,54.48
244,158,1,66.3863,15.4318,70.1793,86.3,54.14
245,158,1,66.3804,15.3967,70.3063,84.17,53.91
246,158,1,66.7746,15.2944,69.8827,83.18,52.62
247,158,0,0,0,0,0,51.07
248,158,0,0,0,0,0,50.26
249,158,0,0,0,0,0,51.67
250,158,0,0,0,0,0,51.65
251,158,1,254.364,33.2106,24.5395,71.47,51.33
252,158,1,255.496,32.8283,23.3591,91.64,51.92
253,158,1,255.428,32.9727,23.4425,90.06,51.2
254,158,1,255.329,33.0103,23.5653,87.26,40.74
255,158,0,0,0,0,0,54.38
0,159,0,0,0,0,0,33.97
1,159,0,0,0,0,0,38.46
2,159,0,0,0,0,0,52.54
3,159,0,0,0,0,0,60.15
4,159,1,42.6647,39.564,75.3438,85.72,54.2
5,159,1,42.9276,39.7369,75.0939,93.56,55.84
6,159,1,42.8576,39.5115,75.2013,91.08,57.46
7,159,1,42.7532,39.5052,75.1922,89.85,57.1
8,159,1,42.8925,39.546,75.0995,92.61,57.97
9,159,1,43.0142,39.5782,74.9232,90.4,57.12
10,159,1,42.9522,39.7228,75.0391,94.87,57.34
11,159,1,42.7983,39.505,75.2452,91,57.84
12,159,1,42.8489,39.7239,75.1487,94.52,57.28
13,159,1,43.0934,39.562,74.868,90.11,57.13
14,159,1,42.8181,39.4743,75.2367,89.66,57.9
15,159,1,42.7478,39.4851,75.2149,89.07,57.7
16,159,1,42.8077,39.4784,75.2117,90.67,58.07
17,159,1,43.1009,39.5544,74.8987,92.96,57.76
18,159,1,42.8592,39.6861,75.1241,93.68,58.43
19,159,1,42.6202,39.5128,75.3742,90.55,58.29
20,159,1,42.7508,39.6863,75.1239,92.14,57.35
21,159,1,42.7349,39.7279,75.299,91.93,57.74
22,159,1,42.9788,39.6817,75.0409,94.66,57.39
23,159,1,42.7385,39.4566,75.2193,86.04,57.58
24,159,1,42.6138,39.4947,75.3911,88.5,57.86
25,159,1,42.694,39.4849,75.381,90.3,58.25
26,159,1,42.8577,39.686,75.1167,93.86,57.44
27,159,1,42.721,39.4813,75.1819,89.4,58.13
28,159,1,42.9791,39.5311,74.9214,92.95,58.4
29,159,1,42.8076,39.4416,75.1998,87.69,58.57
30,159,1,42.7618,39.4729,75.1962,91,58.14
31,159,1,42.6231,39.51,75.3421,89.29,58.16
32,159,1,42.9867,39.4913,75.0325,93.45,58.07
33,159,1,42.9651,39.4979,74.9962,91.55,56.46
34,159,1,42.8454,39.6862,75.1777,93.53,53.29
35,159,1,290.407,12.4726,62.7748,86.46,49.91
36,159,1,290.237,12.4512,62.8423,91.5,52.65
37,159,1,290.298,12.4518,62.8001,93.5,52.93
38,159,1,290.148,12.438,62.8984,92.62,53.37
39,159,1,290.218,12.4519,62.8805,92.47,52.43
40,159,1,290.239,12.4753,62.8094,90.25,52.81
41,159,1,290.216,12.487,62.8375,92.75,53.29
42,159,1,290.294,12.5111,62.9003,91.5,53.01
43,159,1,290.172,12.5252,62.9732,95.78,53.02
44,159,1,290.242,12.4444,62.8362,92.52,53.49
45,159,1,290.167,12.4916,62.94,91,52.6
46,159,1,290.313,12.5336,62.8367,92.42,52.82
47,159,1,290.205,12.4963,62.9273,90.84,53.21
48,159,1,290.326,12.5114,62.8331,91.72,53.59
49,159,1,290.266,12.4891,62.7273,92.32,53.23
50,159,1,290.143,12.522,62.928,91.66,52.9
51,159,1,290.258,12.5157,62.8035,90.5,53.12
52,159,1,290.132,12.4834,62.9042,93.04,53.1
53,159,1,290.22,12.5055,62.9033,91.7,52.91
54,159,1,290.251,12.4952,62.835,92.19,53.54
55,159,1,290.155,12.4938,62.8596,91.48,52.49
56,159,1,290.237,12.5335,62.9521,93.15,52.87
57,159,1,290.244,12.5172,62.7922,91.51,53.36
58,159,1,290.106,12.4925,62.9094,90.2,52.5
59,159,1,290.068,12.55,63.0793,94.67,53.33
60,159,1,290.105,12.5164,62.948,92.1,53.3
61,159,1,290.201,12.526,62.9046,90.77,53.21
62,159,1,290.187,12.5101,62.9504,90.95,53.48
63,159,1,290.112,12.5553,62.8851,93.35,52.84
64,159,1,290.14,12.5235,62.8763,93.21,53.58
65,159,1,290.168,12.5477,62.9687,90.81,53.19
66,159,1,290.141,12.5119,62.9595,91.86,52.42
67,159,1,290.146,12.5466,62.9648,92.62,52.86
68,159,1,290.09,12.5791,62.9887,90.61,52.9
69,159,0,0,0,0,0,52.96
70,159,1,155.365,38.6254,51.5036,92.53,54.19
71,159,1,155.209,38.663,51.5024,90.63,55.76
72,159,1,155.319,38.6486,51.4857,93.7,56.84
73,159,1,155.318,38.6597,51.5408,94.47,56.95
74,159,1,155.141,38.6477,51.5193,91.55,56.69
75,159,1,155.269,38.6716,51.4795,92.87,55.71
76,159,1,155.25,38.6605,51.497,90.96,55.63
77,159,1,155.181,38.6642,51.5006,91.37,56.68
78,159,1,155.339,38.6624,51.4538,92.54,56.02
79,159,1,155.366,38.6583,51.4387,93.1,56.74
80,159,1,155.302,38.6521,51.4634,94.11,57.02
81,159,1,155.273,38.6607,51.4713,91.51,56.55
82,159,1,155.291,38.6559,51.4397,88.85,56.13
83,159,1,155.24,38.657,51.4636,90.54,55.1
84,159,1,155.29,38.6515,51.4713,92.42,56.22
85,159,1,155.47,38.6437,51.3816,92.73,57.47
86,159,1,155.338,38.6369,51.4508,92.55,56.82
87,159,1,155.277,38.6494,51.4631,89.65,55.64
88,159,1,155.331,38.6551,51.4671,91.44,56.92
89,159,1,155.278,38.6511,51.4608,94.32,55.81
90,159,1,155.194,38.6765,51.4928,91.93,56.84
91,159,1,155.369,38.652,51.4336,94.58,56.56
92,159,1,155.296,38.665,51.4317,91.98,56.6
93,159,1,155.31,38.6674,51.4416,89.68,56.97
94,159,1,155.347,38.6549,51.4058,92.63,56.39
95,159,1,155.214,38.6517,51.4441,91.06,56.33
96,159,1,155.289,38.6359,51.427,92.32,56.07
97,159,1,155.406,38.6336,51.3964,92.85,56
98,159,1,155.452,38.6321,51.3823,92,55.8
99,159,1,155.323,38.6333,51.4139,92.97,56.89
100,159,1,155.309,38.5874,51.3774,81.62,54.41
101,159,1,45.729,19.419,11.4354,94,56.94
102,159,1,45.5678,19.4557,11.4595,94.19,56.91
103,159,1,45.6181,19.4616,11.3741,94.06,57.31
104,159,1,45.6185,19.4384,11.5642,92.45,57.6
105,159,1,45.5412,19.464,11.4693,92.74,57.28
106,159,1,45.6368,19.3952,11.4758,89.28,57.71
107,159,1,45.6641,19.3871,11.5459,94.25,57.98
108,159,1,45.5679,19.4456,11.4755,93.81,56.96
109,159,1,45.5511,19.4233,11.5212,86.92,58.61
110,159,1,45.4556,19.5076,11.4783,88.61,57.39
111,159,1,45.5439,19.4619,11.4662,95.32,58.49
112,159,1,45.6559,19.4143,11.4867,93.62,57.49
113,159,1,45.6472,19.4619,11.4297,92.61,58.24
114,159,1,45.5867,19.4609,11.442,96.05,57.83
115,159,1,45.5301,19.4367,11.4924,93.68,57.28
116,159,1,45.5653,19.4423,11.4958,94.36,57.92
117,159,1,45.6762,19.4288,11.4339,93.94,57.85
118,159,1,45.4508,19.4002,11.6615,94.75,58.41
119,159,1,45.7557,19.4002,11.4063,93.11,57.94
120,159,1,45.4175,19.4,11.7528,86.31,58.04
121,159,1,45.4595,19.4293,11.6541,86.18,57.92
122,159,1,45.4503,19.4641,11.5408,93.68,57.57
123,159,1,45.5981,19.4147,11.5427,94.17,57.6
124,159,1,45.5872,19.4588,11.4226,93.26,57.42
125,159,1,45.5649,19.4375,11.4875,95.7,57.86
126,159,1,45.5239,19.4495,11.5385,94.72,57.3
127,159,1,45.4645,19.4236,11.6311,94.59,58.13
128,159,1,45.3921,19.3793,11.7311,87.03,57.97
129,159,1,45.6337,19.3884,11.453,95.85,57.44
130,159,1,45.595,19.3938,11.5416,93.8,58.17
131,159,1,45.5222,19.3491,11.5781,88.21,58.4
132,159,1,45.4637,19.4316,11.5998,95.63,57.86
133,159,1,45.5329,19.4189,11.4959,86.02,58.68
134,159,1,45.6376,19.3961,11.4828,94.66,57.65
135,159,1,45.5037,19.4149,11.591,94.15,58.41
136,159,1,45.4867,19.4334,11.5742,96.46,58.07
137,159,1,45.428,19.4398,11.6552,94.35,57.5
138,159,1,45.5912,19.3928,11.5815,93.53,57.82
139,159,1,45.5327,19.4131,11.5439,94.34,57.99
140,159,1,45.5117,19.4238,11.5261,94.9,57.28
141,159,1,45.481,19.3825,11.6128,95.34,58.25
142,159,1,45.447,19.3403,11.6704,87.39,59.07
143,159,1,46.9789,19.0922,10.184,79.19,58.03
144,159,1,45.533,19.3888,11.5094,93.67,58.17
145,159,1,45.5228,19.3788,11.5619,87.39,58.02
146,159,1,45.4507,19.4188,11.5484,92.9,57.84
147,159,1,45.4677,19.3923,11.6404,95.81,57.57
148,159,1,45.3846,19.3506,11.7329,87.01,58.83
149,159,1,45.4395,19.4039,11.6484,95.36,57.74
150,159,1,45.4199,19.4052,11.6547,95.55,57.4
151,159,1,45.3849,19.3814,11.7271,94.13,58.19
152,159,1,45.4623,19.4217,11.5746,94.98,57.64
153,159,1,45.4457,19.4075,11.5877,95.48,58.12
154,159,1,45.3214,19.425,11.7005,95.48,58.04
155,159,1,45.4045,19.39,11.7964,93.67,58.15
156,159,1,45.5065,19.3611,11.6879,95.53,57.94
157,159,1,45.9225,19.0103,11.0907,81.71,57.52
158,159,1,45.4208,19.3948,11.6278,95.22,57.75
159,159,1,45.4674,19.373,11.669,94.12,57.53
160,159,1,45.3214,19.369,11.7551,88.04,58.34
161,159,1,45.3483,19.4187,11.6682,95.16,57.89
162,159,1,45.473,19.3318,11.6259,93.32,58.44
163,159,1,45.4616,19.3803,11.6025,93.95,58.11
164,159,1,45.4152,19.3888,11.643,94.05,58.05
165,159,1,45.4804,19.3352,11.6587,95.6,57.78
166,159,0,0,0,0,0,54.26
167,159,1,155.315,38.5804,51.2552,88.68,54.25
168,159,1,155.511,38.6306,51.1924,91.17,56.02
169,159,1,155.496,38.6407,51.2091,93.79,55.37
170,159,1,155.461,38.6707,51.1899,91.94,56.66
171,159,1,155.459,38.6583,51.1982,94.56,57.57
172,159,1,155.468,38.6587,51.1961,94.56,55.28
173,159,1,155.567,38.6679,51.1618,92.47,56.99
174,159,1,155.555,38.6904,51.1165,92.24,57.3
175,159,1,155.628,38.6964,51.0568,93.01,56.4
176,159,1,155.572,38.6544,51.094,91.42,56.68
177,159,1,155.472,38.6353,51.1338,90.87,56.05
178,159,1,155.477,38.6267,51.1732,91.34,57.19
179,159,1,155.51,38.5956,51.1737,90.85,57.14
180,159,1,155.464,38.5875,51.1715,92.07,56.89
181,159,1,155.555,38.584,51.1117,93.56,56.04
182,159,1,155.507,38.5783,51.1762,92.72,56.86
183,159,1,155.499,38.5568,51.1669,90.28,56.32
184,159,1,155.41,38.5869,51.1681,87.76,55.36
185,159,1,155.517,38.5797,51.1434,89.92,54.73
186,159,1,155.619,38.5708,51.0654,93.46,52.52
187,159,1,160.85,22.2257,57.0388,85.17,51.74
188,159,1,160.995,22.1912,56.9152,87.06,54.74
189,159,1,160.943,22.1789,56.9326,91.09,54.76
190,159,1,160.862,22.0984,56.9492,86.56,51.68
191,159,1,329.665,26.2235,32.4418,90.22,49.5
192,159,1,329.71,26.2572,32.5574,90.33,49.9
193,159,1,329.628,26.2396,32.4549,90.62,51.16
194,159,1,329.723,26.3286,32.2985,83.18,47.83
195,159,1,66.8942,15.4949,69.7036,94.15,50.92
196,159,1,66.8345,15.4482,69.8798,91.7,53.05
197,159,1,66.7164,15.4735,69.922,91.82,53.03
198,159,1,66.8376,15.4876,69.8309,92.07,53.47
199,159,1,66.8794,15.435,69.8223,92.24,53.68
200,159,1,67.058,15.3532,69.613,84.15,52.71
201,159,1,66.7197,15.4847,69.9038,86.66,54.08
202,159,1,66.7703,15.4092,69.8511,94.75,54.27
203,159,1,66.8401,15.4417,69.8262,90.79,54.33
204,159,1,66.8418,15.3776,69.7295,86.87,52.83
205,159,1,66.7429,15.4221,69.8945,93.46,54.26
206,159,1,66.9476,15.4066,69.7945,93.52,52.42
207,159,1,66.7833,15.4168,69.9418,92.67,54.97
208,159,1,66.8119,15.379,69.8227,92.5,54.03
209,159,1,66.8034,15.3904,69.9276,88.91,54.28
210,159,1,66.7008,15.431,69.9985,86.96,54.3
211,159,1,66.9429,15.3714,69.7294,93.1,54.72
212,159,1,66.7854,15.4133,69.9201,93.54,54.06
213,159,1,66.8242,15.4004,69.9427,92.56,52.89
214,159,1,66.9247,15.3715,69.7667,94.37,52.88
215,159,1,66.7542,15.4125,69.9413,94.44,53.36
216,159,1,66.7264,15.4302,69.9095,93.19,53.89
217,159,1,66.5717,15.4447,70.063,92.35,53.54
218,159,1,66.7391,15.3595,69.8807,92.18,54.48
219,159,1,66.8555,15.3988,69.8921,90.92,54.35
220,159,1,66.531,15.4394,70.1034,93.79,54.13
221,159,1,66.7522,15.3441,69.9318,92.76,54.23
222,159,1,66.6436,15.3755,69.8839,86.89,54.55
223,159,1,66.5709,15.4359,70.0829,95.28,54.28
224,159,1,66.8383,15.3605,69.8327,94.3,53.86
225,159,1,66.7962,15.3566,69.8276,87.55,54.79
226,159,1,66.8791,15.3207,69.7847,84.75,53.69
227,159,1,66.7133,15.3696,69.8846,89.87,54.63
228,159,1,66.6782,15.4161,69.9543,94.34,54.57
229,159,1,66.8102,15.3471,69.8576,94.9,54.05
230,159,1,66.456,15.4529,70.0417,85.36,52.68
231,159,1,66.6326,15.4116,69.9691,92.45,54.23
232,159,1,66.6365,15.33,69.9727,94.65,53.1
233,159,1,66.5853,15.3909,70.0372,87.28,53.81
234,159,1,66.6218,15.3982,70.0064,92.54,54.59
235,159,1,66.5966,15.3994,70.0848,94.35,53.19
236,159,1,66.4585,15.4269,70.1378,92.5,53.32
237,159,1,66.6706,15.318,69.9235,87.7,53.71
238,159,1,66.5623,15.396,70.0472,94.32,53.58
239,159,1,66.6968,15.3716,69.9612,94.47,53.29
240,159,1,66.7269,15.3444,69.8512,85.35,53.35
241,159,1,66.7279,15.3126,69.8473,85.31,53.94
242,159,1,66.6448,15.3273,69.9448,93.15,54.41
243,159,1,66.5944,15.3509,69.9992,93.61,52.86
244,159,1,66.5973,15.3738,70.0807,94.95,54.27
245,159,1,66.6321,15.3754,70.0225,93.49,53.65
246,159,1,66.6674,15.3112,69.9249,85.56,52.56
247,159,1,66.346,15.3802,70.297,91.42,52.99
248,159,1,66.5537,15.3794,70.1713,84.79,52.43
249,159,1,66.5036,15.3248,70.0917,84.5,51.37
250,159,0,0,0,0,0,50.1
251,159,0,0,0,0,0,49.1
252,159,1,253.982,32.8352,24.722,68.3,49.46
253,159,1,255.498,32.9226,23.4878,88.12,45.56
254,159,0,0,0,0,0,35.58
255,159,0,0,0,0,0,52.76
0,160,0,0,0,0,0,34.73
1,160,0,0,0,0,0,38.33
2,160,0,0,0,0,0,50.54
3,160,1,43.1504,39.5402,74.7635,76.95,37.13
4,160,1,42.713,39.4901,75.2611,88.54,54.5
5,160,1,42.8674,39.5246,75.1322,86.35,56.56
6,160,1,42.8983,39.5454,75.1131,91.18,57.26
7,160,1,43.1638,39.5718,74.8637,92.2,56.77
8,160,1,42.985,39.5428,74.966,90.61,57.75
9,160,1,42.8587,39.7352,75.0594,92.37,53.89
10,160,1,42.8217,39.7269,75.0805,93.53,55.06
11,160,1,42.906,39.7053,75.1564,93.48,56.63
12,160,1,42.6591,39.535,75.355,87.35,57.8
13,160,1,42.9524,39.553,74.8745,89.32,58.08
14,160,1,42.9883,39.5169,74.9966,92.37,57.34
15,160,1,42.9753,39.4654,75.0541,87.93,57.56
16,160,1,42.8817,39.5108,75.1463,90.92,58.24
17,160,1,42.6335,39.5511,75.354,89.06,58.23
18,160,1,42.868,39.6846,75.1509,91.61,57.27
19,160,1,42.8674,39.6673,75.1742,93.21,57.62
20,160,1,42.5006,39.4892,75.3958,87.81,57.99
21,160,1,42.8144,39.7038,75.1476,92.99,58.32
22,160,1,42.9011,39.5027,75.1641,90.36,58.62
23,160,1,42.7846,39.4962,75.1962,89.25,57.87
24,160,1,42.8559,39.4934,75.2395,86.91,57.49
25,160,1,42.8202,39.6644,75.1443,93.68,58.3
26,160,1,42.7626,39.6946,75.1542,95.06,57.99
27,160,1,42.5649,39.5265,75.3913,88.32,58.27
28,160,1,42.6791,39.4523,75.256,89.06,58.11
29,160,1,42.9232,39.6622,75.0358,97.06,57.38
30,160,1,42.9393,39.6376,75.1592,93.34,57.93
31,160,1,42.6931,39.7264,75.3051,91.88,58.83
32,160,1,42.5799,39.5015,75.3686,88.67,57.28
33,160,1,42.8604,39.6782,75.1689,94.42,58.01
34,160,1,42.8678,39.6831,75.1356,94.3,53.71
35,160,1,290.134,12.4278,62.9127,92.11,51.38
36,160,1,290.212,12.4634,62.8468,90.84,53.24
37,160,1,290.187,12.4569,62.8736,90.11,53.47
38,160,1,290.383,12.5283,62.8181,92.21,52.9
39,160,1,290.22,12.4833,62.9093,89.9,53.03
40,160,1,290.345,12.4746,62.6852,94.33,52.06
41,160,1,290.182,12.4967,62.9268,94.15,53.44
42,160,1,290.198,12.4971,62.8354,91.77,53.16
43,160,1,290.211,12.503,62.8199,94.29,53.31
44,160,1,290.234,12.5121,62.8877,92.53,52.95
45,160,1,290.108,12.496,62.9574,92.67,53.27
46,160,1,290.203,12.4651,62.9362,93.29,53.09
47,160,1,290.195,12.4998,62.8926,90.46,53.15
48,160,1,290.324,12.5504,62.8697,92.22,53.86
49,160,1,290.256,12.5295,62.8582,93.2,53.13
50,160,1,290.126,12.452,62.8802,90.91,53.17
51,160,1,290.161,12.5067,62.8879,91.24,52.26
52,160,1,290.03,12.5097,63.0369,93.82,53.16
53,160,1,290.189,12.4832,62.9019,92.38,53.55
54,160,1,290.115,12.49,63.0015,93.45,53.13
55,160,1,290.226,12.5566,62.9978,95.47,53.03
56,160,1,290.15,12.4877,62.8849,94.41,53.76
57,160,1,290.087,12.4561,62.8685,91.84,53.34
58,160,1,290.176,12.5302,62.8378,90.57,53.2
59,160,1,290.28,12.5371,62.8314,93.75,53.21
60,160,1,290.18,12.4933,62.9089,93.7,52.97
61,160,1,289.951,12.4995,63.1263,94.03,53.52
62,160,1,289.995,12.566,63.1571,93.37,53.46
63,160,1,290.085,12.522,62.9431,91.47,53.32
64,160,1,290.113,12.5062,62.9549,91.35,53.13
65,160,1,290.2,12.5553,62.886,92.92,53.31
66,160,1,290.021,12.528,63.0853,93.43,53.83
67,160,1,290.084,12.5428,63.0272,88.27,52.6
68,160,1,290.071,12.5597,63.0333,89.79,52.39
69,160,1,155.149,38.651,51.5005,85.82,53.56
70,160,1,155.326,38.6681,51.4776,93.31,56.67
71,160,1,155.285,38.6803,51.486,90.02,55.97
72,160,1,155.238,38.6774,51.5135,92.31,56.74
73,160,1,155.25,38.6623,51.5107,91.82,56.4
74,160,1,155.404,38.6357,51.4409,88.92,56.14
75,160,1,155.272,38.6837,51.5095,91.39,55.93
76,160,1,155.353,38.6672,51.4648,89.32,55.45
77,160,1,155.363,38.6658,51.4458,92.19,56.32
78,160,1,155.288,38.6719,51.4788,94.55,56.9
79,160,1,155.101,38.6624,51.5099,93.72,56.8
80,160,1,155.254,38.659,51.4722,91.76,56.8
81,160,1,155.271,38.6649,51.475,89.53,57.35
82,160,1,155.385,38.6397,51.429,94.72,57.32
83,160,1,155.27,38.6501,51.4688,92.2,57.23
84,160,1,155.341,38.6702,51.4527,92.09,56.04
85,160,1,155.248,38.6485,51.4591,93.48,57.4
86,160,1,155.313,38.6572,51.4349,91.43,56.46
87,160,1,155.325,38.6542,51.4459,92.42,57.34
88,160,1,155.329,38.6413,51.4664,94.23,56.55
89,160,1,155.361,38.6589,51.4164,92.26,55.87
90,160,1,155.384,38.6446,51.405,92.3,56.02
91,160,1,155.369,38.6545,51.4033,92.72,56.69
92,160,1,155.271,38.6614,51.4426,90.71,55.6
93,160,1,155.306,38.6617,51.4168,90.68,56.78
94,160,1,155.344,38.6517,51.4128,93.79,56.82
95,160,1,155.314,38.641,51.4271,90.83,56.21
96,160,1,155.337,38.6434,51.4198,92.7,55.26
97,160,1,155.309,38.6575,51.4097,93.5,56.83
98,160,1,155.254,38.6491,51.439,90.74,57.04
99,160,1,155.393,38.6555,51.3925,93.17,56.91
100,160,0,0,0,0,0,54.31
101,160,1,45.6712,19.4608,11.3951,94.9,56.85
102,160,1,45.6218,19.465,11.3897,92.9,56.86
103,160,1,45.618,19.4415,11.4811,93.5,57.07
104,160,1,45.6407,19.4753,11.3734,93.26,57.37
105,160,1,45.6348,19.456,11.3933,94.53,56.82
106,160,1,45.5909,19.4665,11.4207,92.86,57.59
107,160,1,45.7597,19.4072,11.3661,93.13,57.87
108,160,1,46.032,19.0558,10.9782,81.8,57.7
109,160,1,45.4968,19.4407,11.6243,91.64,57.44
110,160,1,45.5403,19.3751,11.552,94.1,58.09
111,160,1,45.5456,19.4542,11.4627,92.33,57.98
112,160,1,45.5774,19.4466,11.5483,93.19,57.85
113,160,1,45.6292,19.4209,11.4958,93.64,58.3
114,160,1,45.6657,19.4307,11.4262,91.1,57.6
115,160,1,45.6139,19.4403,11.4842,95.58,57.35
116,160,1,45.6059,19.4567,11.4405,92.82,57.89
117,160,1,45.5443,19.4317,11.6132,92.5,57.25
118,160,1,45.5278,19.3862,11.5373,86.26,58.22
119,160,1,45.458,19.4159,11.609,95.26,57.72
120,160,1,45.5492,19.4417,11.4746,94.24,57.97
121,160,1,46.0126,19.0923,11.0436,84.49,57.67
122,160,1,45.5315,19.4546,11.4582,94.89,57.48
123,160,1,45.6694,19.3964,11.4878,95.03,58.01
124,160,1,45.585,19.4254,11.4908,94.76,57.86
125,160,1,45.5007,19.4157,11.5858,94.97,57.64
126,160,1,45.5506,19.4184,11.5048,94.46,58.08
127,160,1,45.5356,19.4138,11.5371,93.8,57.88
128,160,1,45.5536,19.4367,11.4877,94.06,57.4
129,160,1,45.4768,19.4339,11.6328,94.11,58.46
130,160,1,45.5317,19.4388,11.5098,92.79,57.63
131,160,1,45.6119,19.3928,11.5615,94.33,58.49
132,160,1,45.9783,19.0669,11.0898,83.8,57.9
133,160,1,45.5896,19.3869,11.5636,95.27,57.88
134,160,1,45.5893,19.3917,11.5649,93.6,58.41
135,160,1,45.5316,19.3883,11.547,92.5,57.72
136,160,1,45.4334,19.363,11.688,86.41,58.16
137,160,1,45.446,19.3509,11.6946,87.82,58.17
138,160,1,45.6198,19.393,11.4994,94.64,58.22
139,160,1,45.4979,19.4004,11.6137,95,57.56
140,160,1,45.5918,19.4075,11.4564,91.68,58.37
141,160,1,45.4238,19.4325,11.5782,94.59,57.96
142,160,1,45.3661,19.3556,11.7747,92.88,58.03
143,160,1,45.54,19.3902,11.5393,93.2,57.86
144,160,1,45.4404,19.4002,11.7237,92.98,57.54
145,160,1,45.4794,19.3695,11.6658,88.94,58.9
146,160,1,45.4571,19.4039,11.6549,93,56.7
147,160,1,45.4015,19.4013,11.6369,94.67,57.87
148,160,1,45.4393,19.3697,11.796,93.29,57.84
149,160,1,45.4591,19.4004,11.5727,93.71,57.75
150,160,1,45.4314,19.4105,11.6025,94.8,57.46
151,160,1,45.4424,19.4204,11.5755,94.69,57.75
152,160,1,45.5179,19.3723,11.5444,95.13,57.75
153,160,1,46.6125,18.9864,10.4297,73.65,58.56
154,160,1,45.4375,19.3959,11.5931,94.06,58.04
155,160,1,45.4919,19.3461,11.6679,94.2,58.26
156,160,1,45.5095,19.3654,11.5638,95.72,58.41
157,160,1,45.5059,19.3523,11.5883,93.81,57.28
158,160,1,45.4228,19.3569,11.6456,94.76,58.27
159,160,1,45.5757,19.3556,11.5164,94.73,58.15
160,160,1,45.4122,19.3272,11.6379,88.42,58.62
161,160,1,45.2741,19.4166,11.7783,94.3,57.55
162,160,1,45.5238,19.3689,11.5143,95.21,58.93
163,160,1,45.3921,19.3751,11.7456,95.76,57.35
164,160,1,45.4342,19.3726,11.5909,93.61,57.61
165,160,1,45.3799,19.3926,11.6309,96.24,57.62
166,160,1,45.3635,19.3422,11.7362,92.75,55.87
167,160,1,155.431,38.6124,51.2017,80.19,54.91
168,160,1,155.514,38.6361,51.2103,92.59,55.35
169,160,1,155.417,38.661,51.2194,92.07,56.05
170,160,1,155.398,38.6692,51.2212,91.69,55.97
171,160,1,155.496,38.6825,51.1642,91.79,55.91
172,160,1,155.415,38.6702,51.2247,94.51,56.34
173,160,1,155.508,38.6839,51.1652,92.03,56.41
174,160,1,155.511,38.6978,51.0777,91.25,56.61
175,160,1,155.639,38.6664,51.0203,91.4,56.31
176,160,1,155.531,38.6554,51.0699,91.24,57.09
177,160,1,155.472,38.6277,51.1335,91.52,56.91
178,160,1,155.528,38.6082,51.1466,89.87,56.33
179,160,1,155.428,38.5907,51.2002,89.32,56.85
180,160,1,155.516,38.5902,51.1471,89.46,56
181,160,1,155.443,38.5782,51.1742,91.74,56.49
182,160,1,155.461,38.5887,51.1761,91.39,57
183,160,1,155.405,38.5936,51.1778,90.82,56.03
184,160,1,155.556,38.6017,51.161,93.45,54.66
185,160,1,155.504,38.6011,51.138,91.9,54.09
186,160,1,155.53,38.5919,51.0934,90.05,52.12
187,160,0,0,0,0,0,51.61
188,160,1,160.759,22.2242,56.9559,84.73,52.79
189,160,1,160.904,22.1887,56.9124,89.21,53.11
190,160,0,0,0,0,0,50.04
191,160,1,329.748,26.246,32.5024,89.24,50.06
192,160,1,329.499,26.3323,32.6327,87.84,51.52
193,160,1,329.718,26.2218,32.4766,90.05,50.97
194,160,1,329.5,26.3435,32.5731,88.9,48.34
195,160,1,66.713,15.4822,69.9275,93.13,51.25
196,160,1,67.0582,15.4251,69.5894,91.3,52.55
197,160,1,66.8639,15.4508,69.8136,93.4,52.68
198,160,1,67.0469,15.3694,69.7358,90.19,54
199,160,1,67.0487,15.4041,69.5753,95.41,53.98
200,160,1,66.8631,15.4699,69.766,92.43,53.85
201,160,1,66.8308,15.45,69.838,92.68,52.86
202,160,1,67.0097,15.3612,69.6979,92.31,53.74
203,160,1,66.883,15.4384,69.8097,90.88,53.55
204,160,1,66.9874,15.3715,69.7218,93.91,52.86
205,160,1,66.7217,15.4584,69.8998,94.12,53.88
206,160,1,66.953,15.3843,69.7227,94.65,53.26
207,160,1,66.7038,15.4498,69.9188,94.06,53.16
208,160,1,66.7407,15.4497,70.0039,85.33,53.69
209,160,1,66.8114,15.4241,69.8498,93.03,54.01
210,160,1,66.8576,15.3743,69.7982,94.02,53.54
211,160,1,66.6192,15.427,70.0216,95.64,54.62
212,160,1,66.695,15.3883,69.9104,86.69,54.3
213,160,1,66.7085,15.4308,69.9131,92.3,53.53
214,160,1,66.69,15.3941,69.819,86.2,54.36
215,160,1,66.8931,15.375,69.7458,93.02,54.01
216,160,1,66.9419,15.3402,69.7932,85.47,54.73
217,160,1,66.7662,15.3664,69.9384,91.9,53.89
218,160,1,66.7839,15.3415,69.88,84.58,54.5
219,160,1,66.711,15.4183,69.9488,93.31,53.61
220,160,1,66.7287,15.4233,70.0326,91.95,52.62
221,160,1,66.7785,15.3909,69.9399,91.44,53.49
222,160,1,66.8835,15.3318,69.7837,86.37,53.88
223,160,1,66.8575,15.3815,69.7815,91.82,53.36
224,160,1,66.5234,15.452,70.0769,94.96,53.81
225,160,1,66.5701,15.38,70.016,86.48,53.92
226,160,1,66.7452,15.359,69.8555,93.78,54.03
227,160,1,66.6611,15.4114,70.023,91.14,53.75
228,160,1,66.6873,15.3583,69.8734,85.98,52.74
229,160,1,66.7961,15.3567,69.7807,91.81,54.48
230,160,1,66.7968,15.329,69.8099,94.81,53.04
231,160,1,66.8275,15.3237,69.8711,93.86,54.86
232,160,1,66.6255,15.3403,70.0592,86.66,53.88
233,160,1,66.6692,15.3332,69.9928,91.36,53.8
234,160,1,66.5072,15.4213,70.1122,84.22,54.13
235,160,1,66.6311,15.3852,70.038,93.9,53.25
236,160,1,66.8219,15.3028,69.8372,83.03,54.29
237,160,1,66.557,15.4053,70.2191,86.23,53.71
238,160,1,66.6733,15.3471,69.9015,93.38,53.76
239,160,1,66.6983,15.342,69.8933,94.26,53.91
240,160,1,66.5074,15.4139,70.0784,86.1,54.84
241,160,1,66.7135,15.2928,69.878,84.34,54.34
242,160,1,66.6257,15.3466,69.995,87.39,54.2
243,160,1,66.7727,15.3487,69.9604,92.27,53.8
244,160,1,66.8643,15.312,69.8305,91.94,53.45
245,160,1,66.6748,15.361,69.9684,93.95,53.5
246,160,1,66.7611,15.2659,69.9098,84.97,53.07
247,160,1,66.5765,15.3583,70.1315,92.7,53.77
248,160,1,66.6471,15.3376,69.9502,92.86,54.3
249,160,1,66.6515,15.3549,69.9698,91.16,53.13
250,160,1,66.5501,15.3452,70.2015,83.19,52.81
251,160,0,0,0,0,0,47.88
252,160,0,0,0,0,0,45.81
253,160,1,66.0808,15.5319,70.4953,81.41,39.98
254,160,0,0,0,0,0,52.91
255,160,0,0,0,0,0,51.53
0,161,0,0,0,0,0,34.13
1,161,0,0,0,0,0,37.33
2,161,0,0,0,0,0,51.11
3,161,1,43.0072,39.6754,74.8653,82.06,36.45
4,161,1,42.6252,39.5305,75.3866,88.12,54.22
5,161,1,42.8983,39.5225,75.1174,88.04,56.77
6,161,1,42.8335,39.7177,75.104,91.85,57.3
7,161,1,42.7288,39.4707,75.3409,89.56,57.62
8,161,1,42.8173,39.7847,75.2244,90.27,56.31
9,161,1,42.6651,39.471,75.3521,76.9,53.51
10,161,1,42.7559,39.4892,75.2943,87.65,53.79
11,161,1,42.8757,39.6883,75.0802,93.66,57.29
12,161,1,42.6878,39.481,75.2326,89.8,57.58
13,161,1,42.7278,39.4745,75.1936,89.54,57.85
14,161,1,42.8064,39.4826,75.2101,90.4,57.26
15,161,1,43.0695,39.5188,74.9622,87.35,58.21
16,161,1,42.6452,39.5234,75.2878,89.71,58.32
17,161,1,42.911,39.6714,75.1568,93.1,57.65
18,161,1,42.8097,39.6806,75.1386,93.99,57.94
19,161,1,42.9427,39.5465,74.9515,93.05,58.5
20,161,1,42.7118,39.492,75.1738,89.15,58.09
21,161,1,43.0648,39.5106,74.905,89.83,58.13
22,161,1,42.9845,39.5341,74.855,92.35,58.11
23,161,1,43.015,39.5174,74.8992,91.34,57.37
24,161,1,42.8909,39.6852,75.188,92.18,57.28
25,161,1,42.9861,39.5272,74.9741,88.91,57.73
26,161,1,42.6536,39.451,75.2629,88.54,57.9
27,161,1,42.7861,39.7021,75.1493,93.77,57.49
28,161,1,42.7106,39.4767,75.1928,90.38,57.97
29,161,1,42.5545,39.5114,75.4207,89.1,57.86
30,161,1,42.8456,39.6704,75.126,92.13,57.26
31,161,1,42.8311,39.6437,75.1696,93.4,57.68
32,161,1,42.7016,39.7069,75.2913,92.75,57.53
33,161,1,42.8771,39.6586,75.1574,93.9,56.36
34,161,1,42.4511,39.4975,75.4687,86.91,55.36
35,161,1,290.207,12.4025,62.8295,93.92,51.62
36,161,1,290.21,12.4458,62.8343,92.3,52.44
37,161,1,290.196,12.4407,62.8312,93.33,51.88
38,161,1,290.238,12.4846,62.8801,94.33,53.76
39,161,1,290.203,12.4549,62.8393,92.33,53.84
40,161,1,290.172,12.468,62.8409,92.95,53.4
41,161,1,290.194,12.4587,62.9207,90.67,52.92
42,161,1,290.274,12.4995,62.8681,91.05,52.94
43,161,1,290.223,12.5166,62.8814,93.09,53.84
44,161,1,290.153,12.4571,62.916,92.29,53.33
45,161,1,290.282,12.5069,62.7257,90.36,52.98
46,161,1,290.23,12.4967,62.84,92.33,52.62
47,161,1,290.236,12.5052,62.9059,90.97,53.16
48,161,1,290.244,12.4911,62.8723,95.15,53.3
49,161,1,290.194,12.4861,62.8416,90.85,53.05
50,161,1,290.114,12.4468,63.1095,92.85,53.82
51,161,1,290.195,12.501,62.8336,94.14,53.12
52,161,1,290.189,12.5249,62.9841,89.4,53.19
53,161,1,290.177,12.5068,62.9271,91,53.67
54,161,1,290.219,12.5272,62.9346,91.72,53.33
55,161,1,290.129,12.5358,62.9722,95.7,53.48
56,161,1,290.17,12.5039,62.8977,91.66,52.6
57,161,1,290.283,12.5259,62.8128,92.1,53.28
58,161,1,290.119,12.5426,62.9003,92.9,53.13
59,161,1,290.1,12.4733,62.9197,92.86,53.16
60,161,1,290.1,12.5318,62.9881,93.26,53.36
61,161,1,290.083,12.5154,62.981,90.68,52.89
62,161,1,290.191,12.5411,62.8825,94.04,53.51
63,161,1,290.132,12.5222,62.957,89.58,53.59
64,161,1,290.126,12.5492,62.9813,90.33,52.88
65,161,1,289.888,12.5416,63.2154,95.48,53.51
66,161,1,290.161,12.5226,62.8811,95.09,52.98
67,161,1,290.071,12.5668,63.0617,89.96,51.97
68,161,0,0,0,0,0,52.13
69,161,1,155.21,38.6605,51.5318,93.12,54.41
70,161,1,155.255,38.6745,51.5039,89.6,56.04
71,161,1,155.298,38.6807,51.4971,92.69,55.45
72,161,1,155.267,38.6724,51.4828,90.87,56.51
73,161,1,155.222,38.6738,51.4969,91.74,56.23
74,161,1,155.258,38.6675,51.4968,90.41,56.1
75,161,1,155.203,38.6704,51.4839,91.8,56.38
76,161,1,155.263,38.6628,51.4572,91.79,56.95
77,161,1,155.288,38.6758,51.4797,90.42,55.88
78,161,1,155.321,38.6795,51.4627,94.79,56.98
79,161,1,155.383,38.661,51.4428,92.53,56.01
80,161,1,155.3,38.6676,51.4588,90.22,55.96
81,161,1,155.361,38.6711,51.4511,90.78,56.6
82,161,1,155.362,38.6538,51.5274,92,57.45
83,161,1,155.233,38.6663,51.5073,93.3,57.07
84,161,1,155.224,38.6623,51.4708,91.27,57.07
85,161,1,155.41,38.6647,51.4305,93.01,55.83
86,161,1,155.243,38.6523,51.4885,91.76,56.34
87,161,1,155.266,38.6536,51.4505,90.52,56.53
88,161,1,155.351,38.6681,51.4362,89.19,56.59
89,161,1,155.301,38.6392,51.4314,95.69,57.2
90,161,1,155.359,38.655,51.4194,94.08,56.18
91,161,1,155.241,38.661,51.4303,94.1,57.47
92,161,1,155.309,38.6556,51.4393,93.17,56.4
93,161,1,155.216,38.6486,51.4404,89.75,56.63
94,161,1,155.39,38.669,51.4008,90.82,56.18
95,161,1,155.272,38.6398,51.4386,91.33,55.96
96,161,1,155.364,38.667,51.4133,91.01,57
97,161,1,155.273,38.6464,51.4063,91.04,56.56
98,161,1,155.444,38.6536,51.3719,92.03,56.88
99,161,1,155.36,38.6486,51.4142,93.4,57.45
100,161,1,155.433,38.6564,51.3141,81.48,55.17
101,161,1,45.7058,19.4767,11.3093,94.08,56.5
102,161,1,45.6128,19.462,11.5181,93.36,57.3
103,161,1,45.6014,19.4776,11.3943,95.96,56.41
104,161,1,45.6364,19.4456,11.4077,94.03,57.23
105,161,1,45.5829,19.4787,11.55,95.41,56.67
106,161,1,45.4867,19.3944,11.5998,86.46,58.03
107,161,1,45.5854,19.4613,11.4434,90.62,57.05
108,161,1,45.5494,19.4446,11.4197,95.14,57.2
109,161,1,45.5433,19.4712,11.4319,93.55,58.11
110,161,1,45.6135,19.3937,11.5193,87.09,58.24
111,161,1,45.5956,19.4483,11.4672,94.91,57.48
112,161,1,45.5631,19.4526,11.4819,95.58,58.14
113,161,1,45.5422,19.3962,11.5039,87.32,58.4
114,161,1,45.4192,19.4036,11.6882,86.03,58.61
115,161,1,45.5064,19.4292,11.6022,93.96,57.82
116,161,1,45.5936,19.4425,11.4678,93.26,57.29
117,161,1,45.6054,19.3877,11.4623,86.31,58.25
118,161,1,45.5024,19.3902,11.5838,87.67,58.4
119,161,1,45.5625,19.4185,11.4674,87.73,58.57
120,161,1,47.0502,19.1288,10.0315,81.76,57.34
121,161,1,45.5494,19.3696,11.5981,87.29,57.99
122,161,1,45.5337,19.4283,11.5423,94.93,57.28
123,161,1,45.3938,19.3899,11.7341,92.84,58.75
124,161,1,45.5626,19.4141,11.5088,85.72,58.83
125,161,1,45.6897,19.4009,11.4519,94.87,58.03
126,161,1,45.6265,19.3958,11.4988,93.09,57.28
127,161,1,45.5577,19.4272,11.5183,96.08,58.17
128,161,1,45.6568,19.3943,11.4822,93.38,57.78
129,161,1,45.5066,19.3996,11.5055,87.79,58.11
130,161,1,47.0002,19.1202,10.0781,80.49,57.87
131,161,1,45.5367,19.4097,11.5575,93.74,58.16
132,161,1,45.5325,19.3921,11.6704,95.21,57.45
133,161,1,45.3722,19.3822,11.6872,86.75,58.6
134,161,1,45.4988,19.4287,11.54,95.17,57.46
135,161,1,45.4682,19.4325,11.5712,96.51,57.72
136,161,1,45.5294,19.4197,11.4891,95.19,57.56
137,161,1,45.4833,19.3675,11.598,89.34,58.44
138,161,1,45.557,19.3866,11.6007,91.93,57.74
139,161,1,45.5409,19.4094,11.5422,93.95,57.84
140,161,1,45.4952,19.3614,11.6278,87.19,58.76
141,161,1,45.5225,19.3828,11.5546,93.72,58.24
142,161,1,45.5406,19.3988,11.6375,96.27,58.25
143,161,1,45.3946,19.4069,11.7325,93.44,57.37
144,161,1,45.5255,19.4174,11.5404,92.47,57.94
145,161,1,45.464,19.3899,11.6891,94.91,58.08
146,161,1,45.5675,19.4084,11.5412,94.59,57.24
147,161,1,45.9648,19.0123,11.0873,82.05,58.12
148,161,1,45.4762,19.4067,11.5573,91.78,57.41
149,161,1,45.4361,19.4076,11.5972,95.17,57.31
150,161,1,45.3943,19.3738,11.6975,95.5,57.62
151,161,1,45.8571,19.0122,11.2152,85.62,57.3
152,161,1,45.5648,19.3861,11.4667,94.81,57.88
153,161,1,45.4222,19.3718,11.6855,94.3,58.03
154,161,1,45.568,19.3838,11.4383,94.57,57.91
155,161,1,45.4386,19.3922,11.6529,95.05,58.48
156,161,1,45.4499,19.402,11.6192,94.27,57.64
157,161,1,45.4497,19.3888,11.6163,92.68,58.22
158,161,1,45.5309,19.3462,11.5732,93.53,58.11
159,161,1,45.4234,19.3594,11.6621,93.74,57.63
160,161,1,45.4996,19.3796,11.5832,93.17,57.24
161,161,1,45.4824,19.3785,11.5552,94.59,57.66
162,161,1,45.4335,19.3909,11.6328,95.76,57.1
163,161,1,45.4837,19.3808,11.6178,96.37,57.96
164,161,1,45.4037,19.3587,11.777,95.48,57.44
165,161,1,45.412,19.3887,11.5982,95.64,57.83
166,161,1,45.4715,19.3728,11.6395,96.43,58.37
167,161,0,0,0,0,0,54.82
168,161,1,155.461,38.6369,51.2155,89.52,55.13
169,161,1,155.433,38.6731,51.2266,93.09,56.5
170,161,1,155.385,38.6846,51.2477,94.68,55.94
171,161,1,155.433,38.691,51.2302,92.13,56.57
172,161,1,155.373,38.7075,51.2168,91.89,56.66
173,161,1,155.48,38.7002,51.1616,92.7,56.9
174,161,1,155.538,38.6986,51.0635,91.34,56.28
175,161,1,155.522,38.6762,51.0561,88.52,56.97
176,161,1,155.516,38.66,51.0948,87.29,57.74
177,161,1,155.605,38.6306,51.0739,92.71,57.65
178,161,1,155.526,38.6105,51.1335,92.75,56.13
179,161,1,155.306,38.596,51.2066,93,56.3
180,161,1,155.502,38.5963,51.1407,92.88,56.36
181,161,1,155.502,38.588,51.1531,92.46,56.79
182,161,1,155.329,38.5852,51.2048,92.75,56.98
183,161,1,155.523,38.5848,51.1353,91.02,55.48
184,161,1,155.541,38.5904,51.1057,92.05,54.36
185,161,2,154.66,38.3722,52.0199,54.45,53.16
186,161,1,155.66,38.6202,51.0622,81.63,52.66
187,161,1,155.362,38.6606,51.1346,90.8,51.73
188,161,0,0,0,0,0,51.42
189,161,0,0,0,0,0,50.73
190,161,1,329.938,26.2969,32.2943,91.05,48.46
191,161,1,329.739,26.2298,32.4721,89.06,50.83
192,161,1,329.67,26.2492,32.5037,86.65,50.8
193,161,1,329.699,26.2463,32.474,88.18,51.07
194,161,1,329.631,26.2448,32.4936,91.06,48.34
195,161,1,67.0712,15.4804,69.6433,91.62,50.13
196,161,1,66.9302,15.4746,69.7717,92.2,53.52
197,161,1,66.8741,15.4546,69.7875,85.05,53.07
198,161,1,67.0466,15.3992,69.6692,92.63,53.7
199,161,1,66.9424,15.4311,69.7956,90.99,53.11
200,161,1,66.5529,15.5012,70.0759,84.18,53.47
201,161,1,66.9788,15.3951,69.5958,85.99,53.5
202,161,1,66.906,15.4119,69.7797,93.76,53.23
203,161,1,66.8896,15.382,69.7434,91.31,54.26
204,161,1,66.9095,15.3792,69.6987,85.52,53.11
205,161,1,66.712,15.4441,69.909,92.4,54.17
206,161,1,66.7835,15.4476,69.8766,82.89,53.87
207,161,1,66.7645,15.4482,69.8419,92.4,53.4
208,161,1,66.746,15.4301,69.9188,93.09,54
209,161,1,66.6485,15.4525,69.9679,95.34,53.61
210,161,1,66.8203,15.4185,69.858,91.71,53.36
211,161,1,66.6156,15.4452,69.9812,92.46,52.54
212,161,1,66.9601,15.3384,69.7742,82.01,54.44
213,161,1,66.8753,15.4025,69.7717,87.02,55.04
214,161,1,66.718,15.4457,69.9033,92.68,53.27
215,161,1,66.7703,15.3707,69.8262,92.53,54.03
216,161,1,66.6605,15.4327,70.0689,88.11,54.05
217,161,1,66.7978,15.3493,69.9517,84.57,54.37
218,161,1,66.9413,15.4327,69.6693,91.79,53.77
219,161,1,66.8051,15.3815,69.9187,91.56,54.1
220,161,1,66.8406,15.4052,69.9089,93.56,54.55
221,161,1,66.5171,15.4546,70.1323,86.47,53.26
222,161,1,66.7593,15.3591,69.8721,94.48,54.39
223,161,1,66.7432,15.393,69.9466,91.6,53.46
224,161,1,66.8984,15.3555,69.7515,92.58,54.36
225,161,1,66.5631,15.4488,70.0628,87.93,53.61
226,161,1,66.5875,15.4329,70.0655,94.25,53.12
227,161,1,66.7884,15.3359,69.856,86.2,53.75
228,161,1,66.8438,15.3215,69.7987,84.45,53.16
229,161,1,66.7107,15.3942,69.9345,92.96,54.08
230,161,1,66.6263,15.4117,70.0395,93.74,53.68
231,161,1,66.8036,15.3421,69.8036,94.39,54.44
232,161,1,66.6867,15.3456,69.8315,87.53,54.04
233,161,1,66.73,15.3818,69.9304,93.08,53.57
234,161,1,66.5765,15.389,70.0551,93.77,53.17
235,161,1,66.7076,15.3563,70.0091,92.48,54.26
236,161,1,66.5745,15.3791,70.0666,85.82,53.85
237,161,1,66.7683,15.3468,69.9642,93.08,54.63
238,161,1,66.6249,15.3678,70.0766,90.2,53.68
239,161,1,66.5748,15.4026,70.0703,93.04,53.88
240,161,1,66.8524,15.3146,69.8433,92.21,54.1
241,161,1,66.7531,15.3094,69.885,93.51,53.83
242,161,1,66.7059,15.2975,69.9088,86.54,54.41
243,161,1,66.4366,15.4035,70.1604,92.12,53.23
244,161,1,66.636,15.3319,69.9705,93.26,54.51
245,161,1,66.5638,15.3239,70.0088,94.42,54.42
246,161,1,66.6676,15.3393,69.9243,94.87,54.05
247,161,1,66.5676,15.376,70.1078,93.38,54.32
248,161,1,66.7175,15.2777,69.9558,92.08,54.21
249,161,1,66.7248,15.2845,69.9081,85.2,53.18
250,161,1,66.6417,15.3382,70.0266,94.94,51.58
251,161,0,0,0,0,0,49.73
252,161,0,0,0,0,0,48.76
253,161,0,0,0,0,0,40.45
254,161,0,0,0,0,0,35.37
255,161,0,0,0,0,0,52.78
0,162,0,0,0,0,0,35.02
1,162,0,0,0,0,0,33.94
2,162,0,0,0,0,0,51.88
3,162,0,0,0,0,0,37
4,162,1,42.9768,39.4991,74.9086,91.4,54.77
5,162,1,42.7519,39.5462,75.098,91.07,57.27
6,162,1,42.8457,39.5542,75.0999,88,56.95
7,162,1,42.7081,39.553,75.3377,88.28,57.2
8,162,1,42.7493,39.5004,75.2421,86.72,56.38
9,162,1,42.8797,39.6768,75.0329,89.82,53.21
10,162,1,42.8501,39.6375,75.0609,92.58,53.34
11,162,1,43.0051,39.5198,74.8697,92.5,58.52
12,162,1,42.6721,39.5185,75.2904,89.23,57.19
13,162,1,42.6179,39.5538,75.4165,88.62,58.37
14,162,1,42.6355,39.5391,75.294,88,57.53
15,162,1,42.908,39.5,75.0035,91.9,57.99
16,162,1,42.8651,39.6485,75.152,91.06,57.65
17,162,1,42.9908,39.5884,74.8838,92.12,58.03
18,162,1,42.8269,39.4863,75.07,91.29,56.64
19,162,1,42.8939,39.5065,75.0196,92.53,57.93
20,162,1,42.9323,39.6831,75.0194,94.02,57.46
21,162,1,42.7998,39.5073,75.115,90.31,57.63
22,162,1,42.8212,39.6786,75.1247,92.62,57.97
23,162,1,43.0865,39.5435,74.8702,93.99,57.37
24,162,1,42.5677,39.4801,75.382,87.62,57.46
25,162,1,42.6998,39.7352,75.2779,93.24,58.51
26,162,1,42.9001,39.6592,75.1728,92.97,58.22
27,162,1,42.802,39.463,75.2108,90.79,57.74
28,162,1,42.9833,39.6554,75.151,92.48,58.09
29,162,1,42.9405,39.4378,75.0872,90.65,58.49
30,162,1,42.8362,39.4502,75.2107,86.57,57.46
31,162,1,42.822,39.4506,75.2271,90.05,58.39
32,162,1,42.8839,39.6418,75.1348,93.55,58.19
33,162,1,42.7166,39.4594,75.2031,90.49,58.15
34,162,1,42.841,39.6555,75.1283,92.21,55.28
35,162,1,290.188,12.3917,62.7787,90.82,50.39
36,162,1,290.328,12.4844,62.7876,91.57,52.65
37,162,1,290.134,12.4273,62.8784,91.16,52.71
38,162,1,290.18,12.4564,62.9176,91.2,52.28
39,162,1,290.312,12.4957,62.8836,92.23,52.95
40,162,1,290.203,12.4981,62.9036,92.31,52.03
41,162,1,290.163,12.4878,62.9058,92.42,53.04
42,162,1,290.231,12.5306,62.9203,91.67,53.08
43,162,1,290.157,12.509,62.9098,94.07,53.8
44,162,1,290.293,12.5175,62.8832,93.9,52.61
45,162,1,290.27,12.4859,62.8729,92.15,52.16
46,162,1,290.183,12.5085,62.8183,90.34,53.35
47,162,1,290.3,12.4981,62.7797,91.66,52.44
48,162,1,290.263,12.5159,62.7931,94.02,52.89
49,162,1,290.179,12.4986,62.9535,92.12,53.05
50,162,1,290.239,12.494,62.8671,93.48,53.24
51,162,1,290.148,12.488,62.95,90.05,52.3
52,162,1,290.138,12.5163,62.981,91.03,52.82
53,162,1,290.13,12.504,62.9712,95.53,53.48
54,162,1,290.173,12.4916,62.8153,94.86,53.2
55,162,1,289.951,12.5517,63.1867,91.85,53.14
56,162,1,290.171,12.5399,62.9529,93.33,53.43
57,162,1,290.187,12.5424,62.9798,92.87,53.75
58,162,1,290.117,12.5433,62.8973,92.04,53
59,162,1,290.153,12.5485,62.9568,91.68,52.5
60,162,1,290.202,12.5173,62.9229,90.94,53.25
61,162,1,290.082,12.5076,62.9278,93.45,53.33
62,162,1,290.137,12.5187,62.9631,93.75,53.29
63,162,1,290.127,12.5137,62.945,90.92,52.39
64,162,1,290.093,12.5327,63.0114,93.34,52.41
65,162,1,290.18,12.5342,63.0068,92.36,52.83
66,162,1,290.18,12.585,63.0394,90.29,52.79
67,162,1,290.339,12.5407,62.8177,90.95,53.04
68,162,1,155.218,38.6755,51.5336,87.65,54.44
69,162,1,155.282,38.6796,51.4897,90.58,55.91
70,162,1,155.394,38.6298,51.4549,91.16,56.24
71,162,1,155.284,38.6703,51.4924,92.01,56.33
72,162,1,155.243,38.6525,51.5052,92.24,56.44
73,162,1,155.324,38.6653,51.4804,94.09,57.16
74,162,1,155.387,38.6647,51.421,87.04,57.63
75,162,1,155.314,38.6732,51.4665,91.47,56.55
76,162,1,155.326,38.6781,51.481,93.21,56.87
77,162,1,155.256,38.6874,51.4732,90.5,57.03
78,162,1,155.3,38.6517,51.4861,96.34,56.49
79,162,1,155.253,38.6586,51.4723,90.48,56.63
80,162,1,155.236,38.6707,51.5046,91.04,56.66
81,162,1,155.291,38.6704,51.4735,93.71,55.85
82,162,1,155.318,38.652,51.4571,91.94,55
83,162,1,155.287,38.6733,51.4487,92.16,56.24
84,162,1,155.344,38.6486,51.4493,93.09,56.21
85,162,1,155.177,38.6651,51.4758,92.87,55.62
86,162,1,155.246,38.6682,51.4664,91.67,56.58
87,162,1,155.296,38.6562,51.4631,93.83,56.95
88,162,1,155.385,38.6405,51.411,89.99,56.35
89,162,1,155.406,38.6654,51.3891,94.09,57.03
90,162,1,155.313,38.6616,51.4358,90.12,57.35
91,162,1,155.418,38.6579,51.3837,91.67,57.05
92,162,1,155.292,38.6557,51.4507,92.34,57.22
93,162,1,155.209,38.6588,51.4538,92.4,57.07
94,162,1,155.383,38.6485,51.4079,91.78,56.6
95,162,1,155.334,38.6475,51.3863,91.47,57.29
96,162,1,155.4,38.6048,51.3972,89.51,56.87
97,162,1,155.283,38.656,51.4221,92.55,56.96
98,162,1,155.306,38.654,51.4149,90.85,56.88
99,162,1,155.314,38.6426,51.399,92,55.82
100,162,1,155.392,38.645,51.3432,78.77,55.04
101,162,1,45.7726,19.421,11.4304,94.41,56.29
102,162,1,45.6149,19.4712,11.4904,91.55,56.12
103,162,1,45.6287,19.4659,11.4016,92.94,58.21
104,162,1,45.6468,19.4572,11.4186,94.7,57.28
105,162,1,45.5674,19.3884,11.5842,86.43,58.29
106,162,1,45.5434,19.4377,11.5788,92.41,57.44
107,162,1,45.5443,19.4437,11.6059,94.28,56.79
108,162,1,45.6061,19.4063,11.4865,85.76,57.85
109,162,1,45.5079,19.4399,11.5366,88.59,58.38
110,162,1,45.6203,19.4306,11.5063,93.42,57.81
111,162,1,45.5251,19.4285,11.5467,94.89,56.91
112,162,1,45.5499,19.4371,11.6092,94.23,57.98
113,162,1,46.7883,19.0281,10.3096,72.28,58.14
114,162,1,45.5751,19.4583,11.4529,92.43,58.02
115,162,1,45.6077,19.4481,11.3998,94.48,58.08
116,162,1,45.6574,19.4115,11.4352,93.69,57.4
117,162,1,45.5792,19.4456,11.4829,94.26,57.9
118,162,1,45.7011,18.9682,11.3458,85.13,57.06
119,162,1,45.6526,19.4129,11.5263,93.12,57.98
120,162,1,45.5891,19.4387,11.4714,94.34,57.83
121,162,1,45.587,19.4455,11.4381,92.95,57.87
122,162,1,45.5956,19.4148,11.527,93.75,58.38
123,162,1,45.5465,19.4213,11.5533,94.65,57.25
124,162,1,45.5056,19.4438,11.4629,92.85,57.17
125,162,1,45.651,19.4163,11.4557,93.34,57.36
126,162,1,45.5518,19.4749,11.3613,85.92,57.86
127,162,1,45.5327,19.4317,11.5257,94.82,57.88
128,162,1,45.4604,19.3956,11.5796,87.52,58.66
129,162,1,45.5683,19.4408,11.4925,92.73,57.94
130,162,1,45.5619,19.4156,11.5115,95.19,58.1
131,162,1,45.5686,19.4065,11.5331,94.07,58.1
132,162,1,45.4461,19.3544,11.6528,87.63,58.46
133,162,1,45.4343,19.3699,11.6459,87.88,58.64
134,162,1,45.4474,19.3621,11.6861,88.65,58.7
135,162,1,45.4887,19.3725,11.5725,86.34,58.92
136,162,1,45.3902,19.4773,11.498,88.51,58.23
137,162,1,45.5254,19.4371,11.4787,94.34,57.26
138,162,1,45.5973,19.3825,11.5681,94.56,57.44
139,162,1,45.4806,19.4209,11.5747,92.84,58.06
140,162,1,45.6469,19.3731,11.5057,94.37,58.4
141,162,1,45.5811,19.3913,11.5363,93.59,57.95
142,162,1,45.4224,19.4006,11.5378,86.15,58.65
143,162,1,45.5862,19.3555,11.5426,94.88,58.6
144,162,1,45.5634,19.3825,11.5334,93.19,58.32
145,162,1,45.5174,19.4001,11.5519,93.97,58.11
146,162,1,45.4479,19.4057,11.5666,94.3,58.05
147,162,1,45.4738,19.3939,11.6717,95.21,57.01
148,162,1,45.4688,19.4205,11.5494,94.99,57.03
149,162,1,45.5514,19.347,11.5608,96.42,57.29
150,162,1,45.535,19.3662,11.594,94.3,57.91
151,162,1,45.4307,19.3547,11.6678,86.88,58.64
152,162,1,45.4749,19.4121,11.5525,96.2,58.31
153,162,1,45.4248,19.3899,11.5673,95.56,56.76
154,162,1,45.4927,19.3769,11.6004,94.79,58.8
155,162,1,45.4036,19.3778,11.6984,93.98,57.96
156,162,1,45.4226,19.3574,11.7397,94.36,57.62
157,162,1,45.3858,19.3747,11.706,96.97,57.9
158,162,1,45.3454,19.3861,11.652,86.93,58.27
159,162,1,45.4163,19.3672,11.6836,93.72,57.61
160,162,1,46.9133,19.0581,10.2223,80.93,58.23
161,162,1,45.5215,19.3764,11.4634,93.49,58.12
162,162,1,45.37,19.394,11.7347,93.69,58.12
163,162,1,45.332,19.3155,11.8206,94.24,58.55
164,162,1,45.3162,19.3257,11.8156,84.56,58.1
165,162,1,45.4297,19.3882,11.5991,93.74,58.04
166,162,1,45.3307,19.3991,11.6441,94.67,57.9
167,162,1,45.4491,19.3415,11.6614,91.4,55.17
168,162,1,155.437,38.65,51.2159,92.28,55.39
169,162,1,155.517,38.6984,51.1851,91.83,55.56
170,162,1,155.485,38.7007,51.1762,93.26,56.68
171,162,1,155.498,38.6991,51.186,92.2,56.33
172,162,1,155.491,38.7116,51.1455,91.44,55.92
173,162,1,155.49,38.7261,51.1181,90.96,57.11
174,162,1,155.545,38.6957,51.0524,93.23,56.58
175,162,1,155.495,38.6977,51.0904,90.38,56.86
176,162,1,155.561,38.6508,51.0982,91.9,56.44
177,162,1,155.59,38.5958,51.1174,94.12,57.06
178,162,1,155.457,38.6079,51.1555,89.9,56.22
179,162,1,155.643,38.6011,51.1231,91.94,56.61
180,162,1,155.509,38.5966,51.16,90.9,57.1
181,162,1,155.462,38.5999,51.1923,90.98,56.35
182,162,1,155.563,38.574,51.1433,93.02,55.92
183,162,1,155.516,38.5857,51.1158,92.2,53.49
184,162,0,0,0,0,0,51.42
185,162,1,161.11,22.1655,56.8413,87.49,51.78
186,162,1,160.924,22.2057,56.9035,82.16,51.51
187,162,1,155.494,38.627,51.1264,83.63,51.98
188,162,1,155.526,38.587,51.1302,87.52,53.48
189,162,1,155.541,38.5382,51.1083,91.75,50.51
190,162,0,0,0,0,0,48.91
191,162,1,329.461,26.3204,32.6172,85.3,50.14
192,162,1,329.686,26.2388,32.4325,85.94,50.5
193,162,1,329.722,26.2426,32.4878,90.23,50.76
194,162,1,329.373,26.3866,32.7514,87.13,47.98
195,162,1,66.9648,15.4955,69.7579,91.11,50.17
196,162,1,66.9491,15.4193,69.7287,84.62,53.56
197,162,1,66.6999,15.4658,70.0159,84.72,52.85
198,162,1,66.926,15.4334,69.794,92.05,53.63
199,162,1,66.7346,15.4636,69.9382,93.67,53.3
200,162,1,66.8299,15.4434,69.912,92.31,53.38
201,162,1,66.9331,15.4198,69.7829,93.24,53.43
202,162,1,66.6573,15.4695,70.0164,86.02,54.14
203,162,1,66.9234,15.3718,69.7061,90.54,53.54
204,162,1,66.7428,15.4632,69.8644,93.1,53.81
205,162,1,66.94,15.3826,69.7098,86.16,54.24
206,162,1,67.0133,15.3756,69.6652,84.11,53.59
207,162,1,66.7956,15.4227,69.9215,92.63,53.87
208,162,1,66.8044,15.4175,69.8835,92.87,53.63
209,162,1,66.7946,15.4387,69.8462,92.52,53.78
210,162,1,66.8752,15.3955,69.8995,94.27,54.19
211,162,1,66.7207,15.452,69.9395,93.77,53.87
212,162,1,66.8732,15.3495,69.8348,87.85,53.6
213,162,1,66.7841,15.4252,69.8687,91.96,54.05
214,162,1,66.7897,15.3986,69.9392,94.03,53.72
215,162,1,66.577,15.4551,70.1698,84.33,53.72
216,162,1,66.7778,15.358,69.8406,90.63,54.14
217,162,1,66.688,15.4463,69.9238,94.67,54.38
218,162,1,66.8806,15.3771,69.7027,94.18,54.16
219,162,1,66.8827,15.3733,69.7724,91.91,53.35
220,162,1,66.6494,15.4285,70.0414,85.56,54.48
221,162,1,66.7256,15.3673,69.9275,94.06,54.32
222,162,1,66.7769,15.3599,69.7863,84.49,54.3
223,162,1,66.7412,15.415,69.9838,93.65,54.7
224,162,1,66.7719,15.4067,69.9219,93.69,54.09
225,162,1,66.745,15.4208,69.945,91.82,54.23
226,162,1,66.8006,15.3845,69.9532,93.69,53.8
227,162,1,66.7235,15.3827,69.9745,93.86,54.06
228,162,1,66.8578,15.3374,69.7878,94.17,52.92
229,162,1,66.6037,15.4071,70.0456,90.7,53.77
230,162,1,66.6167,15.4101,69.9449,91.83,54.25
231,162,1,66.5475,15.4167,70.0488,93.63,53.65
232,162,1,66.4956,15.4303,70.1479,86.55,53.95
233,162,1,66.7012,15.3804,70.0039,91.33,53.41
234,162,1,66.4866,15.348,70.095,85.69,53.79
235,162,1,66.8351,15.3216,69.8284,93.38,52.35
236,162,1,66.7719,15.3402,69.8383,94.34,53.52
237,162,1,66.6491,15.3846,69.9822,92.69,53.41
238,162,1,66.704,15.3352,69.7901,85.61,53.06
239,162,1,66.5649,15.4204,70.0137,94.46,53.7
240,162,1,66.7891,15.3203,69.8904,92.92,52.68
241,162,1,66.5424,15.3832,70.1165,92.55,54.23
242,162,1,66.6822,15.3276,70.0154,92.82,54.64
243,162,1,66.7102,15.3382,69.9841,86.34,54.23
244,162,1,66.6648,15.3208,69.9226,93.7,53.21
245,162,1,66.6464,15.3687,70.0366,92.42,54.26
246,162,1,66.4732,15.3491,70.0655,84.66,53.95
247,162,1,66.4844,15.3773,70.1674,85.93,54.25
248,162,1,66.6178,15.3302,70.1417,90.72,54.2
249,162,1,66.5926,15.3124,69.9949,92.86,53.51
250,162,1,66.5619,15.2923,70.1111,82.98,51.27
251,162,0,0,0,0,0,51.71
252,162,2,346.414,43.8991,59.6881,87.84,51.2
253,162,0,0,0,0,0,41.54
254,162,0,0,0,0,0,36.18
255,162,0,0,0,0,0,52.42
0,163,0,0,0,0,0,51.92
1,163,0,0,0,0,0,35.37
2,163,0,0,0,0,0,36.14
3,163,0,0,0,0,0,37.72
4,163,1,42.5839,39.4747,75.3576,87.64,54.46
5,163,1,42.5804,39.5006,75.4247,87.59,56.19
6,163,1,42.6371,39.5543,75.2948,85.04,57.07
7,163,1,43.0313,39.7132,74.9048,93.59,56.41
8,163,1,42.9258,39.7052,75.0289,93.42,57.25
9,163,1,43.2285,39.5131,74.7572,90.74,54.63
10,163,1,42.7764,39.4804,75.0838,86.98,54.87
11,163,1,42.6892,39.4814,75.3433,89.53,58.22
12,163,1,43.067,39.5272,74.8867,92.23,57.8
13,163,1,42.8517,39.5169,75.14,88.25,57.84
14,163,1,42.867,39.6935,75.1165,92.45,58.37
15,163,1,42.8394,39.4445,75.2477,90.66,58.43
16,163,1,42.9893,39.5098,74.9732,92.12,58.02
17,163,1,42.8137,39.4972,75.184,89.02,58.64
18,163,1,42.6777,39.4496,75.2367,87.78,57.18
19,163,1,42.938,39.5273,74.9516,90.65,58.31
20,163,1,43.0212,39.5214,74.8733,90.3,57.44
21,163,1,42.7169,39.7181,75.2545,93.02,58.24
22,163,1,42.9422,39.6581,75.0138,93.22,58.31
23,163,1,42.8744,39.6664,75.1235,93.24,58.28
24,163,1,42.9848,39.4704,74.9677,92.55,57.96
25,163,1,42.61,39.4973,75.3124,88.44,58.41
26,163,1,42.7398,39.4685,75.2204,89.11,58.41
27,163,1,42.8899,39.6884,75.1574,94.22,58.54
28,163,1,42.5318,39.436,75.2095,85.57,58.16
29,163,1,43.1394,39.507,74.8962,92.18,58.31
30,163,1,42.7712,39.4455,75.2213,91,58.07
31,163,1,42.8276,39.6727,75.1372,95.37,57.55
32,163,1,43.0117,39.5384,74.8883,92.47,58.24
33,163,1,42.9436,39.5654,74.8502,92.83,58.67
34,163,1,42.5399,39.4553,75.3195,85.48,55.38
35,163,1,290.085,12.3779,62.8941,82.97,50.8
36,163,1,290.198,12.4494,62.7835,93.2,52.4
37,163,1,290.268,12.4582,62.7106,91.34,52.33
38,163,1,290.344,12.5008,62.7861,93.08,53.27
39,163,1,290.202,12.4751,62.8726,93.44,52.68
40,163,1,290.151,12.5305,62.9879,93.16,53.32
41,163,1,290.178,12.5002,63.0095,89.4,52.88
42,163,1,290.315,12.49,62.8821,94.13,52.84
43,163,1,290.261,12.495,62.7683,92.54,52.98
44,163,1,290.188,12.4757,62.8669,93.55,53.14
45,163,1,290.213,12.4812,62.8594,91.9,53.05
46,163,1,290.2,12.4666,62.8214,95.57,52.68
47,163,1,290.192,12.4774,62.9372,91.87,52.81
48,163,1,290.192,12.5126,62.7988,94.12,53.78
49,163,1,290.232,12.4855,62.8399,94.01,53.33
50,163,1,290.122,12.5157,62.9711,90.23,53.38
51,163,1,290.153,12.4653,62.8873,93.21,53.74
52,163,1,290.108,12.5057,62.9952,91.55,53.32
53,163,1,290.06,12.5061,63.0151,94.2,54.64
54,163,1,290.143,12.5136,62.9847,90.92,53.17
55,163,1,290.18,12.5011,62.9065,91.7,52.83
56,163,1,290.216,12.5074,62.8605,94.67,53.5
57,163,1,290.087,12.5032,62.9989,91.22,53.13
58,163,1,290.087,12.5107,63.043,92.19,52.85
59,163,1,290.22,12.5127,62.8458,93.75,53.93
60,163,1,290.134,12.5131,62.9573,89.41,52.64
61,163,1,290.197,12.5393,62.9538,92.86,52.76
62,163,1,290.106,12.5378,63.0527,91.88,53.07
63,163,1,290.118,12.4715,62.9024,93.54,53.15
64,163,1,290.005,12.5274,63.0829,90.55,52.21
65,163,1,290.248,12.5395,62.9101,92.62,54.04
66,163,1,290.155,12.5778,62.9615,92.58,53.34
67,163,0,0,0,0,0,53.14
68,163,1,155.28,38.696,51.4967,88.69,55.54
69,163,1,155.314,38.675,51.4674,91.6,56.34
70,163,1,155.175,38.7069,51.529,92.58,56.05
71,163,1,155.28,38.6758,51.4945,91.11,56.65
72,163,1,155.358,38.6653,51.4557,93.32,56.11
73,163,1,155.19,38.6829,51.5215,91.54,56.74
74,163,1,155.338,38.6757,51.4587,92.71,55.18
75,163,1,155.373,38.658,51.4599,94.3,56.35
76,163,1,155.342,38.6709,51.4849,92.97,56.91
77,163,1,155.298,38.6804,51.4629,91.56,56.51
78,163,1,155.429,38.6787,51.4306,91.05,57.03
79,163,1,155.265,38.6716,51.4733,90.79,56.68
80,163,1,155.297,38.6823,51.465,91.55,56.41
81,163,1,155.396,38.666,51.4549,91.05,55.84
82,163,1,155.432,38.6692,51.4269,92.25,56.65
83,163,1,155.334,38.6623,51.4636,93.13,57.12
84,163,1,155.272,38.6536,51.4694,91.98,56.89
85,163,1,155.398,38.6642,51.3862,95.71,57.69
86,163,1,155.18,38.6658,51.5007,95.27,55.99
87,163,1,155.33,38.6585,51.4371,93.51,56.66
88,163,1,155.388,38.6393,51.4134,95.56,57.55
89,163,1,155.349,38.6291,51.4364,91.67,56.9
90,163,1,155.351,38.6512,51.4306,93.08,56.72
91,163,1,155.263,38.6467,51.4239,92.8,57.02
92,163,1,155.392,38.627,51.3865,95.56,56.84
93,163,1,155.35,38.6505,51.4334,92.08,56.15
94,163,1,155.38,38.6405,51.4115,91.76,56.87
95,163,1,155.484,38.6549,51.3983,91.88,56.29
96,163,1,155.277,38.6581,51.4327,91.36,56.25
97,163,1,155.416,38.6398,51.3849,94.08,56.37
98,163,1,155.351,38.6562,51.402,93.81,56.26
99,163,1,155.233,38.6333,51.4266,91.52,55.5
100,163,1,155.411,38.6375,51.3471,80.53,54.71
101,163,1,45.704,19.4548,11.3614,95.81,56.07
102,163,1,45.7885,19.4358,11.3635,92.68,58.01
103,163,1,45.7205,19.4118,11.4243,94.07,57.56
104,163,1,45.5613,19.3997,11.5711,84.99,58.12
105,163,1,45.5854,19.4468,11.5407,95.1,57.76
106,163,1,45.6515,19.4482,11.4123,93.7,58.21
107,163,1,45.6245,19.4637,11.4237,94.03,57.84
108,163,1,45.4696,19.4706,11.5937,96.02,57.37
109,163,1,45.5717,19.4384,11.607,95.63,57.25
110,163,1,45.5078,19.4126,11.5853,93.73,58
111,163,1,45.6313,19.4213,11.457,94.15,57.58
112,163,1,45.6396,19.4327,11.4755,93.61,57.31
113,163,1,45.7337,19.3978,11.518,93.3,58.42
114,163,1,45.4526,19.4918,11.5513,94.12,57.4
115,163,1,45.5935,19.4461,11.4688,94.46,57.88
116,163,1,45.6466,19.4152,11.5694,94,57.61
117,163,1,45.6086,19.4218,11.5491,94.56,57.48
118,163,1,45.5202,19.3662,11.6257,86.67,58.61
119,163,1,45.5309,19.4395,11.4803,88.96,58.35
120,163,1,45.4901,19.4061,11.5776,88.21,58.22
121,163,1,45.4862,19.435,11.4811,86.79,58.37
122,163,1,45.5317,19.4608,11.5149,93.9,57.64
123,163,1,45.5884,19.4381,11.4904,94.68,57.23
124,163,1,45.5862,19.3855,11.5309,87.44,58.19
125,163,1,45.4304,19.38,11.7221,87.92,58.27
126,163,1,45.5615,19.4387,11.4433,96.79,58.22
127,163,1,45.5731,19.4058,11.4923,94.38,58.98
128,163,1,45.4793,19.367,11.5805,86.72,58.04
129,163,1,45.5503,19.436,11.4723,92.66,57.61
130,163,1,45.5766,19.442,11.4402,95.42,57.87
131,163,1,45.6735,19.3879,11.4649,93.62,57.7
132,163,1,45.5149,19.3551,11.5438,86.74,57.58
133,163,1,45.6826,19.3759,11.4173,92.78,58.28
134,163,1,45.3792,19.3983,11.6404,87.36,58.71
135,163,1,45.5486,19.4001,11.533,94.27,57.98
136,163,1,45.4763,19.4387,11.5311,93.45,58.57
137,163,1,45.4704,19.3864,11.6419,93.9,58.02
138,163,1,45.5171,19.413,11.5775,94.14,58.16
139,163,1,45.5095,19.4163,11.508,95.46,57.52
140,163,1,45.457,19.4004,11.5975,93.88,58.13
141,163,1,45.5081,19.4291,11.5309,95.85,57.26
142,163,1,45.4419,19.4059,11.6407,92.95,57.33
143,163,1,45.6279,19.3451,11.5158,95.47,57.56
144,163,1,45.5221,19.4033,11.5295,95.32,57.92
145,163,1,45.5312,19.3873,11.4745,95.48,57.85
146,163,1,45.4189,19.4126,11.7107,93.88,57.87
147,163,1,45.5177,19.3633,11.6453,91.98,58.09
148,163,1,45.4004,19.421,11.6407,93.55,57.88
149,163,1,45.4925,19.3918,11.6532,94.71,57.81
150,163,1,45.5616,19.3822,11.5713,94.82,58.01
151,163,1,45.4745,19.4147,11.5351,94.52,58.21
152,163,1,45.5238,19.3968,11.4651,94.67,58.17
153,163,1,47.0015,19.085,10.1061,80.9,58.39
154,163,1,45.4459,19.4079,11.4951,93.72,57.31
155,163,1,45.4911,19.3975,11.5589,93.96,57.24
156,163,1,45.3475,19.3894,11.7032,95.65,57.9
157,163,1,45.3961,19.3704,11.6486,93.26,57.71
158,163,1,45.4022,19.3835,11.6159,92.8,57.9
159,163,1,45.3648,19.3425,11.6443,86.4,58.8
160,163,1,45.4234,19.3532,11.7009,96.33,58.03
161,163,1,45.4689,19.3578,11.6271,94.44,57.5
162,163,1,45.4728,19.3844,11.5924,95.71,57.67
163,163,1,45.4995,19.3427,11.5661,94.39,57.91
164,163,1,45.3193,19.4136,11.6034,94.08,57.88
165,163,1,45.3603,19.3433,11.6913,88.46,58.05
166,163,1,45.4531,19.3614,11.597,94.19,57.75
167,163,1,45.3933,19.323,11.6856,92.28,55.85
168,163,1,155.294,38.6575,51.2763,89.44,54.94
169,163,1,155.48,38.6926,51.2158,90.92,56.12
170,163,1,155.503,38.7157,51.1692,93.05,56.78
171,163,1,155.44,38.703,51.1669,90.47,56.37
172,163,1,155.509,38.7166,51.137,89.82,56.16
173,163,1,155.593,38.7149,51.0886,88.87,56.42
174,163,1,155.524,38.7207,51.0785,91.8,56.49
175,163,1,155.514,38.7124,51.0943,91.31,56.68
176,163,1,155.602,38.6542,51.0754,91.43,56.52
177,163,1,155.452,38.6299,51.1352,91.94,55.93
178,163,1,155.576,38.6152,51.1299,89.66,56.22
179,163,1,155.443,38.6115,51.1795,90.71,56.3
180,163,1,155.499,38.6206,51.1482,91.43,56.69
181,163,1,155.502,38.6093,51.1424,88.78,57.17
182,163,1,155.448,38.5797,51.1637,93.05,54.14
183,163,0,0,0,0,0,52.74
184,163,1,161.077,22.1899,56.938,89,51.8
185,163,1,160.86,22.184,57.0128,92.27,54.66
186,163,1,160.877,22.1565,56.9435,89.16,53.32
187,163,0,0,0,0,0,50.31
188,163,1,155.524,38.5949,51.1351,91.47,53.28
189,163,1,155.449,38.5796,51.132,94.88,54.54
190,163,0,0,0,0,0,49.45
191,163,1,329.735,26.2148,32.4596,89.95,48.79
192,163,1,329.672,26.2112,32.524,87.93,49.26
193,163,1,329.714,26.2534,32.5687,86.01,50
194,163,1,329.301,26.3295,32.6984,87.25,47.4
195,163,1,67.0906,15.4203,69.794,89.29,50.12
196,163,1,66.6944,15.5277,69.8709,93.94,52.28
197,163,1,67.0408,15.4191,69.5679,93.33,52.62
198,163,1,66.7633,15.4672,69.9006,91.98,53.16
199,163,1,66.9677,15.4368,69.7343,93.08,53.83
200,163,1,66.8781,15.4329,69.8606,93.84,52.96
201,163,1,66.8568,15.4333,69.8534,94.22,53.09
202,163,1,67.0017,15.3526,69.7141,85.46,53.32
203,163,1,66.9192,15.3789,69.752,86.21,53.15
204,163,1,67.0103,15.4001,69.6688,92.95,53.24
205,163,1,66.9031,15.3977,69.8907,95.61,53.69
206,163,1,66.8441,15.4281,69.8835,95.18,53.23
207,163,1,66.8059,15.4027,69.9505,84,53.71
208,163,1,66.9309,15.3959,69.7483,93.5,52.98
209,163,1,66.8663,15.4322,69.8621,95.12,53.99
210,163,1,66.7782,15.4179,69.9286,94.22,53.79
211,163,1,66.7006,15.4601,69.9214,94.51,53.55
212,163,1,66.8582,15.3736,69.8455,94.08,54.81
213,163,1,66.9447,15.3418,69.7466,88.02,54.52
214,163,1,66.9351,15.3177,69.7932,84.14,53.8
215,163,1,66.8734,15.3627,69.8115,94.88,52.86
216,163,1,66.5281,15.4602,70.0672,87.9,53.84
217,163,1,66.884,15.3537,69.8032,93.6,54.06
218,163,1,66.683,15.4187,69.9358,94.98,54.78
219,163,1,66.8425,15.4123,69.834,92.28,53.07
220,163,1,66.7899,15.4173,69.758,91.79,54.02
221,163,1,66.7368,15.3792,69.8815,95.46,54.09
222,163,1,66.5404,15.434,70.154,85.02,53.92
223,163,1,66.6284,15.4436,70.0311,86.38,53.93
224,163,1,66.7271,15.3865,69.8558,94.28,53.86
225,163,1,66.7196,15.3817,69.8778,94.91,55
226,163,1,66.726,15.4115,69.9019,85.86,53.78
227,163,1,66.6064,15.4129,70.0813,85.23,54.03
228,163,1,66.7865,15.373,69.8137,93.71,53.83
229,163,1,66.8567,15.3188,69.7627,85.86,53.06
230,163,1,66.7392,15.325,69.8992,85.24,54.2
231,163,1,66.8081,15.3389,69.8575,94.56,54.99
232,163,1,66.7925,15.3743,69.8655,91.72,53.8
233,163,1,66.6948,15.373,70.0456,92.39,53.76
234,163,1,66.6574,15.4146,69.9376,95.59,54.95
235,163,1,66.576,15.3642,69.9654,94.27,54.2
236,163,1,66.4786,15.4125,70.1687,86.08,52.48
237,163,1,66.5213,15.4293,70.1963,86.34,53.23
238,163,1,66.6843,15.3634,69.9343,93.29,53.83
239,163,1,66.5897,15.4007,70.0208,93.85,53.52
240,163,1,66.7105,15.3621,69.9304,93.89,54.36
241,163,1,66.7434,15.3576,69.9737,93.5,53.53
242,163,1,66.666,15.3499,70.0797,90.27,54.49
243,163,1,66.6073,15.3551,69.9961,92.08,54.15
244,163,1,66.6161,15.2867,69.9764,83.96,54.33
245,163,1,66.534,15.3799,70.0865,92.92,54.67
246,163,1,66.5443,15.3802,70.1758,92.35,53.76
247,163,1,66.4942,15.3696,70.1773,86.27,53.69
248,163,1,66.6749,15.3032,69.9332,84.43,52.89
249,163,1,66.7642,15.2882,69.8319,92.39,53.47
250,163,1,66.5578,15.3656,70.0997,93.11,50.8
251,163,2,346.854,43.984,59.6738,87.17,51.85
252,163,2,346.501,43.9726,59.7334,90.31,52.62
253,163,0,0,0,0,0,42.45
254,163,0,0,0,0,0,36.25
255,163,0,0,0,0,0,52.02
0,164,0,0,0,0,0,35.65
1,164,0,0,0,0,0,54.46
2,164,0,0,0,0,0,54.11
3,164,1,43.1179,39.4974,74.8072,85.04,61.55
4,164,1,43.0528,39.4415,74.8508,90.97,55.11
5,164,1,42.9084,39.6953,75.085,91.68,57.22
6,164,1,42.7428,39.467,75.1329,86.01,58.38
7,164,1,42.8862,39.4795,75.1652,90.29,57.35
8,164,1,43.0973,39.5585,74.832,93.3,56.85
9,164,1,42.9064,39.4831,75.0745,89.24,57.89
10,164,1,42.867,39.4878,75.0985,92.69,58.09
11,164,1,42.8913,39.6722,75.105,93.39,58.12
12,164,1,43.0496,39.5285,74.865,91.75,57.49
13,164,1,42.766,39.4649,75.2299,91.71,57.91
14,164,1,43.1003,39.5274,74.8713,91.68,57.53
15,164,1,42.8934,39.6668,75.0909,92.24,57.98
16,164,1,42.9151,39.6715,75.129,92.82,57.45
17,164,1,42.6509,39.4928,75.3273,89.79,58.36
18,164,1,42.9442,39.4806,74.9327,91.19,58.57
19,164,1,42.9072,39.5056,75.1376,89.52,58.01
20,164,1,42.6881,39.4596,75.2075,88.58,57.1
21,164,1,43.0063,39.5193,74.9509,90.61,58.15
22,164,1,42.8417,39.4775,75.1652,89.62,58.35
23,164,1,42.852,39.6743,75.1302,95.76,58.48
24,164,1,42.9655,39.5301,74.8949,90.59,57.58
25,164,1,43.0074,39.5196,74.9285,92.99,57.57
26,164,1,42.7911,39.6603,75.1352,95.44,57.98
27,164,1,42.7881,39.4386,75.2214,87.61,58.39
28,164,1,42.9589,39.475,74.9765,92.16,58.06
29,164,1,42.8348,39.6571,75.1468,94.07,57.03
30,164,1,42.906,39.6678,75.1081,91.83,58.86
31,164,1,42.9389,39.5191,74.9205,91.16,58.37
32,164,1,42.8606,39.4862,75.0044,90.28,59.04
33,164,1,42.6028,39.4758,75.3996,89.07,57.76
34,164,1,42.928,39.4842,74.9678,92.84,55.53
35,164,1,290.194,12.3898,62.8303,83.76,50.59
36,164,1,290.243,12.4522,62.8552,93.2,53.22
37,164,1,290.199,12.4628,62.8968,93.47,53.04
38,164,1,290.142,12.4999,63.0004,93.68,53.7
39,164,1,290.191,12.4565,62.8695,94.22,52.56
40,164,1,290.208,12.4875,62.9079,91.41,52.73
41,164,1,290.16,12.4461,62.8663,91.66,52.73
42,164,1,290.184,12.4432,62.8431,92.69,52.7
43,164,1,290.273,12.4681,62.7935,94.08,52.79
44,164,1,290.359,12.527,62.7943,91.79,53.17
45,164,1,290.194,12.4774,62.8798,93.59,53.23
46,164,1,290.265,12.5165,62.8154,93.74,52.59
47,164,1,290.209,12.4741,62.8834,93.53,53.55
48,164,1,290.288,12.5044,62.8136,92.24,52.97
49,164,1,290.176,12.4797,62.8969,92.56,53.95
50,164,1,290.199,12.5016,62.9063,91.35,53.7
51,164,1,290.246,12.5192,62.864,92.98,53.2
52,164,1,290.186,12.5006,62.8616,92.69,52.9
53,164,1,290.217,12.4994,62.9599,90.67,53.25
54,164,1,290.262,12.498,62.7428,94.68,52.97
55,164,1,290.284,12.5326,62.8769,91.16,53.73
56,164,1,290.07,12.4908,62.9897,93.99,54.17
57,164,1,290.092,12.5114,62.9728,89.4,53.27
58,164,1,290.207,12.5022,62.8975,92.25,53.38
59,164,1,290.123,12.5254,62.9753,92.02,53.44
60,164,1,290.12,12.5311,62.9501,94.22,53.57
61,164,1,290.164,12.5091,62.9557,91.52,51.97
62,164,1,290.078,12.524,63.0384,89.78,53.09
63,164,1,290.172,12.521,62.9821,90.8,53.86
64,164,1,290.15,12.5588,62.9644,93.08,54.23
65,164,1,290.034,12.512,62.9338,92.37,53.1
66,164,1,290.077,12.5553,63.0472,89.01,52.71
67,164,1,155.301,38.5996,51.5081,84.7,54.07
68,164,1,155.277,38.6748,51.4976,90.16,56.09
69,164,1,155.204,38.6743,51.5262,94.23,55.99
70,164,1,155.276,38.6777,51.4687,91.37,56.62
71,164,1,155.329,38.6589,51.4716,93.93,56.62
72,164,1,155.312,38.6125,51.495,93.51,56.4
73,164,1,155.31,38.6737,51.4745,92.65,57.07
74,164,1,155.194,38.6654,51.5111,92.31,56.44
75,164,1,155.305,38.6643,51.4806,94,57.29
76,164,1,155.157,38.6892,51.5143,93.51,57.23
77,164,1,155.27,38.6775,51.4791,91.11,56.5
78,164,1,155.219,38.657,51.498,92.37,56.5
79,164,1,155.181,38.649,51.5022,92.11,56.33
80,164,1,155.342,38.6724,51.4508,95.18,56.2
81,164,1,155.356,38.627,51.4439,93.87,56.49
82,164,1,155.353,38.661,51.4305,91.9,56.7
83,164,1,155.328,38.6589,51.4735,93.82,56.87
84,164,1,155.362,38.6704,51.4166,91.4,56.23
85,164,1,155.274,38.6654,51.4687,93.03,56.63
86,164,1,155.334,38.6572,51.4316,93.11,56.39
87,164,1,155.169,38.6779,51.491,91.23,56.71
88,164,1,155.339,38.6591,51.4544,91.54,56.71
89,164,1,155.251,38.6569,51.445,92.17,55.89
90,164,1,155.335,38.6605,51.4615,93.65,56.97
91,164,1,155.234,38.6584,51.4428,88.88,57.22
92,164,1,155.222,38.6575,51.4585,90.18,56.97
93,164,1,155.394,38.6607,51.4245,91.78,57.38
94,164,1,155.333,38.6381,51.4455,96.63,56.45
95,164,1,155.255,38.6584,51.4385,90.61,56.95
96,164,1,155.375,38.6524,51.4237,93.12,57.05
97,164,1,155.346,38.659,51.4103,93.75,57.52
98,164,1,155.301,38.6566,51.4197,91.83,56.92
99,164,1,155.295,38.6621,51.4035,91.23,56.29
100,164,1,155.254,38.6219,51.3716,81.25,53.96
101,164,1,45.6777,19.4653,11.3899,96.56,56.18
102,164,1,45.5532,19.4001,11.5578,88.57,57.87
103,164,1,45.5936,19.4649,11.3806,90.86,56.86
104,164,1,45.5499,19.4613,11.5309,94.01,57.54
105,164,1,45.5763,19.4023,11.5519,84.94,58.43
106,164,1,45.6296,19.4408,11.4503,95.14,57.79
107,164,1,45.5743,19.393,11.5147,85.87,58.56
108,164,1,45.5952,19.4531,11.4503,94.45,57.32
109,164,1,45.5894,19.4576,11.4386,92.93,57.52
110,164,1,45.6684,19.4116,11.4739,93.53,57.76
111,164,1,45.5846,19.4481,11.4411,95.39,57.27
112,164,1,45.486,19.4111,11.5976,88.11,59.08
113,164,1,45.6246,19.4493,11.4018,93.58,57.8
114,164,1,45.5535,19.3886,11.5765,86.02,58.55
115,164,1,45.5986,19.4324,11.4989,91.64,57.66
116,164,1,45.4206,18.9446,11.5994,78.01,58.16
117,164,1,45.419,19.3805,11.6415,87.8,58.65
118,164,1,45.5654,19.4565,11.462,92.52,58.05
119,164,1,45.6712,19.4136,11.4357,93.28,57.98
120,164,1,45.5181,19.39,11.5261,86.55,58.13
121,164,1,45.5468,19.3931,11.5201,88.34,58.38
122,164,1,45.7073,19.3755,11.4329,94.03,57.62
123,164,1,45.5844,19.4299,11.4316,93.03,57.69
124,164,1,45.5053,19.4571,11.5033,95.34,57.74
125,164,1,45.5012,19.3901,11.585,87.44,58.17
126,164,1,45.5799,19.4247,11.4957,95.79,57.69
127,164,1,46.8204,18.9942,10.3568,72.92,58.09
128,164,1,45.5255,19.4063,11.5564,93.2,58.49
129,164,1,45.5013,19.3911,11.559,87.08,78.66
130,164,1,45.4911,19.4247,11.5687,93.79,58.33
131,164,1,45.5818,19.4072,11.5486,95.2,57.93
132,164,1,45.6477,19.4118,11.4216,94.44,58.28
133,164,1,45.4704,19.4229,11.589,93.57,57.8
134,164,1,45.5039,19.4244,11.534,93.47,57.64
135,164,1,45.8021,19.0508,11.2867,84.96,57.98
136,164,1,45.4251,19.3994,11.6554,95.75,58.18
137,164,1,45.5351,19.4153,11.4759,93.44,58.45
138,164,1,45.4952,19.337,11.6656,88.55,58.76
139,164,1,45.542,19.3972,11.5084,96.04,57.94
140,164,1,45.3748,19.3892,11.6858,87.81,58.07
141,164,1,45.401,19.3708,11.6571,87.85,58.81
142,164,1,45.5604,19.4076,11.5226,94.61,57.85
143,164,1,45.5257,19.3931,11.6873,94.39,57.51
144,164,1,45.6473,19.368,11.4681,95.65,58.07
145,164,1,45.5702,19.3958,11.5108,95.87,58.39
146,164,1,45.4984,19.3999,11.5584,95.08,58.56
147,164,1,45.5339,19.3927,11.582,94.95,58.5
148,164,1,45.48,19.4141,11.5922,96.27,57.58
149,164,1,45.5934,19.3693,11.502,94.05,58
150,164,1,45.3587,19.3749,11.6955,96.52,58
151,164,1,45.4259,19.399,11.6843,94.98,57.82
152,164,1,45.4041,19.4044,11.7069,94.81,57.85
153,164,1,45.4803,19.3912,11.5473,85.15,58.18
154,164,1,45.4379,19.3624,11.5985,94.1,58.35
155,164,1,45.4644,19.3535,11.6595,93.77,58.04
156,164,1,45.4333,19.3981,11.5978,93.29,57.24
157,164,1,45.4045,19.4044,11.5353,95.38,57.64
158,164,1,45.5158,19.3726,11.5209,93.63,57.47
159,164,1,45.9177,19.0461,11.0531,84.91,58.36
160,164,1,45.5633,19.3648,11.5119,94.47,57.68
161,164,1,45.4303,19.3888,11.5986,95.05,58.05
162,164,1,45.888,18.9956,11.1018,85.25,57.8
163,164,1,45.4075,19.3805,11.5637,93.88,57.88
164,164,1,45.2945,19.3144,11.8345,86.56,57.95
165,164,1,45.3473,19.4412,11.4064,80.51,58.8
166,164,1,45.3738,19.3683,11.7132,92.67,58.24
167,164,1,45.2932,19.3683,11.6372,95.26,54.61
168,164,1,155.396,38.6434,51.2273,89.79,55.09
169,164,1,155.413,38.6965,51.222,92,56.46
170,164,1,155.409,38.7097,51.2111,90.26,55.44
171,164,1,155.435,38.7136,51.1775,92.23,56.28
172,164,1,155.552,38.7216,51.1375,90.28,56.29
173,164,1,155.628,38.7199,51.062,92.12,55.85
174,164,1,155.518,38.7273,51.0703,91.32,56.36
175,164,1,155.485,38.7003,51.0905,92.1,56.9
176,164,1,155.602,38.6418,51.0911,90.29,56.88
177,164,1,155.519,38.6283,51.117,90.1,56.08
178,164,1,155.534,38.6024,51.1333,90.82,56.6
179,164,1,155.493,38.5949,51.1535,91.92,55.98
180,164,1,155.529,38.6007,51.1576,93.07,57.29
181,164,1,155.496,38.5765,51.1444,93.49,54.67
182,164,0,0,0,0,0,51.81
183,164,1,161.036,22.1722,56.9234,92.11,52.08
184,164,1,160.935,22.1838,56.9898,87.11,54.5
185,164,1,161.041,22.2181,56.8856,92.5,55.35
186,164,1,160.99,22.1739,56.9197,93.26,55.4
187,164,1,160.859,22.1815,56.9035,87.2,51.56
188,164,1,155.543,38.5905,51.1338,91.41,54.56
189,164,1,155.62,38.5225,51.1129,91.1,56.09
190,164,1,155.596,38.5423,51.0451,90.56,51.18
191,164,0,0,0,0,0,48.35
192,164,0,0,0,0,0,48.59
193,164,1,329.684,26.2764,32.4936,80.54,48.03
194,164,0,0,0,0,0,48.03
195,164,1,66.9278,15.5111,69.7773,92.08,49.1
196,164,1,67.0022,15.3918,69.6152,85.23,53.01
197,164,1,66.9938,15.3877,69.6345,86.84,52.69
198,164,1,66.7574,15.4586,69.956,84.46,52.88
199,164,1,67.0335,15.371,69.6655,85.19,53.55
200,164,1,66.8296,15.441,69.9303,91.12,53.15
201,164,1,66.8746,15.4511,69.8028,91.91,54.31
202,164,1,66.952,15.3819,69.7696,93.55,52.93
203,164,1,66.9021,15.4068,69.7553,92.13,53.18
204,164,1,67.0239,15.3195,69.7699,82.94,53.35
205,164,1,66.8474,15.4268,69.9083,93.56,53.15
206,164,1,66.851,15.3931,69.7187,84.22,54.38
207,164,1,66.49,15.4777,70.1293,86.37,53.81
208,164,1,66.6464,15.4559,69.9609,92.19,53.3
209,164,1,66.7737,15.4242,69.8975,92.12,53.69
210,164,1,66.864,15.4006,69.7238,93.61,53.36
211,164,1,66.9723,15.3735,69.7001,93.08,55.18
212,164,1,66.6963,15.4407,69.9534,93.89,53.22
213,164,1,66.7221,15.4314,69.9141,95.05,53.29
214,164,1,66.7454,15.4214,69.9253,93.18,53.36
215,164,1,66.874,15.391,69.8337,92.72,53.49
216,164,1,66.7883,15.416,69.8894,93.05,53.64
217,164,1,66.9061,15.3431,69.7966,93.1,53.17
218,164,1,66.8576,15.4009,69.8718,93.21,54.72
219,164,1,66.8158,15.3867,69.8908,90.2,53.7
220,164,1,66.8074,15.4059,69.8808,94.38,54.28
221,164,1,66.6651,15.4177,69.9911,92.14,53.79
222,164,1,66.9093,15.3486,69.7786,94.61,54.97
223,164,1,66.7237,15.3626,69.8775,88.03,53.63
224,164,1,66.6609,15.4206,69.9213,95.13,54.78
225,164,1,66.9076,15.3269,69.7356,85.26,53.33
226,164,1,66.7855,15.3793,69.9941,92.8,53.69
227,164,1,66.8518,15.3241,69.7693,87.17,53.46
228,164,1,66.7206,15.3938,69.9098,92.79,53.58
229,164,1,66.6226,15.3826,69.9593,91.26,53.39
230,164,1,66.8622,15.3436,69.7312,93.8,53.59
231,164,1,66.7838,15.3395,69.77,88.03,54.18
232,164,1,66.6565,15.3996,70.0217,93.33,53.44
233,164,1,66.6839,15.3895,70.0363,91.76,53.81
234,164,1,66.72,15.3778,69.9655,93.18,53.78
235,164,1,66.5568,15.3795,69.9927,86.2,54.19
236,164,1,66.8388,15.3324,69.771,93.25,54.09
237,164,1,66.6326,15.2926,69.983,83.69,54.35
238,164,1,66.6606,15.3317,69.8767,87.3,54.16
239,164,1,66.5929,15.3265,70.051,89.53,54.41
240,164,1,66.5941,15.3388,69.9251,85.6,53.7
241,164,1,66.5998,15.3813,70.0428,92.04,54.51
242,164,1,66.6372,15.3794,70.0037,83.85,54.05
243,164,1,66.7348,15.3487,69.9728,93.85,55.17
244,164,1,66.6223,15.3675,70.032,91.06,52.92
245,164,1,66.6252,15.3375,70.015,85.45,53.28
246,164,1,66.6239,15.3687,69.9966,93.99,53.03
247,164,1,66.6396,15.3647,70.0032,92.06,54.87
248,164,1,66.6082,15.3308,69.9272,93.62,54.25
249,164,1,66.6251,15.2882,69.9619,87.06,53.64
250,164,1,66.3873,15.381,70.3315,86.74,50.14
251,164,2,346.806,43.9543,59.7052,90.72,51.98
252,164,2,346.347,43.8056,59.8571,89.92,52.93
253,164,2,346.246,44.1073,59.8018,86.52,45.37
254,164,0,0,0,0,0,35.3
255,164,0,0,0,0,0,51.51
0,165,0,0,0,0,0,35.8
1,165,0,0,0,0,0,56.64
2,165,0,0,0,0,0,55.69
3,165,1,43.1445,39.4402,74.68,89.36,37.4
4,165,1,42.7934,39.4128,75.1936,84.6,54.15
5,165,1,42.9706,39.6956,74.9094,94.67,56.95
6,165,1,43.1187,39.5582,74.8293,92.55,57
7,165,1,42.7988,39.455,75.1879,89.85,58.33
8,165,1,42.7296,39.4649,75.1638,90.62,57.29
9,165,1,43.0195,39.509,74.9197,90.76,57.77
10,165,1,42.8695,39.507,75.1188,90.48,58.11
11,165,1,42.5621,39.5352,75.3942,87.56,57.78
12,165,1,43.0585,39.5397,74.8689,91.75,58.37
13,165,1,42.6401,39.5459,75.2767,90.33,57.77
14,165,1,42.6257,39.5252,75.3424,87.74,57.7
15,165,1,42.9155,39.64,75.0039,96.1,57.57
16,165,1,43.0852,39.5247,74.8869,93.64,58.31
17,165,1,42.7751,39.7507,75.179,92.91,57.6
18,165,1,42.7007,39.7261,75.2257,91.29,57
19,165,1,42.9705,39.6228,75.0681,95.27,57.55
20,165,1,43.0039,39.5288,74.8735,94.29,57.98
21,165,1,42.7593,39.4952,75.162,91.36,57.59
22,165,1,42.7107,39.6936,75.2992,93.01,57.98
23,165,1,42.8976,39.4755,75.1061,88.54,57.81
24,165,1,42.8832,39.6788,75.0946,95.92,57.87
25,165,1,42.766,39.4987,75.1761,89.97,57.63
26,165,1,42.9222,39.6337,75.1881,92.55,57.95
27,165,1,42.9669,39.529,74.8961,91.25,57.71
28,165,1,43.0254,39.5186,74.8883,93.98,58.24
29,165,1,42.8597,39.6762,75.1103,92.24,57.55
30,165,1,42.8993,39.6603,75.124,90.77,57.34
31,165,1,42.9137,39.4692,75.0005,90.62,57.61
32,165,1,42.8692,39.6578,75.2185,91.84,58.43
33,165,1,42.7958,39.6341,75.1879,94.06,58.83
34,165,1,42.8253,39.631,75.1416,91.59,55.83
35,165,1,290.307,12.4489,62.7455,80.74,50.96
36,165,1,290.127,12.4608,62.9507,91.84,52.05
37,165,1,290.224,12.4954,62.9203,90.09,53.16
38,165,1,290.146,12.4749,62.889,91.91,52.91
39,165,1,290.247,12.4812,62.8805,92.64,52.98
40,165,1,290.152,12.4723,62.9342,91.25,53.14
41,165,1,290.225,12.5023,62.9249,96.22,54.13
42,165,1,290.372,12.523,62.7985,92.08,52.99
43,165,1,290.247,12.5232,62.9455,91.76,53.61
44,165,1,290.317,12.5099,62.8317,92.03,53.4
45,165,1,290.13,12.4592,62.8932,92.56,52.87
46,165,1,290.172,12.4843,62.8819,93.97,53.67
47,165,1,290.257,12.4934,62.8676,93.96,53.46
48,165,1,290.318,12.4897,62.8261,93.93,53.23
49,165,1,290.195,12.491,62.8938,93.16,53.59
50,165,1,290.246,12.5098,62.938,92.72,53.02
51,165,1,290.122,12.4854,62.9769,93.57,53.17
52,165,1,290.245,12.5327,62.9239,93.15,53.85
53,165,1,290.089,12.4916,62.8883,92.8,53.28
54,165,1,290.184,12.5516,63.0197,92.01,53.73
55,165,1,290.159,12.5347,63.002,93.14,53.42
56,165,1,290.101,12.4636,62.9211,93.94,53.31
57,165,1,290.209,12.5338,62.884,90.83,53.35
58,165,1,290.142,12.5216,62.9565,91.52,53.44
59,165,1,290.063,12.5274,63.0711,89.78,53.47
60,165,1,290.195,12.4912,62.8758,92,52.75
61,165,1,290.095,12.4814,62.9417,93.56,52.53
62,165,1,290.109,12.5031,62.9628,92.31,53.15
63,165,1,290.067,12.5266,63.0528,93.22,53.63
64,165,1,290.085,12.5318,63.0114,89.87,53.02
65,165,1,290.032,12.5524,63.0749,91.5,52.23
66,165,0,0,0,0,0,53.43
67,165,1,155.245,38.681,51.5218,93.85,55.31
68,165,1,155.222,38.678,51.496,91.16,55.16
69,165,1,155.279,38.6585,51.4974,92.5,56.65
70,165,1,155.251,38.6514,51.5122,93.95,55.63
71,165,1,155.307,38.6588,51.4834,91.3,56.4
72,165,1,155.32,38.6978,51.461,90.25,55.83
73,165,1,155.199,38.6697,51.5032,92.59,56.56
74,165,1,155.302,38.6349,51.4564,93.2,56.08
75,165,1,155.3,38.685,51.4953,93.75,55.78
76,165,1,155.235,38.6641,51.5038,91.51,56.72
77,165,1,155.258,38.675,51.4666,90.38,56.52
78,165,1,155.254,38.6495,51.4875,92.85,56.73
79,165,1,155.276,38.6696,51.4679,92.46,56.86
80,165,1,155.361,38.6687,51.4506,93.64,56.68
81,165,1,155.299,38.6743,51.4611,90.01,56.21
82,165,1,155.425,38.6813,51.4049,94.63,57.57
83,165,1,155.29,38.6575,51.4728,92.71,56.77
84,165,1,155.406,38.6485,51.3964,94.2,57.53
85,165,1,155.318,38.6659,51.4584,92.8,56.09
86,165,1,155.381,38.6524,51.4458,92.53,56.5
87,165,1,155.451,38.6568,51.4239,93.95,56.11
88,165,1,155.325,38.6504,51.4423,92.65,56.19
89,165,1,155.298,38.6614,51.4292,90.13,56.41
90,165,1,155.399,38.646,51.4137,92.18,56.34
91,165,1,155.442,38.6617,51.3598,95.93,57
92,165,1,155.339,38.649,51.451,94.42,56.98
93,165,1,155.346,38.6579,51.4113,91.65,56.6
94,165,1,155.381,38.6239,51.4092,93.45,57.14
95,165,1,155.251,38.6608,51.4453,89.36,56.63
96,165,1,155.337,38.6532,51.4245,92.32,57.33
97,165,1,155.374,38.6566,51.3952,93.2,56.29
98,165,1,155.298,38.6423,51.423,91.77,56.03
99,165,1,155.331,38.6571,51.4344,93.51,57.26
100,165,1,155.25,38.6407,51.3675,89.26,54.49
101,165,1,45.6656,19.4437,11.3923,90.8,56.31
102,165,1,45.6186,19.4353,11.5244,94.38,57.08
103,165,1,45.6743,19.4604,11.3736,93.87,56.7
104,165,1,45.6852,19.4315,11.4623,91.42,58.05
105,165,1,46.1215,19.1149,10.8884,84.29,57.82
106,165,1,45.5908,19.4435,11.4708,95.12,57.32
107,165,1,45.5517,19.4673,11.4854,94.85,57.15
108,165,1,45.5711,19.4459,11.5094,92.54,57.72
109,165,1,45.6037,19.4734,11.2729,87.94,56.78
110,165,1,45.6221,19.4324,11.594,94.34,57.66
111,165,1,45.7233,19.4412,11.3693,95.99,58.07
112,165,1,45.6103,19.4573,11.4362,94.45,57.19
113,165,1,45.5822,19.4464,11.48,94.57,57.43
114,165,1,45.6453,19.4294,11.482,93.19,58.22
115,165,1,45.6531,19.4133,11.4713,93.19,58.4
116,165,1,46.0741,19.1062,10.9688,82.4,57.39
117,165,1,45.5679,19.4492,11.4764,93.66,57.31
118,165,1,45.6265,19.4282,11.4504,96.81,57.14
119,165,1,45.5195,19.3937,11.6529,84.27,57.6
120,165,1,45.523,19.4487,11.4467,95.08,57.33
121,165,1,45.5049,19.3638,11.6946,88.46,59.07
122,165,1,45.5317,19.4424,11.4921,95.56,57.13
123,165,1,45.5786,19.4054,11.5812,95.95,57.4
124,165,1,45.6817,19.4149,11.4551,94.37,58.07
125,165,1,45.611,19.4241,11.4229,93.94,58.4
126,165,1,45.629,19.3839,11.5615,90.66,57.98
127,165,1,45.4974,19.4008,11.5852,95.55,57.41
128,165,1,45.5533,19.4443,11.4712,93,57.64
129,165,1,45.5861,19.4299,11.4469,94.38,58.21
130,165,1,45.6029,19.3928,11.5338,94.35,57.74
131,165,1,45.5192,19.3584,11.5402,85.17,58.59
132,165,1,45.6345,19.404,11.4146,92.29,58.23
133,165,1,45.3787,19.4091,11.6631,85.96,59.17
134,165,1,45.5948,19.4094,11.4721,93.44,58.13
135,165,1,45.5666,19.3893,11.5317,95.08,58.16
136,165,1,45.5718,19.3985,11.5162,95.42,58.01
137,165,1,45.5277,19.4649,11.3283,88.02,58.42
138,165,1,45.4805,19.3828,11.6344,95.23,58.34
139,165,1,45.4458,19.3706,11.6137,87.12,58.08
140,165,1,45.5166,19.4244,11.5398,92.8,57.91
141,165,1,45.5554,19.4108,11.455,94.46,58.43
142,165,1,45.5299,19.3755,11.6612,94.85,58.01
143,165,1,45.3641,19.4029,11.656,87.72,58.58
144,165,1,45.4838,19.4358,11.5262,93.04,57.6
145,165,1,45.531,19.4004,11.5621,91.83,58.48
146,165,1,45.4922,19.3866,11.5368,93.96,57.38
147,165,1,45.6134,19.3598,11.5718,92.8,58.45
148,165,1,45.3884,19.4152,11.651,94.72,56.96
149,165,1,45.6554,19.3764,11.4618,94.59,57.62
150,165,1,45.4963,19.4162,11.5211,93,57.62
151,165,1,45.7452,19.4554,11.3735,92.62,57.26
152,165,1,45.4277,19.3955,11.6428,95.23,57.61
153,165,1,45.9326,18.99,11.1312,84.56,57.44
154,165,1,45.5519,19.3629,11.5406,92.57,58.4
155,165,1,45.4838,19.3848,11.5631,95.07,57.27
156,165,1,45.4822,19.3044,11.6719,87.96,58.16
157,165,1,45.4522,19.399,11.5977,93.22,58.12
158,165,1,45.4245,19.391,11.6049,94.01,58.1
159,165,1,45.3504,19.3922,11.7565,96.31,58.1
160,165,1,45.4946,19.3776,11.5693,95.6,57.96
161,165,1,45.3934,19.3955,11.6367,94.23,57.52
162,165,1,46.9135,19.0585,10.1494,81.61,58.46
163,165,1,45.3899,19.382,11.6185,94.78,58.36
164,165,1,45.4631,19.3811,11.6013,96.38,58.32
165,165,1,45.4749,19.373,11.5692,96.21,58.05
166,165,1,45.3427,19.3701,11.6998,95.02,57.8
167,165,1,45.4878,19.3601,11.6273,94.75,56.36
168,165,1,155.477,38.6374,51.2263,91.16,55.28
169,165,1,155.461,38.6687,51.1892,88.88,55.58
170,165,1,155.494,38.7029,51.1693,91.36,56.66
171,165,1,155.37,38.7328,51.1783,90.1,56.85
172,165,1,155.541,38.7123,51.0904,90.91,57.06
173,165,1,155.606,38.687,51.0399,90.69,57.12
174,165,1,155.588,38.7041,51.0624,92.38,56.1
175,165,1,155.506,38.6783,51.0844,88.56,57.23
176,165,1,155.597,38.6382,51.0991,92.89,56.69
177,165,1,155.45,38.6324,51.1425,90.91,55.98
178,165,1,155.48,38.61,51.1484,91.62,56.98
179,165,1,155.444,38.6043,51.1756,91.84,56.74
180,165,1,155.517,38.6125,51.1486,90.59,54.7
181,165,1,155.715,38.5936,51.0761,82.33,53.09
182,165,1,160.749,22.2195,57.0579,89.09,52.65
183,165,1,160.914,22.2023,56.9475,89.62,54.89
184,165,1,161.156,22.2083,56.8469,91.38,55.86
185,165,1,160.914,22.2082,56.9477,92.04,54.8
186,165,1,160.978,22.1808,56.9359,88.59,56
187,165,1,161.089,22.2106,56.779,91.04,53.1
188,165,1,155.471,38.5944,51.1605,89.33,53.74
189,165,1,155.501,38.5694,51.1512,93.03,55.6
190,165,1,155.486,38.5687,51.1311,92.77,54.46
191,165,1,155.636,38.5469,51.0768,92.47,52.53
192,165,1,155.626,38.5414,51.1036,83.23,50.7
193,165,1,155.597,38.544,51.1226,86.7,51.69
194,165,1,155.413,38.5567,51.1587,88.81,52.08
195,165,2,67.8611,14.9664,68.9177,65.18,51.34
196,165,1,66.747,15.4866,69.8698,92.6,53.04
197,165,1,66.9603,15.3868,69.6263,85.27,53.62
198,165,1,67.1263,15.3759,69.5949,85.17,53.17
199,165,1,66.9997,15.3966,69.7161,95.46,53.83
200,165,1,66.868,15.439,69.8779,94.49,53.14
201,165,1,66.817,15.4423,69.8413,85.84,54.2
202,165,1,66.7504,15.4352,69.9937,84.79,53.78
203,165,1,66.8922,15.4428,69.7481,91.98,52.68
204,165,1,66.8828,15.4255,69.7879,92.14,54.3
205,165,1,66.837,15.4374,69.8745,93.73,54.7
206,165,1,67.048,15.3804,69.6073,89.31,53.67
207,165,1,66.7368,15.456,69.9584,91.89,53.13
208,165,1,66.8139,15.4333,69.9122,92.96,54.55
209,165,1,66.8021,15.4066,69.8177,92.29,54.08
210,165,1,66.7025,15.4401,69.9029,90.01,54.19
211,165,1,66.8442,15.4073,69.8407,95.56,54.18
212,165,1,66.8609,15.385,69.8313,85.77,53.49
213,165,1,66.868,15.3534,69.8523,92.76,54
214,165,1,66.6509,15.4563,69.9751,91.4,54.83
215,165,1,66.8712,15.379,69.7856,95.06,53.96
216,165,1,66.8286,15.3957,69.894,92.75,54.7
217,165,1,66.741,15.4147,69.9552,92.67,53.95
218,165,1,66.812,15.3896,69.8143,92.21,54.25
219,165,1,66.7936,15.4014,69.9274,95.1,53.4
220,165,1,66.7805,15.4019,69.9748,92.48,54.13
221,165,1,66.7699,15.3928,69.9761,90.64,52.82
222,165,1,66.7649,15.4268,69.8698,94.29,54
223,165,1,66.6974,15.3971,69.867,93.52,54.7
224,165,1,66.6074,15.4291,70.0631,92.22,53.55
225,165,1,66.6239,15.4342,69.9438,93.72,54.64
226,165,1,66.7342,15.4232,69.9082,93.33,53.76
227,165,1,66.5766,15.419,70.1067,85.87,54.06
228,165,1,66.7383,15.3725,70.0127,90.85,54.05
229,165,1,66.7635,15.3984,69.8824,92.74,53.81
230,165,1,66.7855,15.3601,69.8266,93.01,54.58
231,165,1,66.674,15.3824,69.9941,90.85,53.86
232,165,1,66.6487,15.4342,70.009,91.89,53.81
233,165,1,66.8559,15.3251,69.7676,92.25,54.23
234,165,1,66.6052,15.4085,70.0599,94.52,53.44
235,165,1,66.7861,15.3352,69.8038,92.11,53.59
236,165,1,66.5314,15.4085,70.0586,94.19,53.91
237,165,1,66.6669,15.3675,70.0243,94.56,54.2
238,165,1,66.729,15.3828,69.9016,92.79,54.54
239,165,1,66.6909,15.3722,69.9555,91.31,54.17
240,165,1,66.6825,15.3639,69.9922,93.72,54.59
241,165,1,66.6,15.3855,70.0251,92.4,53.94
242,165,1,66.7678,15.3228,69.8357,95.38,53.28
243,165,1,66.4739,15.4178,70.153,85.45,53.82
244,165,1,66.6651,15.3545,70.0446,91.81,54.48
245,165,1,66.6819,15.3368,69.9903,84.94,53.42
246,165,1,66.8056,15.2731,69.8669,86.63,54.27
247,165,1,66.6578,15.3376,70.0102,92.99,52.97
248,165,1,66.5924,15.3381,70.0915,92.85,54.1
249,165,1,66.7682,15.2987,69.8494,93.6,52.87
250,165,0,0,0,0,0,51.32
251,165,2,346.689,43.8763,59.6543,89.65,53.75
252,165,2,346.667,44.008,59.7662,90.05,54.25
253,165,2,346.416,43.9848,59.8754,87.69,46.04
254,165,0,0,0,0,0,35.91
255,165,0,0,0,0,0,49.19
0,166,0,0,0,0,0,35.97
1,166,0,0,0,0,0,58.9
2,166,0,0,0,0,0,56.94
3,166,1,43.1459,39.4482,74.8152,83.78,36.55
4,166,1,43.0853,39.4973,74.8295,89.6,54.9
5,166,1,43.167,39.5691,74.7149,91.75,57.42
6,166,1,42.9112,39.4732,75.1927,88.15,57.27
7,166,1,42.6855,39.5282,75.3165,90.12,57.81
8,166,1,42.5512,39.4597,75.4715,86.93,57.43
9,166,1,43.1816,39.5495,74.8156,89.19,57.45
10,166,1,42.7085,39.463,75.2063,91.04,57.66
11,166,1,42.8161,39.7223,75.071,93.96,57.21
12,166,1,42.8774,39.4929,75.1262,90.54,57.97
13,166,1,43.0271,39.5291,74.8485,92.45,57.89
14,166,1,43.0385,39.5453,74.8407,93.3,57.77
15,166,1,42.8361,39.4824,75.1552,90.88,58.35
16,166,1,42.7097,39.3819,75.3865,88.67,58.51
17,166,1,42.6953,39.7109,75.2572,91.9,57.98
18,166,1,42.8609,39.6932,75.1141,93.13,58.12
19,166,1,43.0435,39.52,74.8487,93.79,57.61
20,166,1,42.8075,39.7008,75.0606,93.17,58.21
21,166,1,42.9347,39.6721,75.0256,94.76,57.74
22,166,1,42.9714,39.5005,74.9493,92.28,57.87
23,166,1,42.9125,39.6796,75.1504,96.68,58.07
24,166,1,42.9398,39.681,75.1186,92.93,57.93
25,166,1,42.7111,39.4546,75.2623,89.57,57.82
26,166,1,42.9141,39.6558,75.1071,94.79,58.84
27,166,1,42.7744,39.7005,75.1415,94.86,57.79
28,166,1,42.8843,39.6824,75.1205,93.48,57.63
29,166,1,42.888,39.6542,75.1264,93.28,58.38
30,166,1,42.9269,39.4274,75.0594,89.91,58.45
31,166,1,42.9152,39.4593,75.0173,90.24,57.79
32,166,1,42.8012,39.6395,75.1614,93.03,57.92
33,166,1,42.7606,39.4564,75.194,90.27,58.18
34,166,1,42.8097,39.4713,75.1591,89.93,57
35,166,1,290.196,12.3952,62.7872,83.18,51.66
36,166,1,290.319,12.5085,62.894,93.02,52.12
37,166,1,290.21,12.488,62.7972,91.19,53.02
38,166,1,290.139,12.4774,62.9999,88.99,52.6
39,166,1,290.198,12.4605,62.7247,92.27,53.08
40,166,1,290.161,12.5046,62.9877,92.94,53.33
41,166,1,290.209,12.4782,62.8915,90.85,52.09
42,166,1,290.19,12.5399,62.9988,92.82,53.65
43,166,1,290.126,12.4614,62.9319,91.02,52.18
44,166,1,290.204,12.4918,62.8833,91.4,52.62
45,166,1,290.164,12.4741,62.921,92.05,53.08
46,166,1,290.145,12.4537,62.8979,92.45,53.26
47,166,1,290.191,12.4837,62.926,92.02,53.61
48,166,1,290.182,12.5209,62.9538,92.98,52.85
49,166,1,290.136,12.4773,62.9006,90.22,52.71
50,166,1,290.123,12.5044,62.963,91.46,53.51
51,166,1,290.171,12.4835,62.9203,92.95,53.3
52,166,1,290.253,12.484,62.7898,94.29,52.68
53,166,1,290.118,12.4732,62.9387,92.66,53.36
54,166,1,290.168,12.5364,62.9921,90.94,53.29
55,166,1,290.164,12.5338,62.9706,89.33,52.75
56,166,1,290.1,12.4828,62.9732,90.78,52.86
57,166,1,290.104,12.4921,62.9672,91.95,52.73
58,166,1,290.074,12.5122,62.9966,93.63,53.37
59,166,1,290.236,12.5334,62.8769,91.39,52.69
60,166,1,290.083,12.4966,62.9871,92.02,53
61,166,1,290.02,12.49,63.0151,90.92,52.88
62,166,1,290.011,12.535,63.1236,95.11,53.73
63,166,1,290.218,12.5721,62.957,91.8,52.93
64,166,1,290.137,12.5524,63.0171,93.3,53.53
65,166,1,290.054,12.5338,63.1158,89.14,52.19
66,166,1,155.282,38.6533,51.524,92.47,54.59
67,166,1,155.255,38.6815,51.5048,89.56,56.13
68,166,1,155.202,38.6926,51.5142,90.84,56.51
69,166,1,155.413,38.6736,51.4596,93.45,55.65
70,166,1,155.241,38.6842,51.497,91.69,57.04
71,166,1,155.217,38.6647,51.5026,92.69,55.86
72,166,1,155.239,38.6676,51.4987,91.99,56.68
73,166,1,155.299,38.6703,51.4938,93.51,56.6
74,166,1,155.349,38.6755,51.4711,91.34,56.95
75,166,1,155.284,38.6583,51.4887,92.03,57.59
76,166,1,155.307,38.6722,51.4781,93.89,56.24
77,166,1,155.367,38.6524,51.4699,93.56,56.44
78,166,1,155.382,38.6716,51.4802,93.98,56.74
79,166,1,155.301,38.6752,51.4584,92.1,55.79
80,166,1,155.356,38.6722,51.4597,91.89,56.85
81,166,1,155.336,38.6804,51.4645,90.64,55.4
82,166,1,155.337,38.6517,51.4313,92.12,56.44
83,166,1,155.311,38.6785,51.4529,93.31,57.33
84,166,1,155.382,38.6784,51.4167,93.61,56.35
85,166,1,155.155,38.6864,51.4965,93.09,57.4
86,166,1,155.33,38.6737,51.4396,91.26,57.57
87,166,1,155.371,38.6105,51.4256,94.06,57.26
88,166,1,155.268,38.6601,51.4784,89.73,55.37
89,166,1,155.307,38.6448,51.448,92.28,56.96
90,166,1,155.41,38.6617,51.3971,91.16,56.84
91,166,1,155.396,38.6444,51.4174,91.54,56.5
92,166,1,155.348,38.6618,51.4075,91.71,57.05
93,166,1,155.365,38.6517,51.4398,93.1,57.42
94,166,1,155.329,38.6671,51.4096,90.26,56.31
95,166,1,155.503,38.6121,51.3285,93.3,57.02
96,166,1,155.261,38.6405,51.4441,90.83,57.43
97,166,1,155.398,38.6221,51.4152,94.29,55.59
98,166,1,155.336,38.6615,51.4267,93.35,57.13
99,166,1,155.406,38.6458,51.3994,90.42,56.66
100,166,1,155.194,38.6532,51.395,85.93,53.92
101,166,1,45.7752,19.4106,11.3703,95.55,56.41
102,166,1,45.6451,19.3836,11.4655,87.37,58.01
103,166,1,45.6244,19.4212,11.4481,92.33,58.18
104,166,1,45.6236,19.4469,11.4576,96.16,57.89
105,166,1,45.7794,19.4232,11.2971,94.18,57.64
106,166,1,45.6048,19.4415,11.3641,92.7,57.17
107,166,1,45.5329,19.41,11.5793,87.35,58.46
108,166,1,45.6539,19.425,11.405,96.13,57.3
109,166,1,45.5837,19.4541,11.4434,93.3,57.62
110,166,1,45.5997,19.3889,11.5742,87.91,58.07
111,166,1,45.6181,19.4122,11.5744,96.07,57.41
112,166,1,45.7128,19.4189,11.4513,92.76,58.28
113,166,1,45.5671,19.4053,11.5665,93.56,57.97
114,166,1,45.5758,19.3859,11.5332,88.39,58.86
115,166,1,45.6904,19.4236,11.3881,95.39,58.28
116,166,1,45.5614,19.4455,11.4265,93.38,57.71
117,166,1,46.1083,19.0784,10.9303,84.17,57.98
118,166,1,45.5561,19.4459,11.4503,93.15,57.6
119,166,1,46.835,19.0021,10.2591,75.91,58.79
120,166,1,45.6249,19.4374,11.4171,95.17,57.55
121,166,1,45.5853,19.4157,11.537,93.82,58.56
122,166,1,45.6784,19.4032,11.5989,93.34,57.97
123,166,1,45.5867,19.4408,11.4927,94.92,57.7
124,166,1,45.6392,19.4042,11.4829,93.01,58.25
125,166,1,45.6008,19.4209,11.4557,95.42,57.72
126,166,1,45.6046,19.3986,11.5695,93.88,57.72
127,166,1,45.5417,19.4354,11.455,94.96,58.44
128,166,1,45.5288,19.4804,11.2745,86.65,57.14
129,166,1,45.4585,19.3647,11.6309,92.63,58.65
130,166,1,45.6681,19.409,11.4014,94.09,58.2
131,166,1,45.4863,19.4453,11.4454,93.75,57.77
132,166,1,45.5735,19.3788,11.558,95.04,58.07
133,166,1,46.0354,19.0733,11.036,83.57,58.41
134,166,1,45.6147,19.3903,11.4553,96,57.31
135,166,1,45.6171,19.3997,11.4851,93.58,58.15
136,166,1,45.6255,19.3699,11.4348,96.15,58.56
137,166,1,45.4742,19.4296,11.5091,94.82,57.83
138,166,1,45.586,19.3699,11.5456,94.51,58.25
139,166,1,45.5497,19.4269,11.4707,95.24,57.71
140,166,1,45.4559,19.4139,11.579,94.96,57.9
141,166,1,45.5034,19.3883,11.6053,96.05,57.54
142,166,1,45.4567,19.3855,11.6677,92.48,57.98
143,166,1,45.4813,19.369,11.6032,93.32,57.33
144,166,1,45.5091,19.3957,11.5591,95.95,57.55
145,166,1,46.0941,19.044,11.0282,84.38,58.5
146,166,1,45.4972,19.3931,11.5149,96.43,57.68
147,166,1,45.8647,19.0694,11.1271,81.7,58.56
148,166,1,45.5003,19.4046,11.5884,93.11,57.57
149,166,1,45.5484,19.3689,11.5768,94.66,58.16
150,166,1,45.616,19.3686,11.4436,94.79,58.13
151,166,1,45.4685,19.4006,11.6004,96.19,58.28
152,166,1,46.9423,19.0936,10.165,82.19,57.73
153,166,1,45.5017,19.377,11.5703,94.06,58.23
154,166,1,45.4062,19.3985,11.5693,94.75,57.6
155,166,1,45.5304,19.3644,11.5798,93.89,58.49
156,166,1,45.441,19.379,11.6325,94.41,58.97
157,166,1,45.3182,19.3383,11.8193,93.16,58.39
158,166,1,45.4279,19.3579,11.6409,95.06,58.48
159,166,1,45.2909,19.3591,11.767,84.42,58.32
160,166,1,45.5199,19.3411,11.5718,95.61,57.96
161,166,1,45.4542,19.3683,11.6885,92.4,58.21
162,166,1,45.3763,19.3532,11.7099,95.36,57.35
163,166,1,45.4933,19.3822,11.5835,94.31,57.54
164,166,1,45.407,19.3752,11.6642,94.08,58.06
165,166,1,45.4355,19.3584,11.6048,94.63,58.17
166,166,1,45.2107,19.3198,11.8954,85.22,58.73
167,166,1,45.3515,19.337,11.683,92.69,54.76
168,166,1,155.474,38.655,51.2476,88.92,54.94
169,166,1,155.468,38.6709,51.1985,92.24,55.28
170,166,1,155.48,38.6982,51.1842,93.48,56.26
171,166,1,155.632,38.7177,51.098,91.22,55.6
172,166,1,155.523,38.7308,51.1155,92.3,56.89
173,166,1,155.545,38.7171,51.0558,91.77,56.96
174,166,1,155.636,38.6885,51.0499,89.28,55.93
175,166,1,155.634,38.652,51.0702,92.4,56.82
176,166,1,155.526,38.6418,51.123,90.22,56.43
177,166,1,155.519,38.6195,51.1149,91.3,55.94
178,166,1,155.492,38.6147,51.1766,90.35,57.37
179,166,1,155.491,38.6081,51.1765,93.58,55.51
180,166,1,155.528,38.5971,51.11,90.07,53.3
181,166,0,0,0,0,0,51.2
182,166,1,160.975,22.1871,56.9173,89.2,53.98
183,166,1,160.862,22.2164,56.9895,89.86,56.01
184,166,1,160.95,22.2306,56.9284,90.63,55.78
185,166,1,160.893,22.2255,56.9333,91.67,55.6
186,166,1,160.875,22.1954,56.9725,89.32,55.4
187,166,1,161.106,22.2192,56.7745,86.1,53.11
188,166,1,155.497,38.5799,51.1614,93.07,53.89
189,166,1,155.538,38.5727,51.1074,93.09,55.28
190,166,1,155.626,38.5603,51.1295,91.95,55.5
191,166,1,155.48,38.5636,51.1093,91.48,55.68
192,166,1,155.624,38.5503,51.0855,93.58,54.15
193,166,1,155.477,38.5762,51.1169,92.59,54.47
194,166,1,155.482,38.5738,51.1391,92.45,56.05
195,166,0,0,0,0,0,51.92
196,166,1,67.0772,15.3757,69.59,85.46,53.62
197,166,1,66.8979,15.4694,69.7575,93.09,53.28
198,166,1,66.6261,15.5233,69.9651,85.02,53.77
199,166,1,66.9262,15.4376,69.8137,94.11,53.53
200,166,1,67.0351,15.3582,69.7072,92.9,53.3
201,166,1,67.0543,15.3634,69.6199,85.43,51.96
202,166,1,66.9826,15.3924,69.6573,94.9,53.85
203,166,1,66.8854,15.4061,69.7692,89.1,54.11
204,166,1,66.7826,15.421,69.9354,85.78,52.85
205,166,1,66.8909,15.4318,69.8099,92.65,53.91
206,166,1,67.0435,15.3613,69.6745,83.14,53.92
207,166,1,66.917,15.4131,69.7875,91.85,53.32
208,166,1,66.7338,15.4531,69.8809,93.99,53.87
209,166,1,66.7295,15.4366,69.8901,91.68,54.68
210,166,1,66.8899,15.4027,69.7263,91.16,53.33
211,166,1,66.7066,15.4389,69.9239,94.18,53.69
212,166,1,66.7449,15.4255,69.9169,92.7,53.94
213,166,1,66.8109,15.4225,69.8067,93.5,54.37
214,166,1,66.7647,15.4168,69.9084,84.27,53.09
215,166,1,66.8804,15.3764,69.738,88.68,54.57
216,166,1,66.7966,15.3643,69.7855,84.54,53.69
217,166,1,66.7078,15.4113,69.9687,94.2,53.98
218,166,1,66.879,15.3938,69.8295,91.12,54.66
219,166,1,66.7515,15.3554,69.8948,93.42,53.66
220,166,1,66.7943,15.3887,69.8133,93.19,54.18
221,166,1,66.7719,15.4012,69.9623,86.92,55.08
222,166,1,66.8027,15.4014,69.8809,95.75,53.95
223,166,1,66.6318,15.4126,69.9815,92.84,53.77
224,166,1,66.9775,15.4226,69.6397,96.42,54.92
225,166,1,66.6158,15.418,69.9666,92.98,54.51
226,166,1,66.7273,15.4034,69.9317,93.36,54.1
227,166,1,66.8254,15.3158,69.8745,85.99,53.56
228,166,1,66.7924,15.3265,69.8673,88.02,53.66
229,166,1,66.6453,15.4084,69.9482,94.63,53.93
230,166,1,66.9193,15.2923,69.788,90.55,53.51
231,166,1,66.7395,15.3789,70.0474,92.49,53.59
232,166,1,66.8515,15.3493,69.7437,93.68,54.91
233,166,1,66.6284,15.3849,69.945,91.3,54.33
234,166,1,66.792,15.3478,69.729,92.26,54.5
235,166,1,66.4978,15.3942,70.1082,93.59,54.55
236,166,1,66.6119,15.3909,70.0112,93.06,53.55
237,166,1,66.7339,15.3685,69.9416,92.73,53.82
238,166,1,66.7259,15.3178,69.8889,86.04,54.23
239,166,1,66.7011,15.3848,69.9834,92.3,52.82
240,166,1,66.7778,15.3078,69.7953,85.22,53.26
241,166,1,66.6916,15.3727,69.9174,91.89,54.69
242,166,1,66.6715,15.365,70.0104,92.04,54.04
243,166,1,66.6418,15.3758,69.999,92.73,53.59
244,166,1,66.7396,15.3316,69.8875,92.6,53.92
245,166,1,66.6969,15.323,69.8714,92.64,54.42
246,166,1,66.6616,15.3465,70.0322,93.04,54.19
247,166,1,66.7273,15.3313,69.9633,93.32,53.08
248,166,1,66.6048,15.3743,70.0173,92.98,54.26
249,166,1,66.5953,15.3477,70.0251,92.09,53.11
250,166,1,66.4899,15.3716,70.1171,86.2,51.04
251,166,2,346.676,43.8598,59.6497,92.18,53.7
252,166,2,346.762,44.0374,59.7238,90.43,53.82
253,166,2,346.454,43.7875,60.0055,90.74,45.82
254,166,0,0,0,0,0,36.25
255,166,2,191.189,44.6527,64.7682,41.3,50
0,167,0,0,0,0,0,53.37
1,167,0,0,0,0,0,58.74
2,167,0,0,0,0,0,55.15
3,167,1,42.9311,39.4549,74.8165,82.29,37.57
4,167,1,43.1717,39.4926,74.8399,89.38,53.05
5,167,1,42.9242,39.5228,75.0675,86.35,56.09
6,167,1,42.4805,39.5196,75.3636,88.73,57.08
7,167,1,42.9044,39.6817,75.1079,92.87,56.95
8,167,1,42.8993,39.6957,74.948,94.05,57.38
9,167,1,42.7469,39.7517,75.2499,91.42,58.19
10,167,1,42.9327,39.5142,75.0214,94.09,57.35
11,167,1,42.6337,39.5373,75.3568,87.68,56.98
12,167,1,42.8462,39.7057,75.0466,92.55,57.01
13,167,1,42.6886,39.4863,75.3456,89.45,56.75
14,167,1,42.7483,39.4927,75.1532,90.24,58.3
15,167,1,43.0647,39.5051,74.8162,90.85,58.58
16,167,1,42.6092,39.5156,75.3173,88.61,57.1
17,167,1,42.7083,39.4859,75.1557,90.19,57.34
18,167,1,42.8661,39.6887,75.1122,94.43,56.77
19,167,1,42.7344,39.7097,75.2747,92.02,57.79
20,167,1,42.899,39.494,75.1449,93.24,57.79
21,167,1,43.0213,39.5171,74.8719,92.57,57.16
22,167,1,42.8012,39.6821,75.1277,93.31,58.41
23,167,1,43.0437,39.521,74.8488,92.84,57.95
24,167,1,42.8727,39.6419,75.1418,94.2,58.27
25,167,1,42.803,39.4466,75.206,89.43,57.34
26,167,1,42.9963,39.5159,74.919,91.73,57.57
27,167,1,43.0041,39.5091,74.8678,93.21,57.88
28,167,1,42.6939,39.514,75.3627,89.49,57.68
29,167,1,42.7325,39.4581,75.2055,88.97,57.89
30,167,1,42.6869,39.7062,75.2872,93.37,58.75
31,167,1,42.8406,39.6522,75.1115,93.88,58.23
32,167,1,42.5907,39.4126,75.2619,86.46,59.27
33,167,1,42.6345,39.6958,75.3252,92.03,58.06
34,167,1,42.6948,39.6836,75.2381,92,57.42
35,167,0,0,0,0,0,51.52
36,167,1,290.149,12.4702,62.8328,92.49,52.25
37,167,1,290.266,12.4914,62.7785,93.69,52.31
38,167,1,290.027,12.4638,63.0032,93.44,53.42
39,167,1,290.204,12.4323,62.8247,94.1,52.91
40,167,1,290.238,12.4622,62.839,93.67,52.93
41,167,1,290.204,12.4601,62.9085,92.96,52.44
42,167,1,290.288,12.4672,62.7684,92.28,53.5
43,167,1,290.169,12.4604,62.8163,92.34,52.2
44,167,1,290.148,12.4819,62.9443,90.16,52.94
45,167,1,290.113,12.4762,62.8519,92.57,53.17
46,167,1,290.126,12.4726,62.9308,92.48,52.93
47,167,1,290.042,12.455,62.8963,93.87,53.03
48,167,1,290.171,12.4698,62.8864,92.16,52.65
49,167,1,290.261,12.5292,62.9116,93.93,52.44
50,167,1,290.12,12.4777,62.9357,91.26,52.96
51,167,1,290.242,12.5211,62.9499,91.84,52.97
52,167,1,290.158,12.5103,62.9624,91.72,53.31
53,167,1,290.088,12.5296,63.0731,94.88,53.67
54,167,1,290.221,12.5284,62.8744,90.5,53.93
55,167,1,290.166,12.5112,62.9923,94.76,53.12
56,167,1,290.12,12.4958,63.0138,91.63,53.88
57,167,1,290.131,12.5047,62.9361,91.66,53.24
58,167,1,290.092,12.5006,62.9756,91.28,53.43
59,167,1,290.154,12.5458,63.0319,93.19,52.08
60,167,1,290.137,12.5271,63.0161,90.19,52.76
61,167,1,290.04,12.4817,62.9972,91.91,53.97
62,167,1,290.093,12.5149,63.0253,89.51,53.06
63,167,1,290.084,12.5673,63.0456,92.76,53.54
64,167,1,289.966,12.5301,63.1033,89.49,52.6
65,167,0,0,0,0,0,52.93
66,167,1,155.214,38.6786,51.5015,91.56,56.39
67,167,1,155.261,38.6942,51.4961,90.16,56.45
68,167,1,155.24,38.6736,51.4974,91.77,56.53
69,167,1,155.279,38.6903,51.5,91.3,56.71
70,167,1,155.328,38.677,51.4766,94.03,56.8
71,167,1,155.324,38.6611,51.4856,92.59,56.35
72,167,1,155.259,38.6766,51.4655,92.03,56.2
73,167,1,155.239,38.6934,51.4831,94.13,55.92
74,167,1,155.286,38.6707,51.4579,91.07,56.17
75,167,1,155.292,38.6708,51.4714,93.02,55.58
76,167,1,155.357,38.6745,51.4582,93.13,55.52
77,167,1,155.188,38.6775,51.4911,93.59,56.32
78,167,1,155.224,38.6611,51.4687,94.22,57.11
79,167,1,155.261,38.6674,51.4613,91.38,56.73
80,167,1,155.377,38.6643,51.4351,93.7,57.55
81,167,1,155.311,38.6749,51.4415,93.31,56.3
82,167,1,155.403,38.67,51.4436,93.24,56.57
83,167,1,155.297,38.6738,51.4643,92.45,56.12
84,167,1,155.351,38.6713,51.4683,93.84,56.04
85,167,1,155.224,38.6654,51.4907,90.24,56.44
86,167,1,155.335,38.681,51.412,93.42,57.1
87,167,1,155.337,38.6611,51.457,92.37,56.36
88,167,1,155.336,38.6591,51.428,91.57,56.74
89,167,1,155.331,38.6586,51.4356,94.28,57.51
90,167,1,155.335,38.6623,51.43,92.43,56.5
91,167,1,155.37,38.6519,51.4316,91.96,56.47
92,167,1,155.47,38.6466,51.3957,90.35,56.83
93,167,1,155.366,38.6562,51.4082,91.28,56.07
94,167,1,155.232,38.6502,51.4444,92.86,56.89
95,167,1,155.332,38.6628,51.4332,93.41,57.26
96,167,1,155.299,38.6472,51.4261,93.12,56.41
97,167,1,155.375,38.6474,51.4205,92.49,56.98
98,167,1,155.341,38.6337,51.4189,92.09,56.88
99,167,1,155.327,38.6564,51.4105,91.53,55.59
100,167,1,155.445,38.6348,51.3259,81.78,54.06
101,167,1,45.6562,19.4568,11.4223,92.74,57.58
102,167,1,45.6669,19.4669,11.4009,94.44,57.34
103,167,1,45.6278,19.4127,11.4454,86.88,58.72
104,167,1,45.7629,19.427,11.3319,93.78,57.54
105,167,1,45.7177,19.4084,11.4628,94.87,57.99
106,167,1,45.6963,19.4449,11.4221,95.28,57.61
107,167,1,45.6576,19.4542,11.4441,93.11,57.73
108,167,1,45.5858,19.4461,11.5207,95.61,57.15
109,167,1,45.6341,19.4524,11.4485,95.76,58.18
110,167,1,45.6256,19.4363,11.4348,91.81,56.9
111,167,1,45.739,19.4116,11.3748,95.3,57.65
112,167,1,45.5733,19.4498,11.4342,94.84,57.31
113,167,1,45.6312,19.4453,11.4313,93.65,57.67
114,167,1,45.667,19.41,11.4391,95.48,57.62
115,167,1,45.6023,19.4162,11.539,93.83,58.09
116,167,1,45.5353,19.3842,11.6123,93.43,57.9
117,167,1,45.5276,19.4032,11.5565,94.81,57.3
118,167,1,45.5908,19.3879,11.4372,91.85,58.58
119,167,1,45.6476,19.4046,11.4247,93.93,57.62
120,167,1,45.4441,19.3712,11.6791,87.09,58.79
121,167,1,45.6496,19.4283,11.4391,94.51,58.48
122,167,1,45.6206,19.4347,11.3775,91.26,58.1
123,167,1,45.5797,19.4253,11.5532,93.91,58.3
124,167,1,45.7114,19.398,11.4107,93.45,57.63
125,167,1,45.638,19.414,11.486,94,58.03
126,167,1,45.6217,19.4266,11.4548,92.3,57.8
127,167,1,45.5791,19.4164,11.4762,94.94,57.93
128,167,1,45.4664,19.4076,11.5958,89.36,58.32
129,167,1,45.6027,19.4087,11.4825,93.05,58.27
130,167,1,45.6416,19.5067,11.3598,92.06,58.59
131,167,1,45.5785,19.3861,11.4882,94.2,57.74
132,167,1,45.5574,19.4286,11.5004,95.73,57.35
133,167,1,45.4515,19.3684,11.629,88.19,58.73
134,167,1,45.6391,19.3778,11.5142,94.87,57.71
135,167,1,45.4805,19.404,11.5022,88.39,58.41
136,167,1,45.4789,19.416,11.5798,95.48,58.05
137,167,1,45.4409,19.4217,11.5461,93.38,57.59
138,167,1,45.4074,19.3584,11.6708,86.9,59.32
139,167,1,45.4277,19.4203,11.59,93.77,57.79
140,167,1,45.6992,19.3733,11.4009,94.99,58.1
141,167,1,45.5578,19.3952,11.5167,97.13,57.81
142,167,1,45.4129,19.3497,11.684,86.17,57.48
143,167,1,45.4843,19.389,11.6109,92.58,57.9
144,167,1,45.6043,19.3755,11.4745,92.61,58.19
145,167,1,47.0061,19.0824,10.1012,81.32,57.98
146,167,1,45.4175,19.356,11.6596,85.65,58.7
147,167,1,45.5395,19.3769,11.5906,92.71,58.23
148,167,1,45.3158,19.4662,11.5313,88.93,57.41
149,167,1,45.5027,19.391,11.6616,94.78,57.36
150,167,1,45.5503,19.3795,11.6182,93.12,58.6
151,167,1,45.4055,19.3765,11.6594,95.08,57.58
152,167,1,45.4066,19.3773,11.6494,95.88,57.54
153,167,1,45.992,18.991,11.0742,82.31,57.39
154,167,1,45.4396,19.3859,11.5887,93.96,58.07
155,167,1,45.4519,19.3916,11.5593,93.08,57.36
156,167,1,45.5397,19.3554,11.5873,92.9,58.06
157,167,1,45.4731,19.3117,11.5602,95.04,58.39
158,167,1,45.4565,19.3676,11.6819,95.58,57.89
159,167,1,45.4373,19.4064,11.5957,94.5,58.52
160,167,1,45.3334,19.3762,11.7838,94.94,57.32
161,167,1,45.4546,19.3847,11.5736,94.38,57.98
162,167,1,45.4695,19.3675,11.549,88.79,58.65
163,167,1,45.502,19.3606,11.57,94.5,58.32
164,167,1,45.4366,19.3702,11.5695,92.99,58.14
165,167,1,45.4079,19.3575,11.7077,94.25,57.99
166,167,1,45.4126,19.305,11.7395,88.41,58.32
167,167,1,45.4314,19.327,11.6861,94.5,56.2
168,167,1,155.491,38.6377,51.1959,88.88,53.81
169,167,1,155.467,38.6611,51.1981,91.16,55.08
170,167,1,155.466,38.673,51.2028,90.88,56.16
171,167,1,155.427,38.715,51.1595,89.19,56.56
172,167,1,155.534,38.7204,51.106,94.44,56.62
173,167,1,155.554,38.7019,51.0882,91.25,55.79
174,167,1,155.609,38.6881,51.0876,89,55.6
175,167,1,155.598,38.6421,51.1301,92.59,56.57
176,167,1,155.597,38.6146,51.1263,92.22,56.7
177,167,1,155.518,38.6007,51.1447,94.39,57.14
178,167,1,155.637,38.5786,51.106,93.29,56.22
179,167,1,155.551,38.5954,51.1211,89.58,53.99
180,167,0,0,0,0,0,52.74
181,167,1,160.837,22.2139,57.0045,92.27,54.6
182,167,1,160.98,22.1844,56.9538,92.66,55.31
183,167,1,160.747,22.2131,57.0161,91.4,55.92
184,167,1,161.003,22.1638,56.975,92.1,55.74
185,167,1,160.911,22.2184,56.9525,90.15,55.54
186,167,1,160.909,22.2019,56.9532,90.13,55.61
187,167,1,160.91,22.2198,56.9099,91.04,53.94
188,167,1,155.374,38.5977,51.1809,88.9,53.44
189,167,1,155.439,38.5742,51.1492,93.81,55.76
190,167,1,155.609,38.5636,51.0817,89.69,56
191,167,1,155.492,38.5694,51.1339,92.05,56.58
192,167,1,155.491,38.5769,51.1376,94.64,56.08
193,167,1,155.458,38.569,51.1478,88.62,57.03
194,167,1,155.54,38.5642,51.1023,91.94,55.73
195,167,0,0,0,0,0,52.65
196,167,1,66.707,15.5101,70.0115,85.85,52.3
197,167,1,66.8058,15.469,69.8874,92.75,52.85
198,167,1,66.8761,15.4516,69.7829,93.36,53.17
199,167,1,66.9415,15.4484,69.7161,94.44,54.14
200,167,1,67.0179,15.4039,69.6622,93.86,52.6
201,167,1,66.7959,15.4523,69.8924,94.48,53.82
202,167,1,67.0174,15.3669,69.7276,91.96,53.78
203,167,1,66.8984,15.4348,69.822,95.95,54.21
204,167,1,66.9917,15.3681,69.6994,92.76,53.59
205,167,1,66.6875,15.5011,69.8465,91.01,54.29
206,167,1,66.6218,15.4578,70.0637,85.75,54.71
207,167,1,67.0289,15.3519,69.6643,83.06,53.51
208,167,1,66.838,15.4356,69.8265,93.66,54.15
209,167,1,66.8713,15.4018,69.6814,91.93,52.27
210,167,1,66.9762,15.3561,69.7477,93.92,54.02
211,167,1,66.8154,15.4397,69.8067,92.19,54.29
212,167,1,66.7404,15.4104,69.9546,91.97,54.03
213,167,1,67.0096,15.3286,69.6548,80.9,53.75
214,167,1,66.9686,15.3446,69.7711,93.54,54.94
215,167,1,66.8057,15.4315,69.8331,94.57,53.88
216,167,1,66.8587,15.3851,69.7729,93.93,53.79
217,167,1,66.7611,15.4173,69.9611,93.13,53.93
218,167,1,66.8133,15.3902,69.9131,92.91,53.79
219,167,1,66.7705,15.4169,69.9547,92.78,53.67
220,167,1,66.8334,15.3973,69.8949,94.41,53.24
221,167,1,66.9002,15.3718,69.6978,92.71,52.93
222,167,1,66.8155,15.3955,69.9038,94.96,53.86
223,167,1,66.8239,15.3901,69.8273,93.5,54.29
224,167,1,66.8282,15.3878,69.8411,93.06,54.4
225,167,1,66.7745,15.4244,69.8255,96.09,53.63
226,167,1,66.7086,15.4171,69.924,93.23,54
227,167,1,66.7794,15.376,69.8149,94.63,53.12
228,167,1,66.5508,15.4318,70.0442,93.06,53.35
229,167,1,66.8156,15.3454,69.8976,92.06,53.69
230,167,1,66.6943,15.3851,70.0356,85.92,54.14
231,167,1,66.7088,15.3735,69.9351,93.91,54.03
232,167,1,66.725,15.3729,69.9575,84.13,54.51
233,167,1,66.7991,15.3122,69.8785,85.58,54.05
234,167,1,66.5736,15.3454,69.926,86.56,52.41
235,167,1,66.6217,15.4052,69.9727,93,54.35
236,167,1,66.6421,15.3717,70.0349,94.74,53.7
237,167,1,66.6364,15.3833,69.9739,92.17,54.47
238,167,1,66.5603,15.3162,70.0985,84.79,54.87
239,167,1,66.6063,15.3941,69.97,94.2,54.61
240,167,1,66.4719,15.4124,70.1203,93.64,54.57
241,167,1,66.5227,15.4072,70.1229,94.92,55.16
242,167,1,66.8242,15.2953,69.8479,92.47,53.69
243,167,1,66.6397,15.3076,69.9522,85.85,53.26
244,167,1,66.4779,15.4082,70.0388,94.01,54.25
245,167,1,66.708,15.2846,69.8732,92.3,53.14
246,167,1,66.5399,15.3467,70.0998,92.5,53.49
247,167,1,66.5984,15.3628,69.9892,92.17,54.03
248,167,1,66.7216,15.3207,69.9096,92.34,54.04
249,167,1,66.6655,15.3493,69.993,93.36,54.49
250,167,1,66.4942,15.2743,70.1971,87.92,50.51
251,167,2,346.828,44.0265,59.5058,89.74,53.14
252,167,2,346.621,44.0428,59.7342,90.82,54.03
253,167,2,346.568,43.8743,59.9455,92.43,45.4
254,167,0,0,0,0,0,35.54
255,167,0,0,0,0,0,50.38
0,168,0,0,0,0,0,54.51
1,168,0,0,0,0,0,58.47
2,168,0,0,0,0,0,36.86
3,168,0,0,0,0,0,37.29
4,168,1,42.9235,39.4738,75.1436,91.03,53.74
5,168,1,43.0285,39.5268,74.8689,90.84,56.71
6,168,1,42.7634,39.4904,75.1387,86.1,56.67
7,168,1,42.8207,39.4926,75.196,91.61,57.76
8,168,1,42.8545,39.4901,75.1412,89.66,57.14
9,168,1,42.8855,39.6786,75.0707,92.09,58.11
10,168,1,42.8204,39.4907,75.1791,90.24,57.41
11,168,1,42.8496,39.4825,75.1606,87.44,58.07
12,168,1,42.7791,39.4988,75.1402,90.1,57.47
13,168,1,42.621,39.5079,75.3858,88.19,57.25
14,168,1,42.5448,39.5288,75.331,87.8,57.87
15,168,1,42.647,39.5121,75.3245,89.29,58.17
16,168,1,43.0249,39.5247,74.8701,94.34,58
17,168,1,42.7776,39.7201,75.2318,93.67,58.13
18,168,1,42.9652,39.4744,74.9695,92.89,57.45
19,168,1,42.7741,39.4909,75.1652,88.89,58.4
20,168,1,42.9756,39.5082,74.9671,91.28,57.37
21,168,1,42.5314,39.5083,75.3,87.95,57.57
22,168,1,42.609,39.4841,75.3734,87.18,57.65
23,168,1,42.7618,39.6781,75.1306,91.53,58.02
24,168,1,42.6995,39.7196,75.2258,92.41,57.41
25,168,1,42.6246,39.5057,75.328,89.74,58.09
26,168,1,43.021,39.48,74.9718,91.88,57.75
27,168,1,43.0068,39.5194,74.9087,90.25,58.29
28,168,1,42.4985,39.4727,75.4721,85.3,57.61
29,168,1,42.7706,39.4864,75.1681,90.11,57.98
30,168,1,42.827,39.4314,75.2381,90.06,57.81
31,168,1,42.7227,39.4376,75.2332,89.28,58.07
32,168,1,42.972,39.497,74.8787,92.29,58.39
33,168,1,43.0443,39.4887,74.9006,92.87,57.64
34,168,1,42.8589,39.6323,75.145,94.52,56.14
35,168,0,0,0,0,0,51.97
36,168,1,290.23,12.5025,62.8297,92.29,52.73
37,168,1,290.148,12.4873,62.9346,91.95,52.86
38,168,1,290.147,12.4747,62.9474,90.94,52.01
39,168,1,290.124,12.4778,63.0062,90.31,52.39
40,168,1,290.13,12.4978,62.9489,94.66,53.16
41,168,1,290.183,12.4771,62.9282,92.99,52.88
42,168,1,290.14,12.5057,62.9744,92.82,53.63
43,168,1,290.157,12.4801,62.9434,93.48,53.77
44,168,1,290.175,12.4833,62.8974,92.02,53.04
45,168,1,290.02,12.4879,63.0602,94.26,53.91
46,168,1,290.26,12.4857,62.8048,93.51,53.5
47,168,1,290.276,12.5044,62.7457,92.48,53.38
48,168,1,290.184,12.4815,62.8531,93.2,53.31
49,168,1,290.209,12.5067,62.9373,93.08,52.4
50,168,1,290.106,12.5053,62.9516,93.34,52.73
51,168,1,290.161,12.5166,62.9851,90.41,52.29
52,168,1,290.182,12.5022,62.8218,94.51,53.65
53,168,1,290.054,12.4794,62.9916,91.08,53.23
54,168,1,290.149,12.5131,62.9901,90.5,52.56
55,168,1,290.102,12.4739,62.8983,90.62,52.47
56,168,1,290.166,12.5196,62.9972,91.7,53.64
57,168,1,290.127,12.5152,62.8796,92.68,53.65
58,168,1,290.024,12.4923,63.0269,90.58,52.7
59,168,1,290.029,12.5124,63.0283,91.58,53.04
60,168,1,290.158,12.5358,62.9829,93.35,53.25
61,168,1,290.12,12.5258,62.9589,93.25,53.21
62,168,1,290.022,12.5357,63.0396,93.07,53.51
63,168,1,290.072,12.5252,63.028,93.1,53.94
64,168,1,290.079,12.5655,63.0609,88.62,52.82
65,168,0,0,0,0,0,54.61
66,168,1,155.295,38.6503,51.5131,94.32,55.3
67,168,1,155.238,38.6849,51.503,91.43,55.33
68,168,1,155.292,38.6776,51.5074,93.52,56.03
69,168,1,155.264,38.6937,51.4919,92.91,55.5
70,168,1,155.298,38.6733,51.4623,92.02,55.71
71,168,1,155.237,38.6852,51.5388,94.44,56.76
72,168,1,155.275,38.6733,51.4706,90.02,56.15
73,168,1,155.217,38.6868,51.5181,91.34,57.18
74,168,1,155.347,38.6784,51.4767,92.95,56.49
75,168,1,155.229,38.6706,51.5024,93.03,56.23
76,168,1,155.377,38.6733,51.4544,89.87,57.32
77,168,1,155.311,38.678,51.4737,93.56,56.13
78,168,1,155.18,38.6939,51.4875,89.43,56.85
79,168,1,155.388,38.6641,51.4349,91.35,57.17
80,168,1,155.311,38.6741,51.4725,93.56,56.4
81,168,1,155.411,38.6698,51.4301,90.52,55.82
82,168,1,155.366,38.6607,51.4398,94.35,56.03
83,168,1,155.327,38.6775,51.4451,92.59,56.73
84,168,1,155.263,38.6789,51.459,88.78,56.46
85,168,1,155.421,38.6624,51.4114,92.22,56.4
86,168,1,155.255,38.6471,51.4547,92.65,56.88
87,168,1,155.339,38.655,51.4526,95.2,56.44
88,168,1,155.351,38.6508,51.4312,94.68,56.58
89,168,1,155.28,38.6608,51.4577,93.33,56.42
90,168,1,155.236,38.6462,51.4319,91.12,57.77
91,168,1,155.349,38.6587,51.4367,93.08,56.35
92,168,1,155.314,38.661,51.432,91.65,56.99
93,168,1,155.379,38.6507,51.4151,93.51,55.73
94,168,1,155.415,38.6642,51.388,89.04,56.88
95,168,1,155.319,38.6638,51.4264,91.28,57.11
96,168,1,155.319,38.6605,51.4255,93.55,56.62
97,168,1,155.299,38.6623,51.4272,90.54,57.65
98,168,1,155.362,38.6743,51.3863,92.83,56.45
99,168,1,155.456,38.6542,51.3506,95.08,57.86
100,168,1,155.154,38.6535,51.4271,81.28,54.85
101,168,1,45.7202,19.4414,11.4122,93.18,57.1
102,168,1,45.658,19.4365,11.4612,93.46,56.86
103,168,1,45.654,19.4319,11.3831,92.71,57.37
104,168,1,45.6236,19.464,11.4062,92.47,57.4
105,168,1,45.6343,19.4079,11.6015,96.43,57.99
106,168,1,45.6708,19.4376,11.4272,96.01,57.61
107,168,1,45.7163,19.4439,11.3801,94.71,57.88
108,168,1,45.6448,19.4308,11.3959,94.08,57.74
109,168,1,45.5667,19.41,11.557,92.2,57.13
110,168,1,45.5734,19.4614,11.4553,92.85,57.67
111,168,1,45.4768,19.4556,11.6386,95.05,58.16
112,168,1,45.521,19.3532,11.6854,85.77,58.52
113,168,1,45.5164,19.3927,11.5496,87.8,58.35
114,168,1,45.6132,19.4648,11.3905,96.62,57.63
115,168,1,45.5434,19.438,11.5972,96.48,57.34
116,168,1,45.601,19.4461,11.4059,93.7,57.87
117,168,1,45.5911,19.4482,11.4716,92.64,58.13
118,168,1,45.7103,19.3887,11.3799,94.49,58.05
119,168,1,45.552,19.3794,11.5591,93.22,58.96
120,168,1,45.7158,19.3877,11.406,91.14,57.5
121,168,1,45.7332,19.408,11.4113,92.7,58.46
122,168,1,45.5707,19.4275,11.487,93.1,57.78
123,168,1,45.5463,19.3572,11.5562,88.97,58.82
124,168,1,45.551,19.4072,11.623,92.69,58.41
125,168,1,45.5547,19.3949,11.5058,87.24,58.46
126,168,1,45.5435,19.3985,11.6795,94.12,57.51
127,168,1,45.5953,19.3694,11.5536,87.81,58.41
128,168,1,45.5148,19.4262,11.5853,96.58,57.44
129,168,1,45.618,19.4064,11.5031,94.86,57.13
130,168,1,45.611,19.3782,11.4848,93.91,57.31
131,168,1,45.6329,19.3611,11.5353,93.61,58.56
132,168,1,45.5345,19.4334,11.4057,93.82,57.93
133,168,1,45.484,19.3722,11.6163,86.68,58.32
134,168,1,45.4582,19.3769,11.5797,87.32,58.66
135,168,1,45.5035,19.4025,11.6637,93.66,57.74
136,168,1,45.5171,19.4151,11.4556,93.1,56.99
137,168,1,45.5216,19.4096,11.5545,93.93,58.02
138,168,1,45.5632,19.3834,11.5156,93.92,58.49
139,168,1,45.5279,19.3615,11.6386,86.28,58.31
140,168,1,45.5061,19.4095,11.4544,94.51,57.54
141,168,1,45.5937,19.3794,11.5037,93.71,58.44
142,168,1,45.5412,19.3802,11.518,92.99,58.22
143,168,1,45.5005,19.4051,11.562,94.09,58.28
144,168,1,45.4119,19.4273,11.6494,96.25,57.67
145,168,1,45.4029,19.3462,11.6719,88.25,58.65
146,168,1,45.4603,19.3979,11.5637,87.56,58.23
147,168,1,45.5128,19.3559,11.5333,87.51,58.47
148,168,1,45.5941,19.3692,11.4831,94.63,58.11
149,168,1,45.3502,19.4038,11.6823,94.54,57.66
150,168,1,45.5974,19.3719,11.4846,94.23,58.25
151,168,1,45.387,19.3937,11.6911,93.97,57.98
152,168,1,45.464,19.4049,11.5609,93.92,57.51
153,168,1,45.5327,19.3628,11.5774,93.86,57.97
154,168,1,45.4159,19.4112,11.5811,94.97,57.66
155,168,1,45.4871,19.3693,11.5563,92.72,57.85
156,168,1,45.4262,19.3252,11.6452,86.91,58.05
157,168,1,45.3583,19.4194,11.6814,95.45,57.53
158,168,1,45.569,19.3519,11.4739,94.14,58.38
159,168,1,45.5485,19.3506,11.5052,93.28,57.98
160,168,1,45.466,19.3965,11.5583,95.2,58.46
161,168,1,45.4382,19.3781,11.5883,94.95,57.81
162,168,1,45.5019,19.3844,11.5636,95.7,58.24
163,168,1,45.411,19.4094,11.5486,91.82,57.37
164,168,1,45.3567,19.3967,11.5624,95.23,58.16
165,168,1,45.481,19.3597,11.5891,94.97,57.37
166,168,1,45.5091,19.3437,11.5235,94.16,58.12
167,168,1,46.7549,19.0166,10.3268,77.63,55.62
168,168,1,155.335,38.6456,51.2713,89.71,53.86
169,168,1,155.435,38.6633,51.222,90.43,55.55
170,168,1,155.417,38.6809,51.1903,90.77,56.65
171,168,1,155.506,38.7054,51.1399,92.69,56.02
172,168,1,155.483,38.6985,51.0943,91.73,56.78
173,168,1,155.548,38.6899,51.0768,90.88,57.45
174,168,1,155.651,38.6322,51.0739,90.74,56.6
175,168,1,155.551,38.6264,51.1256,91.68,55.77
176,168,1,155.501,38.6026,51.1617,91.49,56.82
177,168,1,155.519,38.6048,51.1438,90.1,56.47
178,168,1,155.592,38.616,51.1347,90.92,54.22
179,168,0,0,0,0,0,52.44
180,168,1,160.894,22.2184,56.9554,89.86,53.01
181,168,1,161.001,22.1902,56.9316,89.3,54.87
182,168,1,161.272,22.2214,56.6516,88.18,54.37
183,168,1,160.904,22.2385,56.9624,89.83,55
184,168,1,160.927,22.223,56.9334,92.48,55.33
185,168,1,160.935,22.2069,56.9154,90.43,55.57
186,168,1,160.773,22.2079,57.0298,90.62,56.05
187,168,1,161.032,22.2161,56.8017,87.45,51.99
188,168,1,155.587,38.5846,51.1042,88.29,51.18
189,168,1,155.705,38.5631,51.0538,89.81,53.59
190,168,1,155.467,38.5772,51.1338,90.43,54.31
191,168,1,155.386,38.5897,51.1455,89.28,54.45
192,168,1,155.496,38.5749,51.1162,91.19,54.95
193,168,1,155.484,38.571,51.1349,91.2,54.98
194,168,1,155.557,38.5425,51.1032,94.91,55.33
195,168,1,155.78,38.4657,50.8275,82.41,51.26
196,168,1,67.0516,15.4043,69.6457,83.69,52.23
197,168,1,66.9469,15.4579,69.712,92.7,52.87
198,168,1,66.8719,15.4444,69.7763,90.84,53.25
199,168,1,66.9003,15.4452,69.8044,90.2,52.69
200,168,1,66.9745,15.3875,69.7224,89.69,53.83
201,168,1,66.9007,15.4346,69.8282,92.64,52.9
202,168,1,66.8755,15.39,69.7557,87.14,53.29
203,168,1,66.8971,15.4366,69.9038,94.28,53.38
204,168,1,67.003,15.3662,69.6857,90.74,54.07
205,168,1,66.9317,15.3852,69.682,92.62,54.27
206,168,1,66.9181,15.358,69.783,95.16,54.55
207,168,1,66.8507,15.4259,69.8204,94.36,54.49
208,168,1,66.7813,15.4488,69.8218,90.65,54.41
209,168,1,66.8989,15.3806,69.6282,87.44,53.27
210,168,1,66.8077,15.439,69.8955,93.65,54.11
211,168,1,66.7355,15.4592,69.8843,86.65,54.4
212,168,1,66.8684,15.3783,69.7721,91.45,52.98
213,168,1,66.8895,15.3496,69.7803,92.98,55.34
214,168,1,66.6132,15.4534,70.0411,85.78,53.51
215,168,1,66.7614,15.4264,69.8631,90.43,53.82
216,168,1,66.6606,15.4366,69.953,85.24,53.56
217,168,1,66.7651,15.4003,69.9081,94.25,53.63
218,168,1,66.8907,15.3733,69.783,93.01,53.56
219,168,1,66.9387,15.3281,69.7993,92.21,54.27
220,168,1,66.9009,15.349,69.7435,85.6,54.23
221,168,1,66.8089,15.408,69.8851,93.31,53.54
222,168,1,67.0126,15.3779,69.6004,84.42,54.57
223,168,1,66.686,15.4352,69.9328,92.1,54.35
224,168,1,66.661,15.4342,70.0104,92.49,53.55
225,168,1,66.8351,15.3657,69.7623,94.57,53.2
226,168,1,66.7151,15.375,69.854,84.71,54.19
227,168,1,66.7495,15.3502,69.7921,94.03,53.97
228,168,1,66.8604,15.3637,69.7064,85.16,53.51
229,168,1,66.7346,15.3947,69.9819,92.05,53.5
230,168,1,66.5767,15.409,70.031,90.87,54.78
231,168,1,66.7914,15.3389,69.9763,93.91,53.53
232,168,1,66.6543,15.397,69.9734,94.77,54.08
233,168,1,66.7597,15.3891,69.9102,91.28,53.73
234,168,1,66.6537,15.3869,69.9095,94.19,54.23
235,168,1,66.8085,15.3145,69.8504,94.53,54.34
236,168,1,66.7527,15.3295,69.8647,84.6,53.16
237,168,1,66.7487,15.3622,69.9103,91.75,54.11
238,168,1,66.7204,15.3246,69.8863,92.1,53.98
239,168,1,66.6189,15.3899,70.0463,90.4,53.75
240,168,1,66.8283,15.3002,69.7637,85.5,54.35
241,168,1,66.4732,15.4028,70.1418,86.99,54.32
242,168,1,66.5279,15.391,70.0581,90.57,54.03
243,168,1,66.9072,15.3086,69.8048,92.88,53.51
244,168,1,66.8318,15.2866,69.819,95.09,54.25
245,168,1,66.5169,15.3983,70.1261,85.7,53.47
246,168,1,66.5724,15.2912,70.0583,87.6,53.76
247,168,1,66.6323,15.3535,70.0214,94.35,52.99
248,168,1,66.4486,15.3175,70.1491,86.29,53.95
249,168,1,66.5377,15.3785,70.0827,92.33,53.31
250,168,1,66.7618,15.372,69.9145,91.57,52.23
251,168,2,347.007,44.1681,59.4614,83.23,52.71
252,168,2,346.838,44.3,59.5418,89.98,52.81
253,168,2,346.446,43.9976,59.792,79.87,46.05
254,168,0,0,0,0,0,36.38
255,168,0,0,0,0,0,50.72
0,169,2,189.271,45.5035,67.8428,33.2,54.89
1,169,0,0,0,0,0,58.19
2,169,0,0,0,0,0,54.75
3,169,1,43.2761,39.5812,74.8119,78.19,36.65
4,169,1,42.8458,39.4613,75.1253,87.65,53.01
5,169,1,43.0427,39.5154,74.8498,91.37,56.47
6,169,1,42.8744,39.7047,75.0323,92.81,56.79
7,169,1,42.7144,39.7329,75.2393,91.35,57.45
8,169,1,42.7069,39.516,75.2187,88.6,57.63
9,169,1,42.7713,39.4623,75.2045,90.18,57.71
10,169,1,42.5303,39.5091,75.4043,85.1,56.6
11,169,1,42.8923,39.6987,75.0929,94.59,57.47
12,169,1,42.9451,39.6476,75.013,96.48,58.05
13,169,1,42.8227,39.6983,75.0732,92.38,57.2
14,169,1,42.6208,39.4919,75.3407,89.3,58.37
15,169,1,42.5508,39.5087,75.3616,88.95,57.92
16,169,1,42.7885,39.449,75.2231,90.26,58.21
17,169,1,43.0036,39.5103,74.8483,92.44,58.08
18,169,1,42.9478,39.5092,74.8059,87.87,58.75
19,169,1,42.5529,39.4926,75.3348,86.23,57.27
20,169,1,42.8362,39.4455,75.2359,87.95,58.32
21,169,1,42.7795,39.465,75.1742,88.56,57.23
22,169,1,42.5169,39.4924,75.5104,83.18,57.67
23,169,1,42.9841,39.5153,74.9802,90.66,57.98
24,169,1,42.6874,39.4381,75.3348,89.25,58.06
25,169,1,42.7889,39.4584,75.183,89.07,58.1
26,169,1,42.8023,39.4379,75.1841,87.96,58.16
27,169,1,42.6864,39.4609,75.3844,88.72,57.77
28,169,1,42.9842,39.4872,74.9272,93.21,57.74
29,169,1,42.8106,39.4385,75.1747,86.4,57.59
30,169,1,42.9247,39.6488,75.1127,92.69,57.46
31,169,1,42.9753,39.5041,74.877,92.59,57.41
32,169,1,42.8558,39.6431,75.1079,91.97,56.88
33,169,1,42.9779,39.4746,74.9967,92.55,57.79
34,169,1,42.9613,39.4918,74.9297,93.57,57.98
35,169,0,0,0,0,0,51.26
36,169,1,290.314,12.4897,62.8109,91.97,52.39
37,169,1,290.145,12.4474,62.8628,94.27,51.96
38,169,1,290.196,12.4812,62.9781,91.84,53.15
39,169,1,290.228,12.4958,62.935,93.24,52.67
40,169,1,290.154,12.4747,62.8481,95.25,53.73
41,169,1,290.324,12.5047,62.8708,92.92,53.11
42,169,1,290.139,12.4991,62.9853,91.91,53.08
43,169,1,290.276,12.4941,62.9205,90.87,52.51
44,169,1,290.043,12.4671,62.9635,92.06,52.61
45,169,1,290.167,12.5057,62.9372,92.59,53.43
46,169,1,290.207,12.5077,62.9072,92.72,52.76
47,169,1,290.031,12.5017,63.0195,93.89,53.56
48,169,1,290.134,12.4715,62.9044,94.95,53.17
49,169,1,290.129,12.4399,62.899,92.3,52.92
50,169,1,290.224,12.5054,62.8534,94.17,52.95
51,169,1,290.242,12.5425,62.8618,92.95,52.56
52,169,1,290.117,12.5205,63.058,95.29,54.1
53,169,1,290.262,12.5269,62.8648,93.14,53.69
54,169,1,290.042,12.5031,63.033,94.03,54
55,169,1,289.997,12.5166,63.1313,95.62,54.26
56,169,1,290.185,12.5438,63.0006,93.07,52.73
57,169,1,290.11,12.5025,62.9757,92.44,53.55
58,169,1,290.102,12.5054,62.9646,93.6,52.34
59,169,1,290.08,12.5065,62.9676,91.56,53.61
60,169,1,290.073,12.5064,63.0661,90.9,53.1
61,169,1,289.993,12.549,63.1755,94.6,53.44
62,169,1,290.132,12.5528,62.9958,90.91,53.25
63,169,1,290.091,12.5537,63.1006,89.47,52.15
64,169,1,290.058,12.5889,63.1291,85.54,52.96
65,169,1,155.229,38.6885,51.5186,91.6,55.58
66,169,1,155.262,38.6694,51.4977,90.57,55.81
67,169,1,155.215,38.659,51.5099,93.64,56.02
68,169,1,155.245,38.6663,51.4934,90.54,55.15
69,169,1,155.316,38.6528,51.4543,90.24,56.35
70,169,1,155.311,38.6796,51.4749,92,56.15
71,169,1,155.254,38.6869,51.4762,91.33,55.78
72,169,1,155.266,38.6651,51.501,94.99,56.47
73,169,1,155.299,38.6692,51.4921,93.15,56.46
74,169,1,155.388,38.6659,51.4689,92.34,56.42
75,169,1,155.297,38.691,51.4663,91.7,56.24
76,169,1,155.316,38.6977,51.4694,92.08,56.71
77,169,1,155.214,38.672,51.51,93.79,56.31
78,169,1,155.13,38.6956,51.5093,90.74,55.12
79,169,1,155.345,38.6749,51.4464,90.76,56.08
80,169,1,155.383,38.6437,51.4454,93.93,56.34
81,169,1,155.351,38.6307,51.4526,93.92,56.27
82,169,1,155.237,38.6794,51.4725,91,56.58
83,169,1,155.34,38.6754,51.4556,91.85,56.77
84,169,1,155.387,38.6728,51.4063,91.26,56.73
85,169,1,155.301,38.6696,51.4565,91.62,56.8
86,169,1,155.374,38.6661,51.4275,91.38,57.58
87,169,1,155.284,38.6683,51.4548,92.91,56.84
88,169,1,155.378,38.6666,51.4212,93.02,57.03
89,169,1,155.513,38.6355,51.3459,94.91,56.98
90,169,1,155.265,38.659,51.4528,91.74,56.56
91,169,1,155.349,38.6651,51.4374,91.86,56.72
92,169,1,155.278,38.6697,51.4331,91.82,56.54
93,169,1,155.295,38.6465,51.4369,94.63,57.41
94,169,1,155.454,38.6234,51.3758,91.33,56.6
95,169,1,155.32,38.6446,51.417,92.4,56.47
96,169,1,155.362,38.6505,51.4121,91.34,56.13
97,169,1,155.336,38.6627,51.4265,92.92,56.27
98,169,1,155.331,38.6624,51.4025,90.27,57.16
99,169,1,155.322,38.6651,51.3894,91.32,55.86
100,169,1,155.432,38.6443,51.3487,81.82,53.72
101,169,1,45.7409,19.4672,11.3277,95.11,56.41
102,169,1,45.6248,19.4714,11.3697,93.1,57.32
103,169,1,45.7514,19.4239,11.3969,92.76,57.39
104,169,1,45.7073,19.4358,11.3352,92.59,57.35
105,169,1,45.634,19.4439,11.4651,95.38,56.91
106,169,1,45.6798,19.4789,11.2177,87.02,57.62
107,169,1,45.6961,19.4484,11.4046,93.21,57.34
108,169,1,45.6057,19.4757,11.4161,95.52,57.37
109,169,1,45.6345,19.4516,11.4295,94.37,57.86
110,169,1,45.5142,19.3899,11.6361,86.2,58.2
111,169,1,45.5912,19.3586,11.5767,87.38,58.09
112,169,1,45.675,19.4228,11.4213,95.15,57.81
113,169,1,46.0599,19.0559,10.9882,82.65,57.56
114,169,1,45.6192,19.4229,11.576,93.68,58.36
115,169,1,45.5874,19.4506,11.4389,94.85,58.21
116,169,1,45.5138,19.4176,11.5072,87.55,58.27
117,169,1,45.5457,19.4505,11.5426,95.57,57.55
118,169,1,45.5607,19.4447,11.4825,95.78,58.21
119,169,1,45.6399,19.397,11.4711,88.6,58.07
120,169,1,45.5373,19.4568,11.49,93.92,57.96
121,169,1,45.6369,19.4033,11.5031,93.06,57.83
122,169,1,45.7694,19.403,11.3209,94.45,57.63
123,169,1,45.6332,19.4082,11.4894,94.48,57.57
124,169,1,45.6474,19.441,11.4071,92.74,57.79
125,169,1,45.546,19.4331,11.4644,90.77,56.66
126,169,1,45.7274,19.391,11.4318,95.01,58.23
127,169,1,45.6236,19.3694,11.4413,86.74,58.35
128,169,1,45.6902,19.3989,11.451,92.29,57.38
129,169,1,45.2877,18.9647,11.6684,77.6,57.81
130,169,1,45.6182,19.3849,11.5346,94.02,57.65
131,169,1,45.5592,19.4164,11.4589,94.73,57.35
132,169,1,45.6467,19.3945,11.4555,93.75,57.63
133,169,1,45.5622,19.4178,11.4378,92.58,57.03
134,169,1,45.6409,19.4008,11.3896,93.5,57.51
135,169,1,45.5184,19.3837,11.4912,94.14,57.33
136,169,1,47.0967,19.0852,10.0143,81.35,58.36
137,169,1,45.3872,19.3519,11.7518,86.8,58.51
138,169,1,45.3814,19.4349,11.6811,96.6,57.8
139,169,1,45.517,19.415,11.4634,95.17,57.52
140,169,1,45.4338,19.3771,11.6043,87.08,58.57
141,169,1,45.527,19.3777,11.5187,95.86,57.52
142,169,1,45.4458,19.4012,11.6838,94.94,57.13
143,169,1,45.4803,19.3934,11.5792,93.07,58.03
144,169,1,45.4607,19.3952,11.5762,93.89,57.75
145,169,1,45.4599,19.3815,11.6147,94.55,58.25
146,169,1,45.6001,19.3836,11.4801,94.66,58.11
147,169,1,45.5415,19.3846,11.5613,94.14,57.9
148,169,1,45.454,19.4301,11.6089,95.7,56.86
149,169,1,45.5173,19.3896,11.5126,91.22,57.46
150,169,1,45.385,19.4299,11.621,94.8,57.65
151,169,1,45.4644,19.3811,11.5139,87.54,59.08
152,169,1,45.5241,19.3838,11.5415,93.41,57.76
153,169,1,45.528,19.3801,11.5265,95.46,58.73
154,169,1,45.4574,19.3937,11.5914,96.26,58.1
155,169,1,45.465,19.3651,11.5884,93.08,58.59
156,169,1,45.4322,19.3223,11.6814,86.93,59.15
157,169,1,45.4543,19.369,11.5332,94.15,57.26
158,169,1,45.4038,19.3637,11.6834,94.01,57.91
159,169,1,45.4308,19.3105,11.6052,87.63,58.46
160,169,1,45.4319,19.381,11.5951,94.37,57.59
161,169,1,45.5939,19.3556,11.4806,94.2,58.48
162,169,1,45.4765,19.3785,11.6163,93.51,58.03
163,169,1,45.4209,19.3779,11.5315,94.44,57.4
164,169,1,45.5284,19.3452,11.5599,95.02,58.74
165,169,1,45.3775,19.3864,11.5579,95.76,57.86
166,169,1,46.9176,19.0623,10.1644,80.4,57.98
167,169,1,45.4556,19.3285,11.6085,94.04,55.87
168,169,1,155.373,38.6497,51.2414,84.36,54.53
169,169,1,155.4,38.6601,51.2196,91.51,56.48
170,169,1,155.361,38.6684,51.1738,90.97,56.6
171,169,1,155.492,38.6943,51.1282,93.28,56.7
172,169,1,155.557,38.7159,51.0663,90.59,55.83
173,169,1,155.505,38.6774,51.1164,90.94,57.04
174,169,1,155.587,38.6392,51.0983,91.73,57
175,169,1,155.635,38.6035,51.1231,94.87,56.69
176,169,1,155.527,38.6103,51.1484,91.88,56.71
177,169,1,155.618,38.6129,51.1351,89.66,55.86
178,169,1,155.638,38.5868,51.0936,83.63,53.46
179,169,1,161.022,22.1485,56.9784,83.89,53.48
180,169,1,160.964,22.2009,56.9553,90.37,54
181,169,1,160.986,22.1997,56.9038,89.56,55.59
182,169,1,160.869,22.1995,56.9803,90.07,54.45
183,169,1,160.987,22.2075,56.892,92.11,54.2
184,169,1,160.914,22.2241,56.9487,92.58,55.48
185,169,1,160.917,22.216,56.9875,92.79,56.3
186,169,1,160.923,22.2053,56.9579,95.07,55.05
187,169,1,160.982,22.2353,56.8194,87.9,50.34
188,169,1,155.579,38.6294,51.091,81.7,48.91
189,169,1,155.546,38.5934,51.1021,81.75,49.73
190,169,1,155.547,38.5888,51.0997,80.88,51.2
191,169,1,155.623,38.5737,51.0795,85.43,51.39
192,169,1,155.516,38.5925,51.1146,81.81,51.86
193,169,1,155.593,38.5777,51.0935,83.56,51.43
194,169,1,155.481,38.5904,51.1368,82.93,52.43
195,169,0,0,0,0,0,47.62
196,169,1,66.9949,15.4621,69.752,92.56,51.73
197,169,1,66.8289,15.4929,69.8221,84.54,52.96
198,169,1,66.9684,15.429,69.773,82.89,53.34
199,169,1,67.0357,15.3965,69.5677,92.89,53.16
200,169,0,0,0,0,0,52.83
201,169,1,66.9648,15.4045,69.8592,89.56,53.65
202,169,1,67.003,15.3762,69.7089,92.47,54.61
203,169,1,66.7269,15.454,69.9004,92.84,53.81
204,169,1,66.7735,15.4521,69.9274,94.1,53.44
205,169,1,66.68,15.4646,69.9852,93.58,53.74
206,169,1,66.7075,15.4545,69.9545,90.33,53.45
207,169,1,66.8489,15.4402,69.7914,93.73,54.8
208,169,1,66.7493,15.4219,69.8815,87.55,54.85
209,169,1,66.9653,15.4283,69.7343,94.23,53.97
210,169,1,66.7637,15.4205,69.9529,94.67,54.58
211,169,1,66.9451,15.3732,69.7089,92.5,53.56
212,169,1,67.0504,15.3631,69.6238,86.26,53.64
213,169,1,66.8953,15.365,69.752,93.78,54.81
214,169,1,66.7761,15.4155,69.8216,91.63,53.75
215,169,1,66.8184,15.4403,69.8723,94.17,52.66
216,169,1,66.9657,15.3307,69.7702,91.78,54.06
217,169,1,66.7585,15.4221,69.8505,84.59,53.59
218,169,1,66.7077,15.4238,69.8893,93.72,54.05
219,169,1,66.936,15.3671,69.7165,91.12,53.43
220,169,1,66.6819,15.4125,69.9683,92.96,53.77
221,169,1,66.9714,15.344,69.7202,85.73,53.52
222,169,1,66.7817,15.3839,69.9474,86.71,53.97
223,169,1,66.8438,15.3902,69.7708,92.5,53.55
224,169,1,66.7407,15.4048,69.8923,91.12,53.74
225,169,1,66.8234,15.3927,69.8474,90.7,53.89
226,169,1,66.7311,15.3896,70.0027,92.54,52.84
227,169,1,66.6745,15.4093,69.9264,94.15,53.74
228,169,1,66.8317,15.3335,69.7414,84.42,53.91
229,169,1,66.6487,15.4124,70.0358,92.99,53.73
230,169,1,66.7369,15.3906,69.9298,94.17,54.64
231,169,1,66.8539,15.3414,69.7553,92.96,54.21
232,169,1,66.495,15.408,70.0956,92.66,53.18
233,169,1,66.8675,15.3163,69.7937,92.26,53.49
234,169,1,66.7438,15.3803,69.9236,94.26,54.17
235,169,1,66.7202,15.3707,69.9374,93.6,53.66
236,169,1,66.6478,15.3295,70.011,88.39,54.66
237,169,1,66.7444,15.3734,69.9176,91.7,52.28
238,169,1,66.7861,15.3687,69.7818,90.59,54.29
239,169,1,66.7188,15.3825,69.9446,85.9,53.51
240,169,1,66.6285,15.3393,69.9458,93.27,54.61
241,169,1,66.4439,15.3961,70.1697,84.51,53.76
242,169,1,66.621,15.3823,69.9706,92.16,54.12
243,169,1,66.7259,15.328,69.8479,92.63,54.64
244,169,1,66.4797,15.3673,70.1696,83.71,54.1
245,169,1,66.6418,15.3531,70.0304,92.4,53.78
246,169,1,66.7609,15.3003,69.8761,93.03,54.14
247,169,1,66.6881,15.3065,69.8807,85.32,53.53
248,169,1,66.64,15.3135,69.8878,86.1,53.9
249,169,1,66.6908,15.3487,69.9299,94.48,53.67
250,169,1,66.6032,15.3961,70.0307,85.56,50.35
251,169,2,346.935,43.9163,59.4222,84.69,52.94
252,169,2,347.073,44.2729,59.422,90.02,54.34
253,169,2,346.301,44.0882,59.9745,91.21,47.35
254,169,0,0,0,0,0,35.8
255,169,0,0,0,0,0,49.61
0,170,0,0,0,0,0,54.61
1,170,0,0,0,0,0,57.65
2,170,0,0,0,0,0,56.14
3,170,1,43.0771,39.5964,74.9369,85.57,63.52
4,170,1,43.258,39.4918,74.6806,90.01,54.82
5,170,1,42.837,39.5098,75.0612,89.22,56.29
6,170,1,43.0688,39.5158,74.9044,89.98,57.07
7,170,1,42.5277,39.4771,75.4148,86.61,58.45
8,170,1,42.6837,39.4702,75.1943,88.99,57.56
9,170,1,42.7724,39.7345,75.2061,92.93,57.62
10,170,1,43.0014,39.5344,74.8369,90.78,57.41
11,170,1,42.6836,39.4519,75.2107,91.06,58.33
12,170,1,42.9575,39.6536,75.1183,93.78,58.34
13,170,1,42.8534,39.4619,75.2159,89.8,58.18
14,170,1,43.0012,39.5494,74.8519,91.42,58.32
15,170,1,43.0536,39.5188,74.967,89.57,57.77
16,170,1,42.788,39.501,75.1514,92.61,57.22
17,170,1,42.8529,39.6923,75.0693,94.98,58.2
18,170,1,42.8197,39.4419,75.2069,89.29,57.95
19,170,1,42.8039,39.4555,75.1442,89.07,58.02
20,170,1,42.652,39.4709,75.3632,90.14,57.93
21,170,1,43.0083,39.5122,74.8845,92.16,58.47
22,170,1,42.9737,39.4845,74.9425,93.07,58.12
23,170,1,42.9349,39.6767,74.9657,95.25,57.01
24,170,1,42.6607,39.5037,75.3186,88.6,58.11
25,170,1,42.821,39.6699,75.1021,93.72,58.29
26,170,1,42.7524,39.7041,75.2789,92.13,58.36
27,170,1,42.8089,39.4782,75.1409,87.81,57.96
28,170,1,42.8197,39.6791,75.1158,91.95,57.45
29,170,1,42.8233,39.4441,75.2033,90.54,58.2
30,170,1,42.863,39.4452,75.157,89.58,58.77
31,170,1,42.9338,39.5061,74.9053,90.61,57.73
32,170,1,42.5364,39.4984,75.3967,86.42,58.21
33,170,1,42.801,39.4548,75.2102,91.04,58.23
34,170,1,42.7295,39.4835,75.1727,91.2,58.02
35,170,0,0,0,0,0,51.88
36,170,1,290.212,12.4477,62.9325,92.16,52.33
37,170,1,290.257,12.4666,62.9025,91.89,53.17
38,170,1,290.216,12.4993,62.9074,92.89,51.66
39,170,1,290.148,12.4514,62.9496,93.42,52.06
40,170,1,290.136,12.4695,62.9598,91.24,52.29
41,170,1,290.178,12.4894,62.9301,92.08,52.62
42,170,1,290.214,12.4896,62.9577,91.9,52.77
43,170,1,290.267,12.4984,62.8567,95.25,53.7
44,170,1,290.099,12.4914,62.9904,89.13,53.29
45,170,1,290.03,12.4814,63.0147,93.14,53.61
46,170,1,290.059,12.5309,63.084,93.58,53.87
47,170,1,290.198,12.5227,62.9051,92.66,54.23
48,170,1,290.232,12.5103,62.9336,92.31,52.66
49,170,1,290.153,12.5084,62.8774,92.74,54.16
50,170,1,290.136,12.4892,63.0176,92.99,53
51,170,1,290.229,12.5118,62.9733,92.86,53.43
52,170,1,290.16,12.5199,62.996,90.03,53.26
53,170,1,290.091,12.5135,62.9967,93.39,53.59
54,170,1,290.177,12.5091,63.008,91.53,52.73
55,170,1,290.046,12.5049,62.9755,92.86,53.13
56,170,1,290.158,12.5267,62.9568,92.18,53.86
57,170,1,290.152,12.5427,63.0357,93.76,53.03
58,170,1,290.138,12.5329,62.9313,94.22,53.44
59,170,1,290.084,12.5118,63.0555,94.92,53.6
60,170,1,290.033,12.5498,63.0784,90.53,52.35
61,170,1,290.059,12.5341,63.0644,93.67,52.97
62,170,1,289.988,12.5265,63.1088,89.6,53.77
63,170,1,290.013,12.527,63.0564,90.76,52.46
64,170,0,0,0,0,0,52.03
65,170,1,155.246,38.6763,51.5206,92.01,54.87
66,170,1,155.224,38.6677,51.4974,87.96,55.24
67,170,1,155.212,38.7033,51.4986,93.79,56.85
68,170,1,155.209,38.6901,51.4895,91.64,57.15
69,170,1,155.26,38.6916,51.4985,94.38,56.3
70,170,1,155.31,38.6852,51.4772,92.09,55.12
71,170,1,155.289,38.6686,51.4841,92.24,56.13
72,170,1,155.253,38.6923,51.4786,91.25,56.33
73,170,1,155.27,38.6839,51.4591,94.42,55.68
74,170,1,155.317,38.6692,51.461,94.68,55.87
75,170,1,155.44,38.6784,51.4136,90.97,57.14
76,170,1,155.399,38.6399,51.4067,92.65,56.68
77,170,1,155.261,38.6793,51.4741,94.2,55.68
78,170,1,155.277,38.6598,51.496,93.02,57.05
79,170,1,155.312,38.6644,51.4689,93.67,56.22
80,170,1,155.188,38.6755,51.4888,93.36,56.87
81,170,1,155.368,38.6446,51.4405,90.54,56.68
82,170,1,155.271,38.7082,51.4612,92.3,56.76
83,170,1,155.338,38.6749,51.4583,95.02,56.09
84,170,1,155.207,38.695,51.4735,93.07,57.09
85,170,1,155.273,38.678,51.4744,90.52,55.99
86,170,1,155.376,38.6667,51.4242,93.05,57.31
87,170,1,155.358,38.6597,51.4221,91.87,57.29
88,170,1,155.384,38.6513,51.4089,89.95,56.66
89,170,1,155.279,38.6728,51.4624,92.65,56.45
90,170,1,155.329,38.6772,51.4111,91.67,57.33
91,170,1,155.3,38.6553,51.4553,91.7,57.06
92,170,1,155.262,38.6631,51.4281,90.36,56.59
93,170,1,155.406,38.6433,51.407,91.1,56.69
94,170,1,155.215,38.6517,51.4738,93.2,56.12
95,170,1,155.373,38.6424,51.3907,90.97,56.64
96,170,1,155.272,38.6655,51.4111,91.58,56.38
97,170,1,155.373,38.6455,51.395,93.71,57.1
98,170,1,155.281,38.6684,51.4249,91.24,56.95
99,170,1,155.297,38.6555,51.399,91.53,56.99
100,170,1,155.156,38.6462,51.4221,81.18,53.68
101,170,1,45.6692,19.4743,11.2086,86.11,56.31
102,170,1,45.6876,19.4354,11.4288,94.18,57.18
103,170,1,45.7729,19.4236,11.3944,93.46,57.66
104,170,1,45.6665,19.4647,11.3638,92.88,57.16
105,170,1,45.6127,19.3943,11.5202,86.07,57.97
106,170,1,45.6397,19.4545,11.3696,94.3,57.46
107,170,1,45.6079,19.4585,11.365,94.47,57
108,170,1,45.5404,19.3982,11.6045,88.38,58
109,170,1,45.627,19.4401,11.4157,95.61,57.66
110,170,1,45.5727,19.4221,11.5172,92.23,57.73
111,170,1,45.5844,19.4277,11.4039,85.74,58.52
112,170,1,45.7344,19.4278,11.4323,91.54,57.67
113,170,1,45.6579,19.3883,11.6046,93.84,56.72
114,170,1,45.6124,19.4414,11.412,94.2,57.86
115,170,1,45.5123,19.3724,11.6873,91.6,58.21
116,170,1,45.6624,19.4062,11.4973,94.51,58.44
117,170,1,45.6287,19.4417,11.4144,93.99,57.38
118,170,1,46.0601,19.0383,11.002,85.23,56.8
119,170,1,45.6483,19.4188,11.3679,93.44,58.02
120,170,1,45.5868,19.4351,11.5466,95.23,58.68
121,170,1,45.535,19.4422,11.4703,96.1,57.63
122,170,1,45.6458,19.4425,11.3725,94.9,58.01
123,170,1,45.6046,19.4073,11.5168,94.42,58
124,170,1,45.6443,19.4008,11.5036,93.5,58.35
125,170,1,45.5974,19.4173,11.453,93.89,57.79
126,170,1,45.5554,19.4164,11.4996,93.68,56.87
127,170,1,45.6526,19.4227,11.3986,94.79,57.95
128,170,1,45.6302,19.3713,11.5081,92.68,58.71
129,170,1,45.6314,19.3996,11.4896,94.37,57.78
130,170,1,45.5558,19.4153,11.425,94.53,57.35
131,170,1,45.5667,19.4141,11.5283,95.23,58.68
132,170,1,45.6404,19.4143,11.3928,94.02,58.41
133,170,1,45.5554,19.3943,11.5617,92.05,57.22
134,170,1,45.6456,19.3925,11.4898,93.7,57.55
135,170,1,45.4369,19.3684,11.6213,88.34,58.38
136,170,1,45.5989,19.425,11.3968,93.38,57.57
137,170,1,45.6242,19.3866,11.4726,93.38,57.8
138,170,1,45.597,19.357,11.5506,93.5,57.98
139,170,1,45.5803,19.383,11.4627,93.59,57.8
140,170,1,45.519,19.3929,11.519,93.88,57.64
141,170,1,45.5301,19.396,11.5014,95.29,57.5
142,170,1,45.6041,19.392,11.4585,93.6,57.35
143,170,1,45.5155,19.3875,11.5566,95.86,57.48
144,170,1,45.449,19.3951,11.6054,96.23,58.15
145,170,1,45.5853,19.3999,11.4967,93.42,58.3
146,170,1,45.9689,19.0112,11.0278,82.61,57.12
147,170,1,45.4528,19.4185,11.5699,93.34,57.68
148,170,1,45.5488,19.3621,11.5413,94.05,57.7
149,170,1,45.5837,19.3776,11.5549,94.64,58.08
150,170,1,45.5137,19.3949,11.4805,93.44,57.26
151,170,1,45.7137,19.3735,11.3141,92.99,58.52
152,170,1,45.3717,19.3748,11.5404,88.23,58.5
153,170,1,45.4341,19.4225,11.5472,92.9,58.03
154,170,1,45.4847,19.3911,11.5637,93.94,57.73
155,170,1,45.4664,19.3822,11.5982,92.83,58.06
156,170,1,45.4065,19.39,11.6224,95.84,57.85
157,170,1,46.7039,18.947,10.3546,72.21,58.73
158,170,1,45.4095,19.3855,11.5629,97.4,57.85
159,170,1,45.5064,19.3644,11.5467,95.26,57.37
160,170,1,45.4444,19.3819,11.5276,94.42,57.86
161,170,1,45.4514,19.3505,11.6279,94.89,57.4
162,170,1,45.5338,19.3683,11.5914,95.34,57.93
163,170,1,45.5567,19.3591,11.5717,94.27,58.81
164,170,1,45.4859,19.3638,11.6711,94.9,58.19
165,170,1,45.3142,19.3092,11.772,86.95,58.11
166,170,1,45.4461,19.358,11.5871,94.13,58.09
167,170,1,45.3731,19.343,11.7069,92.39,56.48
168,170,1,155.451,38.6189,51.1951,89.52,54.75
169,170,1,155.424,38.663,51.1877,88.38,56.2
170,170,1,155.471,38.6775,51.1944,93.01,57.02
171,170,1,155.505,38.7138,51.1441,90.69,57.52
172,170,1,155.603,38.6876,51.0784,91.77,56.38
173,170,1,155.644,38.6672,51.0884,94.32,56.38
174,170,1,155.48,38.6367,51.1214,91.96,56.4
175,170,1,155.618,38.6338,51.0941,92.71,55.88
176,170,1,155.434,38.6174,51.213,93.29,56.75
177,170,1,155.557,38.5897,51.1096,93.86,54.81
178,170,0,0,0,0,0,51.74
179,170,1,160.96,22.2004,56.9365,85.54,54.12
180,170,1,160.947,22.1968,56.9287,90.1,55.54
181,170,1,160.905,22.2001,56.9586,90.97,56
182,170,1,160.823,22.1994,57.0135,92.56,56.03
183,170,1,160.938,22.1803,56.9607,92.82,54.88
184,170,1,161.087,22.1792,56.8698,94.36,56.53
185,170,1,160.898,22.2138,56.9682,91.11,56.42
186,170,1,160.966,22.2252,56.885,90.14,56.36
187,170,1,161.101,22.2679,56.718,84.74,50.29
188,170,1,231.24,44.4083,27.5938,91.94,50.15
189,170,1,231.34,44.4463,27.5342,88.79,51.8
190,170,1,231.34,44.4237,27.5461,88.12,53.32
191,170,1,231.213,44.3701,27.5634,86.87,52.15
192,170,1,231.254,44.4016,27.5386,92.78,51.86
193,170,1,231.335,44.4095,27.5613,89.06,52.56
194,170,1,231.174,44.3782,27.5514,87.24,52.33
195,170,1,231.34,44.4286,27.5401,93.93,49.31
196,170,1,67.0842,15.4362,69.6737,90.89,50.97
197,170,1,66.9265,15.4577,69.8052,92.29,51.52
198,170,1,66.8648,15.4757,69.8081,92.52,53.55
199,170,1,66.9674,15.4633,69.7424,93.59,54.21
200,170,1,67.0184,15.4095,69.588,93.35,54.1
201,170,1,66.8349,15.463,69.8647,91.03,52.79
202,170,1,66.8719,15.4409,69.803,95.48,53.05
203,170,1,66.9087,15.4378,69.765,93.43,53.51
204,170,1,66.7875,15.4585,69.908,93.5,53.64
205,170,1,66.6583,15.4523,70.0227,91.12,52.94
206,170,1,66.9162,15.4019,69.8509,92.39,54.83
207,170,1,66.7415,15.4435,69.8522,94.08,53.87
208,170,1,66.9016,15.4438,69.7652,94.37,54.39
209,170,1,66.9547,15.3867,69.6841,93.02,53.51
210,170,1,66.7502,15.4253,69.9028,93.84,52.63
211,170,1,67.0287,15.3515,69.7779,86.21,54.46
212,170,1,66.8912,15.3581,69.7531,86.21,53.95
213,170,1,66.7497,15.4623,69.8576,94.13,53.53
214,170,1,66.8774,15.3603,69.7707,84.87,54.35
215,170,1,66.8487,15.3788,69.766,95.7,53.75
216,170,1,66.7537,15.3517,69.8521,86.25,53.3
217,170,1,66.8129,15.447,69.808,91.85,53.59
218,170,1,66.7853,15.4249,69.8762,92.73,53.21
219,170,1,66.9243,15.4142,69.7524,91.55,53.33
220,170,1,66.8335,15.3981,69.8576,91.4,53.87
221,170,1,66.7647,15.3634,69.8831,92.12,54.63
222,170,1,66.9385,15.326,69.7039,86.42,54.19
223,170,1,66.7514,15.353,69.8723,88.35,53.92
224,170,1,66.8784,15.3876,69.8042,92.55,54.43
225,170,1,66.7964,15.3836,69.9107,84.24,53.93
226,170,1,66.6996,15.4278,69.9513,93.07,54.13
227,170,1,66.7669,15.386,69.9168,93.42,52.58
228,170,1,66.501,15.4216,70.1403,88.35,54.12
229,170,1,66.6605,15.3913,70.0029,90.81,53.6
230,170,1,66.6199,15.372,69.9407,84.8,53.8
231,170,1,66.7442,15.3392,69.8364,84.88,54.27
232,170,1,66.6478,15.4159,69.9103,93.58,54.85
233,170,1,66.6676,15.3088,69.9733,84.85,53.91
234,170,1,66.7328,15.323,69.8906,95.17,54.24
235,170,1,66.5647,15.3774,70.0322,85.67,52.97
236,170,1,66.7183,15.337,69.8715,91.93,53.93
237,170,1,66.8764,15.3044,69.7604,86.92,54.01
238,170,1,66.6928,15.3895,69.9399,94.23,53.51
239,170,1,66.8594,15.2981,69.8129,90.32,53.91
240,170,1,66.844,15.3033,69.815,84.67,53.88
241,170,1,66.602,15.3955,69.9884,93.08,53.65
242,170,1,66.6898,15.3736,69.8984,92.58,54.25
243,170,1,66.643,15.3891,69.9959,91.18,54.16
244,170,1,66.5256,15.3928,70.0715,86.4,53.96
245,170,1,66.6469,15.3111,69.92,94.42,53.44
246,170,1,66.4976,15.3788,70.1,85.79,54.3
247,170,1,66.5727,15.3592,70.0979,90.41,54.4
248,170,1,66.5942,15.3373,69.9589,86.41,54.51
249,170,1,66.7886,15.2737,69.9157,93.02,52.8
250,170,1,66.7371,15.4037,69.8975,84.41,49.99
251,170,2,346.937,44.047,59.3158,90.36,53.18
252,170,2,346.739,44.1737,59.5944,88.51,53.78
253,170,2,346.626,44.281,59.8299,79.72,46.78
254,170,0,0,0,0,0,35.52
255,170,0,0,0,0,0,52.59
0,171,0,0,0,0,0,55.52
1,171,0,0,0,0,0,58.64
2,171,0,0,0,0,0,53.24
3,171,0,0,0,0,0,61.4
4,171,1,42.8158,39.4353,75.073,88.16,54.21
5,171,1,42.8915,39.4734,75.1376,89.63,56.98
6,171,1,43.0518,39.6672,74.9344,95.67,57.22
7,171,1,42.6722,39.5226,75.2704,89.98,56.64
8,171,1,42.917,39.4853,74.9905,93,58.02
9,171,1,43.0484,39.5215,74.8643,91.85,57.33
10,171,1,42.742,39.4836,75.1375,91.73,57.46
11,171,1,42.5227,39.4929,75.3728,88,57.64
12,171,1,43.0094,39.5197,74.8445,91.48,58.38
13,171,1,42.6652,39.4987,75.3542,88.03,58.37
14,171,1,42.7321,39.4418,75.2368,90.04,57.53
15,171,1,42.999,39.6796,74.9338,94.54,56.64
16,171,1,42.9005,39.6383,75.1086,88.47,58.66
17,171,1,43.0301,39.4947,74.8971,92.29,58.53
18,171,1,42.8923,39.681,75.0845,94.2,57.8
19,171,1,43.0058,39.6445,74.9812,96.27,57.9
20,171,1,42.9671,39.4897,75.0192,91.57,57.56
21,171,1,42.7982,39.7351,75.2315,91.06,57.94
22,171,1,43.0275,39.512,74.8638,92.47,58.48
23,171,1,42.8646,39.6504,75.1529,92.38,58.59
24,171,1,42.9525,39.5072,74.9716,91.82,57.57
25,171,1,42.668,39.6863,75.2841,92.02,57.98
26,171,1,42.7809,39.456,75.1706,89.46,57.28
27,171,1,42.9948,39.5117,74.8581,91.82,58.44
28,171,1,43.0675,39.4887,74.8959,91.92,58.17
29,171,1,42.7799,39.6942,75.2316,93.62,57.84
30,171,1,42.7245,39.4403,75.1481,89.2,58.63
31,171,1,42.575,39.426,75.3577,86.38,58.82
32,171,1,42.9869,39.6252,75.0181,95.71,57.96
33,171,1,43.0499,39.4757,74.8909,91.57,58.2
34,171,1,42.8014,39.4299,75.2252,91.1,58.58
35,171,0,0,0,0,0,52.18
36,171,1,290.271,12.4828,62.9459,91.76,51.63
37,171,1,290.239,12.498,62.9025,92.92,53.31
38,171,1,290.189,12.4942,62.9548,92.56,52.98
39,171,1,290.131,12.5077,62.9946,95.63,53.65
40,171,1,290.139,12.4919,62.9684,91.01,53.03
41,171,1,290.184,12.4565,62.9765,91.38,52.61
42,171,1,290.135,12.4748,62.9695,94.51,53.27
43,171,1,290.179,12.4964,62.9822,92.9,53.04
44,171,1,290.23,12.4982,62.8944,93.15,53.1
45,171,1,290.185,12.4516,62.8395,89.39,52.66
46,171,1,290.183,12.4898,62.8684,93.7,53.08
47,171,1,290.171,12.4945,62.9625,91.01,53.1
48,171,1,290.185,12.4737,62.9082,92.6,51.87
49,171,1,290.112,12.4437,62.8783,92.37,53.77
50,171,1,289.85,12.483,63.175,91.77,53.7
51,171,1,290.158,12.4922,62.9128,90.16,52.64
52,171,1,290.168,12.4965,62.9381,90.62,52.62
53,171,1,290.139,12.5423,62.9576,91.74,53.69
54,171,1,290.112,12.511,63.0444,91.76,53
55,171,1,289.869,12.5054,63.1904,92.25,53.63
56,171,1,290.021,12.5261,63.0753,90.1,53.22
57,171,1,290.059,12.5305,63.1132,89.84,53.19
58,171,1,289.901,12.5252,63.2625,93.9,53.81
59,171,1,289.897,12.5253,63.1924,94.36,54.19
60,171,1,289.944,12.5337,63.1612,88.79,53.34
61,171,1,289.898,12.5455,63.2782,95.2,53.88
62,171,1,290.076,12.5417,63.0181,91.39,52.57
63,171,1,290.076,12.5418,63.0363,92.65,52.53
64,171,0,0,0,0,0,53.13
65,171,1,155.235,38.6948,51.5115,92.26,55.74
66,171,1,155.292,38.6958,51.5069,90.57,55.25
67,171,1,155.302,38.6529,51.4897,95.13,56.15
68,171,1,155.299,38.6788,51.4691,92.76,56.18
69,171,1,155.334,38.7006,51.4726,93.89,56.61
70,171,1,155.199,38.6842,51.5054,94.58,56.15
71,171,1,155.282,38.6897,51.4603,91.09,56.48
72,171,1,155.273,38.6918,51.4755,93.99,56.91
73,171,1,155.306,38.6431,51.4967,93.57,56.32
74,171,1,155.377,38.6677,51.4296,89.88,56.74
75,171,1,155.311,38.6838,51.4756,94.49,55.93
76,171,1,155.273,38.6752,51.4915,93.04,56.09
77,171,1,155.254,38.6745,51.4737,93.02,55.43
78,171,1,155.35,38.6616,51.4554,92.06,56.22
79,171,1,155.369,38.6613,51.4348,93.59,56.77
80,171,1,155.204,38.6599,51.4775,93.51,55.72
81,171,1,155.398,38.6548,51.4178,93.59,56.37
82,171,1,155.192,38.6963,51.4875,90.26,56.81
83,171,1,155.302,38.6808,51.4577,91.57,56.99
84,171,1,155.283,38.6818,51.4579,91.74,56.48
85,171,1,155.287,38.6782,51.4506,92.78,56.47
86,171,1,155.332,38.6679,51.436,90.5,57.26
87,171,1,155.275,38.657,51.4362,93.05,56.2
88,171,1,155.282,38.6771,51.4585,93.11,56.12
89,171,1,155.295,38.6847,51.4376,90.88,56.78
90,171,1,155.521,38.6281,51.3578,93.32,57.48
91,171,1,155.284,38.6778,51.4243,92.02,57.19
92,171,1,155.269,38.6813,51.4486,92.06,56.52
93,171,1,155.151,38.6639,51.4565,90.98,57.18
94,171,1,155.328,38.6582,51.4392,93.99,57.33
95,171,1,155.184,38.6616,51.4649,92.52,56.31
96,171,1,155.43,38.6595,51.3938,92.28,57.26
97,171,1,155.297,38.6695,51.4107,93.98,57.29
98,171,1,155.309,38.6692,51.4118,91.74,57.78
99,171,1,155.32,38.6757,51.3943,88.29,56.72
100,171,1,155.132,38.6378,51.399,82.62,54.9
101,171,1,45.6465,19.4475,11.3797,94.75,56.59
102,171,1,45.7539,19.4266,11.3083,94.51,57.76
103,171,1,45.6635,19.4459,11.381,94.69,57.31
104,171,1,45.7176,19.4575,11.3486,92.35,56.88
105,171,1,45.5135,19.4147,11.6148,93.34,58.39
106,171,1,45.6532,19.4396,11.4267,94.05,56.99
107,171,1,45.5662,19.3685,11.5179,87.08,57.81
108,171,1,45.5859,19.4507,11.4848,93.36,57.24
109,171,1,45.6222,19.3963,11.4265,87.44,58.26
110,171,1,45.762,19.3929,11.3443,93.49,58.62
111,171,1,45.5879,19.4433,11.4552,93.96,57.62
112,171,1,45.6235,19.4206,11.3852,87.76,78.89
113,171,1,45.6082,19.4396,11.4527,94.89,56.6
114,171,1,45.6717,19.4092,11.3836,94.57,57.98
115,171,1,45.575,19.4083,11.5854,97.09,57.32
116,171,1,45.556,19.4514,11.4038,90.84,57.06
117,171,1,45.6608,19.3909,11.4764,93.49,58.13
118,171,1,45.6274,19.4512,11.3624,95.37,57.98
119,171,1,45.675,19.3946,11.4521,95.34,57.64
120,171,1,45.7149,19.399,11.4454,91.85,58.16
121,171,1,45.4645,19.3823,11.616,88.25,58.23
122,171,1,45.5684,19.4371,11.4731,92.77,57.8
123,171,1,45.6425,19.441,11.3821,94.63,57.82
124,171,1,45.4982,19.3957,11.5677,88.58,58.59
125,171,1,45.6207,19.388,11.4813,94.53,58.62
126,171,1,47.1638,19.0986,9.97045,79.84,57.84
127,171,1,45.5845,19.4212,11.4719,95.42,57.28
128,171,1,45.6087,19.3857,11.5632,93.77,57.64
129,171,1,45.4875,19.349,11.6542,87.61,58.53
130,171,1,45.5629,19.4324,11.4589,93.5,57.88
131,171,1,45.5898,19.4167,11.4471,94.32,56.97
132,171,1,45.6272,19.4164,11.4039,94.27,58.14
133,171,1,45.4672,19.3644,11.613,86.8,58.12
134,171,1,45.5052,19.4096,11.4553,94.56,57.27
135,171,1,45.5136,19.4051,11.5199,92.48,56.99
136,171,1,45.5916,19.4005,11.4541,95.07,57.7
137,171,1,45.6089,19.3773,11.5068,95.15,57.7
138,171,1,45.5453,19.4005,11.4874,92.54,57.77
139,171,1,45.6318,19.3704,11.447,93.13,58.38
140,171,1,45.4933,19.3817,11.6081,86.69,57.92
141,171,1,45.3678,19.4332,11.6571,94.43,57.21
142,171,1,45.5601,19.3789,11.615,94.09,58.24
143,171,1,45.5421,19.4102,11.5037,95.21,57.25
144,171,1,45.5451,19.3931,11.5595,96.16,58.44
145,171,1,45.5455,19.3967,11.5292,93.17,58.12
146,171,1,45.4122,19.4056,11.565,93.15,58.11
147,171,1,45.4906,19.3873,11.5826,94.41,58.52
148,171,1,45.5247,19.4092,11.5099,93.8,57.03
149,171,1,45.448,19.3532,11.5446,86.51,58.88
150,171,1,45.4545,19.3691,11.6357,94.18,57.66
151,171,1,45.488,19.3749,11.6455,96.43,57.91
152,171,1,45.3906,19.3466,11.6414,86.46,58.54
153,171,1,45.4592,19.3856,11.6469,93.85,57.79
154,171,1,45.5658,19.3323,11.5362,96.56,57.44
155,171,1,45.3477,19.358,11.7209,93.92,58.19
156,171,1,45.3881,19.4354,11.49,88.81,57.57
157,171,1,45.3804,19.3734,11.738,94.04,57.54
158,171,1,45.4641,19.3527,11.6778,93.49,58.14
159,171,1,45.3971,19.3764,11.5916,95.61,57.4
160,171,1,45.361,19.37,11.8116,95.42,57.82
161,171,1,45.3836,19.3459,11.6724,87.43,58.55
162,171,1,45.4303,19.3514,11.6092,87.11,58.8
163,171,1,45.4497,19.3602,11.5476,92.67,58.69
164,171,1,45.4312,19.3852,11.6573,97.7,58.59
165,171,1,45.3917,19.3456,11.7483,94.24,57.73
166,171,1,45.4033,19.3624,11.6192,95.48,58.15
167,171,1,45.481,19.3228,11.6056,94.61,56.08
168,171,1,155.277,38.6482,51.2529,84.9,53.67
169,171,1,155.46,38.6439,51.1872,90.37,56.23
170,171,1,155.421,38.6604,51.2117,92.04,54.62
171,171,1,155.472,38.6999,51.1318,91.02,56.11
172,171,1,155.527,38.6989,51.0834,92.12,56.14
173,171,1,155.545,38.677,51.0982,92.82,57.28
174,171,1,155.507,38.6376,51.1228,92.25,56.46
175,171,1,155.523,38.6151,51.139,89.91,56.18
176,171,1,155.479,38.6117,51.15,90.17,55.87
177,171,1,155.628,38.5721,51.0705,84.13,52.6
178,171,1,160.887,22.1826,57.0219,90.68,52.31
179,171,1,160.733,22.2087,57.0799,93.84,55.48
180,171,1,160.961,22.2243,56.9146,88.12,54.87
181,171,1,160.896,22.2169,56.9477,91.88,56.31
182,171,1,161.175,22.2057,56.8023,89.16,55.22
183,171,1,160.868,22.216,56.9352,88.58,55.66
184,171,1,161.119,22.2013,56.8249,90.93,55.16
185,171,1,160.853,22.2116,56.9778,92.38,55.19
186,171,1,161.105,22.183,56.8738,91.48,52.42
187,171,0,0,0,0,0,48.81
188,171,1,231.162,44.4186,27.6497,92.92,51.43
189,171,1,231.199,44.4304,27.5803,94.3,54.35
190,171,1,231.122,44.4219,27.6179,92.87,54.29
191,171,1,231.142,44.4056,27.6247,89.48,54.87
192,171,1,231.17,44.4205,27.6019,93.72,54.51
193,171,1,231.272,44.4233,27.5542,92.87,54.69
194,171,1,231.13,44.4168,27.6069,92.95,55.78
195,171,1,231.224,44.4299,27.5349,94.75,52.88
196,171,1,67.1066,15.5202,69.4723,84.6,50.13
197,171,1,66.9173,15.4571,69.697,93.9,52.77
198,171,1,66.7992,15.4838,69.8656,92.98,53.1
199,171,1,66.9584,15.4002,69.7579,84.88,53.59
200,171,1,66.8428,15.4352,69.9208,90.44,52.34
201,171,1,66.9869,15.4064,69.7086,88.36,54.07
202,171,1,66.9,15.4486,69.7947,92.96,53.48
203,171,1,66.9636,15.4286,69.736,95.39,53.86
204,171,1,66.967,15.3732,69.7551,94.87,54.31
205,171,1,66.9597,15.3855,69.6686,83.26,52.83
206,171,1,66.7876,15.4282,69.9032,93.86,54.06
207,171,1,66.6788,15.4563,69.9749,84.9,54.53
208,171,1,67.0032,15.3739,69.6876,91.87,53.11
209,171,1,66.9405,15.3982,69.6848,92.97,53.82
210,171,1,66.7561,15.4158,69.9511,91.84,53.86
211,171,1,66.7677,15.4184,69.884,86.1,53.09
212,171,1,66.6976,15.4255,69.9564,84.77,52.95
213,171,1,66.721,15.4295,69.925,82.52,53.59
214,171,1,66.6188,15.4393,70.0356,93.65,54.31
215,171,1,66.6961,15.4391,69.9511,92.1,53.86
216,171,1,66.7577,15.4394,69.8244,94.2,53.78
217,171,1,66.8194,15.4343,69.7825,93.86,54.69
218,171,1,66.9954,15.3016,69.7508,90.47,53.89
219,171,1,66.9097,15.3356,69.7282,87.46,53.3
220,171,1,66.9396,15.3531,69.6891,84.3,53.67
221,171,1,66.7892,15.4112,69.8972,93.29,53.36
222,171,1,66.8371,15.3656,69.7602,94.87,53.45
223,171,1,66.7344,15.3644,69.8397,91.88,53.88
224,171,1,66.7273,15.3522,69.8134,85.83,53.61
225,171,1,66.8171,15.396,69.8922,92.55,53.33
226,171,1,66.6525,15.4453,69.9706,92.97,54.57
227,171,1,66.8298,15.3663,69.8817,92.69,54.01
228,171,1,66.8524,15.3395,69.8126,93.87,53.02
229,171,1,66.7977,15.3905,69.79,92.83,53.86
230,171,1,66.4187,15.434,70.1912,88.35,53.35
231,171,1,66.8003,15.3497,69.8243,93.36,53.65
232,171,1,66.697,15.3788,69.9629,91.39,54.43
233,171,1,66.7345,15.3831,69.889,94.68,55
234,171,1,66.7259,15.3331,69.8316,86.09,54.06
235,171,1,66.7335,15.3294,69.8448,85.9,53.16
236,171,1,66.5487,15.4062,70.0975,93.7,53.42
237,171,1,66.5777,15.3455,69.9436,94.38,54.36
238,171,1,66.8321,15.3247,69.7916,91.68,55.18
239,171,1,66.7007,15.3652,69.9436,93.04,53.52
240,171,1,66.9463,15.3073,69.7481,90.3,54
241,171,1,66.6383,15.3253,69.9327,83.79,53.57
242,171,1,66.5965,15.3699,70.02,87.17,53.65
243,171,1,66.5106,15.3784,70.1535,90.51,54.01
244,171,1,66.6431,15.3634,69.9759,93.37,53.33
245,171,1,66.7505,15.2896,69.8563,86.35,54.07
246,171,1,66.6477,15.3596,69.975,94.27,54.3
247,171,1,66.8388,15.2843,69.7955,94.95,54.2
248,171,1,66.6777,15.3369,69.9508,85.23,53.45
249,171,1,66.7097,15.3575,69.9699,92.88,53.51
250,171,0,0,0,0,0,49.42
251,171,2,346.939,44.0461,59.4982,91.01,52.82
252,171,2,346.851,44.1065,59.5471,89.79,54.65
253,171,2,346.662,44.1195,59.821,83.57,46.56
254,171,0,0,0,0,0,35.48
255,171,0,0,0,0,0,36.22
0,172,0,0,0,0,0,56.04
1,172,2,191.834,46.3907,65.2328,51.23,57.52
2,172,0,0,0,0,0,55.6
3,172,0,0,0,0,0,60.82
4,172,1,43.1593,39.3416,74.8331,86.81,53.19
5,172,1,43.0815,39.5428,74.8999,89.32,55.6
6,172,1,42.6096,39.507,75.2941,87.94,57.74
7,172,1,42.7271,39.4705,75.188,89.37,57.4
8,172,1,42.9198,39.6853,75.1005,93.13,57.59
9,172,1,42.7532,39.5308,75.0691,89.01,57.25
10,172,1,42.8556,39.4658,75.171,88.63,58.71
11,172,1,43.0558,39.4689,75.0217,92.83,57.95
12,172,1,43.0456,39.6517,74.9621,97.07,57.31
13,172,1,43.1017,39.5594,74.7826,91.53,57.29
14,172,1,43.0514,39.5302,74.884,90.52,57.54
15,172,1,42.8166,39.4799,75.1141,90.2,58.59
16,172,1,42.9993,39.4464,74.983,92.13,57.88
17,172,1,42.9192,39.5048,74.9661,92.54,56.95
18,172,1,42.9954,39.6079,74.9904,95.49,58.07
19,172,1,43.0372,39.5181,74.8346,93.25,57.85
20,172,1,42.814,39.4551,75.1744,89.37,58
21,172,1,42.8552,39.5001,75.1537,91.08,58.24
22,172,1,42.6374,39.4893,75.3629,88.54,57.67
23,172,1,42.6531,39.4937,75.3856,83.15,59.1
24,172,1,42.669,39.3884,75.2529,89.95,58.32
25,172,1,42.6903,39.4632,75.3595,90.29,58.35
26,172,1,42.7813,39.3995,75.1997,86.19,58.18
27,172,1,42.8663,39.6542,75.1306,94.76,58.42
28,172,1,43.0052,39.6254,75.0497,94.12,57.86
29,172,1,42.7514,39.3962,75.1914,86.61,58.04
30,172,1,42.5639,39.4508,75.3549,88.59,58.17
31,172,1,42.9387,39.4664,74.9962,93.45,57.94
32,172,1,42.7496,39.4531,75.164,91.37,58.67
33,172,1,42.9996,39.4333,75.0617,90.6,58.23
34,172,1,43.0485,39.4735,75.022,91.2,58.76
35,172,0,0,0,0,0,52.43
36,172,1,290.138,12.4355,62.9464,91.78,52.37
37,172,1,290.168,12.4482,62.9123,92.81,52.57
38,172,1,290.146,12.4473,62.9539,89.12,52.98
39,172,1,290.249,12.4891,62.8514,92.27,52.28
40,172,1,290.192,12.4928,62.9622,92.36,53.15
41,172,1,290.09,12.43,62.8834,93.9,52.84
42,172,1,290.234,12.4752,62.8954,91.64,52.79
43,172,1,290.211,12.4973,62.9586,93.17,53.15
44,172,1,290.302,12.515,62.7592,92.21,53.09
45,172,1,290.29,12.5125,62.794,90.91,52.88
46,172,1,290.184,12.4833,62.8319,94.25,52.67
47,172,1,290.206,12.5143,62.8557,92.39,52.79
48,172,1,290.085,12.4656,62.9788,94.29,52.28
49,172,1,290.206,12.5032,62.9172,93.66,53.18
50,172,1,290.166,12.5068,62.9637,91.52,52.88
51,172,1,290.163,12.5037,62.9782,92.71,52.92
52,172,1,290.231,12.4974,62.8301,94.37,53.7
53,172,1,290.074,12.5049,63.0563,90.9,53.61
54,172,1,290.103,12.5244,63.056,91.37,52.97
55,172,1,290.043,12.534,63.111,94.11,53.81
56,172,1,290.081,12.5059,62.9845,91.72,53.48
57,172,1,290.098,12.4938,62.9438,92.5,53.11
58,172,1,290.001,12.5348,63.197,94.01,53.8
59,172,1,290.165,12.5735,62.991,93.14,53.12
60,172,1,289.998,12.5637,63.1544,94.75,54.02
61,172,1,290.073,12.5477,63.102,92.49,53.27
62,172,1,290.054,12.5359,63.0434,93.79,52.93
63,172,1,290.083,12.5517,63.045,92.46,52.21
64,172,0,0,0,0,0,52.76
65,172,1,155.358,38.708,51.4617,94.23,54.83
66,172,1,155.202,38.6767,51.4871,94.19,56.26
67,172,1,155.216,38.6839,51.5078,95.17,57.06
68,172,1,155.244,38.6772,51.4918,92.79,56.18
69,172,1,155.332,38.682,51.4701,91.6,56.37
70,172,1,155.205,38.6876,51.496,92.62,56.64
71,172,1,155.255,38.713,51.4907,93,55.87
72,172,1,155.159,38.698,51.4921,94.22,57.24
73,172,1,155.164,38.7001,51.504,92.91,56.34
74,172,1,155.249,38.6606,51.4858,92.33,55.94
75,172,1,155.254,38.6958,51.4765,90.59,56.91
76,172,1,155.311,38.68,51.4738,94.82,56.84
77,172,1,155.336,38.6732,51.4617,92.51,56.85
78,172,1,155.31,38.6601,51.4712,95.27,56.96
79,172,1,155.506,38.6522,51.3597,94.28,57.52
80,172,1,155.41,38.6713,51.4323,91.43,57.36
81,172,1,155.335,38.6839,51.4341,91.57,57.1
82,172,1,155.306,38.6748,51.4824,94.87,56.32
83,172,1,155.337,38.6818,51.4628,90.47,56.22
84,172,1,155.301,38.6749,51.4582,90.64,56.49
85,172,1,155.332,38.6715,51.4692,93.56,58.04
86,172,1,155.42,38.6649,51.4134,89.91,56.46
87,172,1,155.359,38.6737,51.3924,92.36,56.71
88,172,1,155.361,38.6733,51.4196,93.36,56.05
89,172,1,155.301,38.6819,51.4388,91.72,56
90,172,1,155.313,38.6682,51.4342,93.79,56.99
91,172,1,155.256,38.6708,51.4395,89.31,57.25
92,172,1,155.37,38.6666,51.4005,91.42,56.64
93,172,1,155.27,38.6613,51.4137,93.22,56.96
94,172,1,155.289,38.6563,51.4124,89.63,57.44
95,172,1,155.281,38.6655,51.425,92.58,56.51
96,172,1,155.332,38.6856,51.3757,92.17,56.92
97,172,1,155.412,38.6176,51.3471,94.65,56.78
98,172,1,155.347,38.6649,51.4088,90.94,56.83
99,172,1,155.34,38.6619,51.42,93.83,56.67
100,172,1,155.319,38.6612,51.3593,78.13,53.77
101,172,1,45.7328,19.4474,11.3681,93.15,56.73
102,172,1,45.616,19.4746,11.3792,94.18,56.83
103,172,1,45.6724,19.4493,11.3544,94.13,56.87
104,172,1,45.7543,19.4211,11.4474,94.15,57.4
105,172,1,45.6747,19.4354,11.3858,95.68,57.09
106,172,1,45.5681,19.469,11.5252,94.73,56.72
107,172,1,45.5938,19.4506,11.5509,95.65,57.42
108,172,1,45.7223,19.4148,11.3503,95.66,58.37
109,172,1,45.6223,19.4493,11.3485,94.37,57.24
110,172,1,45.7258,19.4167,11.3656,94.4,57.88
111,172,1,45.6793,19.4178,11.3913,91.46,56.87
112,172,1,45.7408,19.4137,11.3369,94.96,57.57
113,172,1,45.5814,19.3853,11.5488,86.4,58.12
114,172,1,45.6165,19.4254,11.4412,94.1,57.61
115,172,1,45.5442,19.4634,11.5287,96.92,57.43
116,172,1,45.5854,19.4337,11.5122,92.82,58.31
117,172,1,45.551,19.3846,11.5782,86.45,58.97
118,172,1,45.5899,19.4203,11.6219,93.25,57.92
119,172,1,45.5415,19.3715,11.5619,95,58.28
120,172,1,45.6436,19.4273,11.5076,95.64,58.34
121,172,1,45.577,19.3993,11.5412,94.11,57.89
122,172,1,45.5623,19.4279,11.4585,94.17,57.57
123,172,1,45.5643,19.4076,11.4938,96.28,57.6
124,172,1,45.6044,19.413,11.4907,95.41,57.73
125,172,1,45.622,19.4209,11.3977,95.13,57.65
126,172,1,45.6118,19.3782,11.4331,93.82,57.95
127,172,1,45.5707,19.4238,11.4895,93.66,58.08
128,172,1,45.4763,19.3945,11.5425,87.94,59.13
129,172,1,45.5214,19.3554,11.5801,86.12,58.8
130,172,1,45.4051,19.3697,11.5892,85.89,58.41
131,172,1,45.4323,19.3693,11.7115,84.63,57.8
132,172,1,45.5423,19.4048,11.627,91.71,57.73
133,172,1,45.512,19.411,11.5642,94.19,57.95
134,172,1,45.5065,19.4194,11.6288,95.05,57.03
135,172,1,45.5822,19.3802,11.5268,94.5,58.27
136,172,1,45.5462,19.3964,11.6212,93.54,57.74
137,172,1,47.0162,19.0912,10.075,82.04,57.99
138,172,1,45.5706,19.3408,11.5296,86.87,58.4
139,172,1,45.665,19.3869,11.4183,94.01,57.8
140,172,1,45.5926,19.3746,11.4856,93.02,58.44
141,172,1,45.4878,19.4109,11.5467,93.94,57.98
142,172,1,45.5986,19.3633,11.4593,96.5,57.77
143,172,1,45.5096,19.3989,11.5224,94.62,57.75
144,172,1,45.5798,19.4167,11.4505,94.23,58.26
145,172,1,45.6401,19.3874,11.3878,94.4,57.88
146,172,1,45.4346,19.4206,11.5648,95.6,57.35
147,172,1,45.4901,19.3996,11.5305,95.43,58.11
148,172,1,45.4314,19.372,11.5855,87.53,58.51
149,172,1,45.4844,19.4104,11.513,93.58,58.03
150,172,1,45.6195,19.3549,11.5286,94.44,58.11
151,172,1,45.4895,19.4039,11.5434,95.01,57.76
152,172,1,45.5257,19.3814,11.515,93.87,58.44
153,172,1,45.4797,19.3798,11.5416,94.69,58.86
154,172,1,45.6116,19.326,11.478,94.35,58.04
155,172,1,45.5195,19.34,11.558,96.24,58.39
156,172,1,45.4569,19.3077,11.6334,88.32,58.47
157,172,1,45.4898,19.3939,11.5161,95.42,58.35
158,172,1,45.3731,19.3901,11.6784,95.78,57.6
159,172,1,45.4051,19.3724,11.5827,94.85,57.42
160,172,1,45.3579,19.3238,11.7112,87.79,58.27
161,172,1,45.4696,19.4471,11.3453,87,58.48
162,172,1,45.3903,19.3787,11.6286,96.46,58.34
163,172,1,45.4239,19.3983,11.5517,93.65,57.84
164,172,1,45.3843,19.3635,11.6676,93.16,57.34
165,172,1,45.363,19.3596,11.6961,96.52,57.89
166,172,1,45.5146,19.3798,11.6218,94.77,58.65
167,172,1,45.4504,19.3779,11.5392,94.03,57.43
168,172,0,0,0,0,0,54.46
169,172,1,155.611,38.6352,51.1732,90.31,54.7
170,172,1,155.422,38.6537,51.189,89.98,56.03
171,172,1,155.574,38.6635,51.1105,90.64,55.61
172,172,1,155.595,38.6429,51.048,90.58,55.3
173,172,1,155.536,38.6839,51.1076,92.58,56.04
174,172,1,155.552,38.6383,51.1115,91.75,56.41
175,172,1,155.462,38.6457,51.1595,90.62,56.9
176,172,1,155.519,38.6004,51.1259,95.61,55.08
177,172,0,0,0,0,0,52.16
178,172,1,160.966,22.1944,56.9287,85.47,54.32
179,172,1,161.036,22.2182,56.8675,90.18,54.94
180,172,1,161.005,22.1695,56.9273,90.14,54.98
181,172,1,161.033,22.2009,56.8925,90.15,55.75
182,172,1,160.958,22.1947,56.9619,94.17,56.57
183,172,1,160.799,22.2019,56.9975,93.58,56.27
184,172,1,160.859,22.2233,56.9477,91.34,55.16
185,172,1,161.112,22.2248,56.8667,88.48,55.97
186,172,1,161.036,22.2161,56.7968,86.92,53.5
187,172,0,0,0,0,0,50.09
188,172,1,231.148,44.4411,27.6306,93.96,53.83
189,172,1,231.292,44.445,27.5754,95.05,54.93
190,172,1,231.197,44.4387,27.6121,93.46,54.11
191,172,1,231.221,44.4288,27.5644,94.43,53.98
192,172,1,231.232,44.4277,27.5764,96.42,55.18
193,172,1,231.134,44.403,27.6064,92.78,54.67
194,172,1,231.187,44.4254,27.6031,94.71,54.65
195,172,1,231.174,44.4332,27.5881,93.9,53.39
196,172,0,0,0,0,0,50.27
197,172,1,66.8862,15.4517,69.8402,84.55,52.49
198,172,1,67.0443,15.4073,69.655,92.46,52.61
199,172,1,67.0175,15.397,69.5791,86.16,52.85
200,172,1,67.084,15.4005,69.5459,83.81,53.69
201,172,1,66.8234,15.4687,69.8405,93.03,53.75
202,172,1,66.9169,15.446,69.833,90.16,53.35
203,172,1,66.9513,15.4167,69.8012,93.95,53.54
204,172,1,66.748,15.4723,69.8149,92.22,54.44
205,172,1,66.9785,15.3485,69.6702,85.97,54.59
206,172,1,66.7017,15.4489,69.9153,86.65,54.47
207,172,1,66.8442,15.4281,69.8117,91.94,54.52
208,172,1,66.8011,15.4521,69.8588,93.06,53.86
209,172,1,66.8958,15.4373,69.7503,91.89,54.56
210,172,1,66.9341,15.3548,69.6952,87.23,53.17
211,172,1,66.837,15.4323,69.78,94.6,54.03
212,172,1,66.7475,15.3639,69.8176,83.98,54.33
213,172,1,66.6826,15.4277,69.9721,85.24,53.91
214,172,1,66.8,15.4175,69.7791,93.37,54.28
215,172,1,66.8494,15.4021,69.8628,84.65,54.61
216,172,1,66.7271,15.4424,69.8933,95.64,53.61
217,172,1,66.8283,15.3403,69.8151,93.72,54.29
218,172,1,66.7161,15.4295,69.8531,91.41,54.08
219,172,1,66.8567,15.3692,69.7908,86.62,54.17
220,172,1,66.8317,15.4065,69.8531,93.24,53.54
221,172,1,66.8609,15.4056,69.8511,90.56,53.67
222,172,1,66.7554,15.4022,69.8808,95.74,53.67
223,172,1,66.7182,15.3786,69.7881,91.98,53.82
224,172,1,66.8451,15.3991,69.8087,91.39,54.17
225,172,1,66.6836,15.4248,69.9031,90.78,53.94
226,172,1,66.7966,15.3453,69.7585,85.86,54
227,172,1,66.951,15.332,69.748,90.89,52.86
228,172,1,66.8106,15.419,69.7499,91.34,54.64
229,172,1,66.9183,15.2946,69.737,82.4,54.27
230,172,1,66.8357,15.3246,69.788,92.71,53.83
231,172,1,66.9002,15.3209,69.7402,91.32,53.84
232,172,1,66.7785,15.3582,69.7585,93.02,53.88
233,172,1,66.785,15.331,69.8037,92.64,54.14
234,172,1,66.8779,15.2971,69.7346,84.22,53.6
235,172,1,66.7369,15.3698,69.939,92.72,54.43
236,172,1,66.8218,15.3545,69.9129,91.18,53.25
237,172,1,66.5984,15.4012,70.0462,93.42,53.88
238,172,1,66.6843,15.3869,69.9262,93.56,54.36
239,172,1,66.7187,15.3583,69.9357,92.04,53.23
240,172,1,66.5796,15.3397,69.975,87.08,53.92
241,172,1,66.6868,15.358,69.9908,93.05,53.59
242,172,1,66.7159,15.2986,69.9159,86.02,53.27
243,172,1,66.7199,15.3526,69.9349,85.88,53.24
244,172,1,66.6867,15.3563,69.9363,92.42,53.55
245,172,1,66.554,15.3664,70.0444,95.35,54.48
246,172,1,66.756,15.3325,69.9537,91.5,53.42
247,172,1,66.5764,15.3691,70.0125,91.82,53.38
248,172,1,66.5954,15.3645,70.0242,94.58,53.85
249,172,1,66.6577,15.3,69.9623,92.91,54.05
250,172,0,0,0,0,0,49.38
251,172,2,346.806,43.9288,59.6353,90.09,52.94
252,172,2,347.031,44.12,59.5848,91.56,54.4
253,172,2,346.735,43.8956,59.8285,87.04,45.92
254,172,0,0,0,0,0,35.13
255,172,0,0,0,0,0,54.23
0,173,0,0,0,0,0,55.25
1,173,0,0,0,0,0,57.28
2,173,0,0,0,0,0,55.01
3,173,0,0,0,0,0,35.73
4,173,1,42.9827,39.2508,74.926,82.77,52.02
5,173,1,42.9368,39.435,75.0593,88.62,56.81
6,173,1,42.9777,39.659,74.954,93.71,57.66
7,173,1,43.066,39.5064,74.896,90.33,57.23
8,173,1,42.6867,39.4515,75.2384,85.72,57.07
9,173,1,42.8936,39.4957,75.03,89.42,57.7
10,173,1,42.9884,39.4978,74.9084,89.49,58.01
11,173,1,42.8248,39.4804,75.1257,88.47,57.47
12,173,1,42.951,39.5326,74.9389,90.24,58.1
13,173,1,42.8097,39.4967,75.1227,90.27,58.02
14,173,1,42.8649,39.4593,75.2045,90.6,58.08
15,173,1,42.9617,39.4363,74.9715,92.7,57.63
16,173,1,42.8353,39.5053,75.0829,90.55,57.34
17,173,1,42.9438,39.6484,74.989,94.72,57.86
18,173,1,42.7907,39.4646,75.1613,90.81,58.78
19,173,1,42.7735,39.4715,75.1616,90.31,57.36
20,173,1,42.6055,39.525,75.3654,86.57,58.43
21,173,1,42.8104,39.4561,75.2054,88.8,57.92
22,173,1,42.7987,39.4826,75.1617,89.72,57.94
23,173,1,42.7903,39.6759,75.0757,95.19,57.47
24,173,1,42.9894,39.4831,74.9252,92.61,57.83
25,173,1,42.6197,39.4899,75.3206,88.26,57.69
26,173,1,42.647,39.7055,75.2491,91.04,57.75
27,173,1,42.8401,39.4931,75.0886,89.42,59.01
28,173,1,42.9934,39.4732,74.9796,93.3,58.32
29,173,1,42.9599,39.487,74.9786,91.1,58.5
30,173,1,42.9657,39.4194,74.9944,90.14,57.62
31,173,1,42.9534,39.4349,74.9515,92.51,58.83
32,173,1,42.7472,39.6509,75.1423,93.51,57.36
33,173,1,42.8692,39.6271,75.1282,92.46,58.2
34,173,1,42.9238,39.4415,75.0043,92.76,57.74
35,173,0,0,0,0,0,54.2
36,173,1,290.096,12.4395,62.9874,92.28,51.59
37,173,1,290.148,12.4525,62.9873,91.04,51.85
38,173,1,290.244,12.4713,62.7314,93.57,53.34
39,173,1,290.129,12.477,63.0008,92.65,52.56
40,173,1,290.098,12.4631,62.9795,91.97,52.54
41,173,1,290.244,12.4903,62.8938,93.67,53.51
42,173,1,290.188,12.4904,62.9311,94.41,52.49
43,173,1,290.189,12.4723,62.9202,92.66,53.64
44,173,1,290.36,12.4926,62.7462,90.5,52.9
45,173,1,290.284,12.5633,62.7865,91.86,53.47
46,173,1,290.236,12.5306,62.8602,94.54,52.28
47,173,1,290.171,12.542,62.9193,92.92,53.81
48,173,1,290.25,12.5015,62.8973,91.76,52.85
49,173,1,290.102,12.5125,62.9247,93.34,52.92
50,173,1,290.009,12.5365,63.1882,94.07,53.91
51,173,1,289.892,12.4972,63.1863,94.34,53.86
52,173,1,290.034,12.4585,62.9117,93.03,52.9
53,173,1,290.101,12.5687,63.0668,93.32,53.05
54,173,1,290.116,12.4916,62.917,91.4,53.47
55,173,1,290.078,12.5333,63.0924,90.49,52.57
56,173,1,290.096,12.5373,63.1198,92.75,53.11
57,173,1,290.083,12.5086,63.0744,90.77,54.06
58,173,1,289.956,12.5029,63.059,90.61,52.78
59,173,1,290.001,12.5336,63.1417,92.12,52.88
60,173,1,290.035,12.566,63.173,94.9,53.77
61,173,1,290.013,12.5349,63.065,90.43,53.33
62,173,1,290.082,12.54,63.01,91.58,53.2
63,173,1,290.106,12.5572,63.0844,89.7,52.78
64,173,1,290.499,12.5578,62.7296,87.75,51.98
65,173,1,155.346,38.7059,51.4856,92.82,54.66
66,173,1,155.308,38.6964,51.4824,95.25,55.66
67,173,1,155.262,38.69,51.4949,93.76,55.52
68,173,1,155.331,38.6847,51.4742,93.46,56.63
69,173,1,155.31,38.7091,51.4787,90.92,56.29
70,173,1,155.381,38.7097,51.4578,91.46,57.1
71,173,1,155.296,38.7063,51.4715,91.68,56.1
72,173,1,155.205,38.6812,51.482,93.36,55.4
73,173,1,155.343,38.6904,51.4531,91.53,55.61
74,173,1,155.246,38.678,51.487,90.6,56.52
75,173,1,155.321,38.6798,51.4557,94.22,55.45
76,173,1,155.321,38.7034,51.4594,90.15,56.2
77,173,1,155.273,38.6667,51.4588,90.23,57.27
78,173,1,155.217,38.6681,51.4913,93.99,56.45
79,173,1,155.302,38.6674,51.455,92.81,56.83
80,173,1,155.299,38.6783,51.4621,93.56,57.22
81,173,1,155.297,38.6823,51.4663,90.14,55.76
82,173,1,155.332,38.6333,51.4531,94.46,56.38
83,173,1,155.26,38.6751,51.4641,91.71,56.1
84,173,1,155.384,38.6712,51.4446,91.63,56.2
85,173,1,155.24,38.6357,51.4389,92.59,57.21
86,173,1,155.4,38.6566,51.4058,95.91,57.89
87,173,1,155.454,38.6738,51.3574,93.49,57.74
88,173,1,155.331,38.6442,51.4384,94.4,56.63
89,173,1,155.425,38.6584,51.3658,93.92,57.98
90,173,1,155.598,38.6201,51.3235,92.97,57.37
91,173,1,155.255,38.6552,51.4372,89.58,57.62
92,173,1,155.347,38.6596,51.4037,95.09,57.36
93,173,1,155.272,38.6508,51.4394,92.05,56.65
94,173,1,155.241,38.6591,51.4617,94.09,56.72
95,173,1,155.32,38.6736,51.4051,92.65,57.78
96,173,1,155.285,38.6701,51.4211,91.96,56.92
97,173,1,155.416,38.6678,51.3867,92.57,56.89
98,173,1,155.282,38.6815,51.4288,89.68,56.75
99,173,1,155.265,38.6674,51.4236,90.57,56.69
100,173,1,155.38,38.6027,51.3045,85.45,54.07
101,173,1,45.7377,19.441,11.3588,91.68,57.92
102,173,1,45.8211,19.4253,11.2936,93.41,57.4
103,173,1,45.643,19.4142,11.5032,88.41,58.43
104,173,1,45.6788,19.4831,11.2196,86.85,57.02
105,173,1,45.6733,19.4123,11.5582,95.85,56.4
106,173,1,45.7025,19.4551,11.3445,94.7,57.75
107,173,1,45.6249,19.3895,11.465,86.84,57.88
108,173,1,45.7024,19.4421,11.3415,93.91,57.67
109,173,1,45.6148,19.4446,11.3919,93.91,57.05
110,173,1,45.6596,19.4437,11.4397,92.83,57.59
111,173,1,45.7186,19.4365,11.3982,95.05,58.05
112,173,1,45.665,19.4297,11.4054,94.06,57.79
113,173,1,45.7886,19.3955,11.3737,95.05,58.08
114,173,1,45.6621,19.4683,11.2142,87.27,57.56
115,173,1,45.5774,19.4413,11.4282,94.98,57.69
116,173,1,45.6109,19.3979,11.5453,92.86,57.83
117,173,1,45.6418,19.4313,11.436,93,58.02
118,173,1,45.7941,19.4006,11.2784,92.11,57.71
119,173,1,45.6032,19.4252,11.4543,94.37,57.35
120,173,1,45.7097,19.4019,11.4145,94.33,58.36
121,173,1,45.5987,19.4278,11.367,93.63,57.67
122,173,1,45.6406,19.3971,11.4438,93.48,58.13
123,173,1,45.5437,19.3873,11.516,87.97,58.39
124,173,1,45.5985,19.3825,11.5094,89.36,58.64
125,173,1,45.5092,19.3812,11.6179,86.6,59.25
126,173,1,45.5951,19.434,11.4015,95.86,57.36
127,173,1,45.5121,19.392,11.5872,96.65,57.12
128,173,1,45.5994,19.3797,11.4619,93.59,58.16
129,173,1,45.5736,19.4183,11.4579,91.85,57.85
130,173,1,45.5674,19.377,11.4921,94.94,57.69
131,173,1,45.7515,19.3869,11.3349,94.22,57.99
132,173,1,45.5037,19.4172,11.5571,95.07,57.55
133,173,1,45.5502,19.4246,11.4697,94.02,58.27
134,173,1,45.6996,19.3779,11.3832,94.77,57.95
135,173,1,45.6944,19.3624,11.4014,95.08,58.11
136,173,1,45.6042,19.4013,11.5217,94.87,57.52
137,173,1,45.5399,19.405,11.4637,96.57,57.95
138,173,1,47.0736,19.0725,10.0523,79.84,58.43
139,173,1,45.5943,19.3568,11.5533,93.59,58.29
140,173,1,45.625,19.3725,11.5131,94.2,58.38
141,173,1,45.4532,19.3498,11.6238,86.81,58.22
142,173,1,45.4346,19.3445,11.7469,86.53,58.35
143,173,1,45.4714,19.4045,11.5245,94.43,57.31
144,173,1,45.5055,19.4611,11.3128,87.67,57.92
145,173,1,45.4637,19.3271,11.6518,87.49,58.7
146,173,1,45.4552,19.3523,11.6641,86.76,59.02
147,173,1,45.5021,19.4056,11.5194,95.14,58.05
148,173,1,45.6038,19.3712,11.5287,94.02,57.81
149,173,1,45.4653,19.3246,11.6285,86.38,58.58
150,173,1,45.578,19.3555,11.5975,94.18,57.95
151,173,1,45.5107,19.3743,11.561,93.88,58.37
152,173,1,45.436,19.3896,11.5614,88.73,58.74
153,173,1,45.4761,19.3657,11.6677,91.94,57.71
154,173,1,45.5847,19.3507,11.5401,93.84,57.47
155,173,1,45.5955,19.3508,11.4781,95.89,57.71
156,173,1,45.4809,19.3638,11.5893,96.03,58.46
157,173,1,45.5076,19.3821,11.5205,95.39,57.82
158,173,1,45.3858,19.3422,11.6277,88.32,58.23
159,173,1,45.3853,19.3217,11.663,88.61,58.38
160,173,1,45.4175,19.3291,11.6544,87.04,58.37
161,173,1,45.4766,19.3342,11.6439,93.91,58.49
162,173,1,45.3725,19.3373,11.6359,86.93,58.72
163,173,1,45.4009,19.4277,11.5126,88.24,57.92
164,173,1,45.448,19.3888,11.5071,95.03,57.66
165,173,1,45.4989,19.346,11.5858,92.95,57.9
166,173,1,45.4344,19.3666,11.5893,93.41,58.03
167,173,1,45.4524,19.358,11.6065,94.42,56.94
168,173,1,45.4434,19.3191,11.6516,93.41,55.34
169,173,0,0,0,0,0,54.1
170,173,1,155.408,38.678,51.2275,79.72,55.39
171,173,1,155.386,38.6488,51.1788,82.57,54.04
172,173,1,155.497,38.6532,51.101,82.59,54.39
173,173,1,155.621,38.6278,51.0524,88.18,53.64
174,173,1,155.687,38.5907,51.0533,90.28,56.29
175,173,1,155.498,38.6203,51.1506,90.98,56.07
176,173,1,155.577,38.6035,51.0753,90.27,52.9
177,173,1,161.147,22.2148,56.8802,92.46,52.24
178,173,1,161.034,22.2071,56.8922,88.07,55.13
179,173,1,160.982,22.2222,56.9032,92.14,54.88
180,173,1,160.909,22.2207,56.9313,88.19,55.93
181,173,1,161.217,22.1987,56.806,87.58,55.35
182,173,1,161.098,22.1951,56.8615,89.68,54.66
183,173,1,160.985,22.2186,56.9066,92.14,55.54
184,173,1,161.119,22.1618,56.9011,92.05,54.17
185,173,1,161.273,22.2379,56.7281,88.78,53.92
186,173,0,0,0,0,0,52.44
187,173,1,62.1882,3.89662,53.0944,90.85,54.06
188,173,1,62.2846,3.78555,53.1067,85.05,55.32
189,173,0,0,0,0,0,56.15
190,173,0,0,0,0,0,55.69
191,173,0,0,0,0,0,54.93
192,173,0,0,0,0,0,56.19
193,173,0,0,0,0,0,54.32
194,173,1,231.296,44.42,27.5588,87.16,54.97
195,173,1,231.197,44.4321,27.5719,93.63,55.37
196,173,0,0,0,0,0,50.46
197,173,1,66.9951,15.4735,69.6327,92.44,50.83
198,173,1,66.7931,15.4718,69.884,83.17,51.07
199,173,1,66.8,15.4752,69.8739,88,53.64
200,173,1,66.9526,15.437,69.7495,93.84,54.41
201,173,1,66.7972,15.4709,69.8756,85.27,53.12
202,173,1,67.0837,15.4043,69.5766,91.76,53.12
203,173,1,66.9054,15.4304,69.8037,90.58,53.42
204,173,1,66.9038,15.4229,69.7944,92.02,53.7
205,173,1,66.9184,15.4284,69.7062,91.07,52.76
206,173,1,67.0392,15.3652,69.6862,92.29,53.23
207,173,1,66.832,15.4306,69.8229,84.93,54.14
208,173,1,67.0242,15.3827,69.737,90.18,53.32
209,173,1,66.7634,15.4073,69.9507,84.81,53.76
210,173,1,66.7718,15.4232,69.925,85.42,53.68
211,173,1,66.8929,15.4187,69.7665,89.98,53.13
212,173,1,66.7938,15.4269,69.8683,93.29,54.64
213,173,1,66.8094,15.4112,69.8581,92.44,53.86
214,173,1,66.9817,15.3743,69.7959,90.61,53.88
215,173,1,66.681,15.4353,69.9906,93.48,53.88
216,173,1,66.8783,15.3618,69.7688,94.9,53.34
217,173,1,66.6793,15.4389,69.9332,93.18,53.24
218,173,1,66.7495,15.4289,69.8299,92.85,52.94
219,173,1,66.8317,15.3963,69.9063,93.92,53.43
220,173,1,66.8072,15.3676,69.7719,85.54,53.55
221,173,1,66.8897,15.397,69.8196,92.04,53.96
222,173,1,66.9304,15.3335,69.7505,90.84,54.78
223,173,1,66.863,15.3256,69.817,86.1,52.58
224,173,1,66.8682,15.3982,69.8416,92.62,54.03
225,173,1,66.7674,15.4008,69.8453,91.63,53.03
226,173,1,66.7783,15.3913,69.9672,92.21,53.76
227,173,1,66.7046,15.4139,69.8899,95.22,54.46
228,173,1,66.5509,15.4046,70.1073,86.49,54.28
229,173,1,66.928,15.3343,69.7344,91.11,53.37
230,173,1,66.6766,15.4123,69.989,94.53,54.5
231,173,1,66.6145,15.4115,69.9287,93.19,53.64
232,173,1,66.8068,15.3428,69.769,93.18,55.13
233,173,1,66.8508,15.3286,69.7717,86.38,54.22
234,173,1,66.7062,15.3472,69.8293,84.72,53.79
235,173,1,66.8666,15.2931,69.789,84.69,53.64
236,173,1,66.6605,15.3959,69.8487,92.48,54.62
237,173,1,66.6939,15.3643,69.9643,85.56,54
238,173,1,66.6081,15.4059,69.9983,93.41,54.49
239,173,1,66.8748,15.2958,69.7778,92.45,54.01
240,173,1,66.6894,15.3196,69.897,93.11,53.72
241,173,1,66.6749,15.3238,69.855,86.6,53.69
242,173,1,66.6847,15.3173,69.9402,91.34,53.9
243,173,1,66.5905,15.3433,70.084,86.08,53.93
244,173,1,66.7561,15.3321,69.9471,93.07,53.93
245,173,1,66.5662,15.3828,70.0357,93.62,54.36
246,173,1,66.6437,15.34,70.0952,86.22,54.14
247,173,1,66.5493,15.3728,70.125,93.89,53.18
248,173,1,66.5329,15.416,70.0276,85.67,53.57
249,173,1,66.6931,15.2831,69.9216,95.64,53.46
250,173,0,0,0,0,0,49.63
251,173,2,347.072,44.032,59.6374,90.66,51.95
252,173,2,347.065,44.0779,59.7003,88.86,54.66
253,173,2,346.972,44.1654,59.6078,81,45.31
254,173,0,0,0,0,0,36.24
255,173,0,0,0,0,0,52.1
0,174,0,0,0,0,0,55.96
1,174,0,0,0,0,0,58.44
2,174,2,191.485,45.8318,66.0211,52.96,53.21
3,174,0,0,0,0,0,36.14
4,174,1,43.1894,39.2454,74.9835,85.86,52.31
5,174,1,42.964,39.4324,75.1103,83.99,57.02
6,174,1,42.8145,39.5057,75.0582,88.01,57.52
7,174,1,42.6813,39.5282,75.261,86.39,56.97
8,174,1,42.9142,39.6665,75.0427,90.95,57.16
9,174,1,42.967,39.4908,74.8963,90.59,57.38
10,174,1,42.8306,39.5068,75.0608,89.61,57.43
11,174,1,43.0515,39.5031,74.8353,91.88,57.63
12,174,1,42.6314,39.5065,75.3108,89.26,58.3
13,174,1,42.8233,39.455,75.1637,90.91,58.87
14,174,1,42.8716,39.6585,75.0619,93.58,58.11
15,174,1,42.8868,39.6683,75.0971,91.6,57.4
16,174,1,43.0061,39.5143,74.8671,93.69,57.53
17,174,1,43.1129,39.4992,74.8702,91.85,58.27
18,174,1,42.7142,39.448,75.2373,88.54,57.49
19,174,1,42.8017,39.4598,75.1895,92.41,57.78
20,174,1,42.6691,39.4195,75.3307,89.35,58.85
21,174,1,42.7537,39.4676,75.1834,91.02,58.07
22,174,1,42.8596,39.6661,75.1043,91.99,57.13
23,174,1,42.9344,39.4784,74.9223,91.98,58.04
24,174,1,43.0641,39.5066,74.8637,93.91,58.12
25,174,1,42.8837,39.6489,74.9528,95.24,57.48
26,174,1,42.6534,39.4772,75.3622,89.33,56.79
27,174,1,42.9219,39.6405,75.1534,93.25,56.93
28,174,1,42.8122,39.457,75.156,89.14,57.98
29,174,1,42.7895,39.452,75.1599,90.13,57.87
30,174,1,42.9702,39.5073,74.9728,94.84,59.29
31,174,1,42.8051,39.6667,75.1201,94.73,58.52
32,174,1,42.8805,39.6533,75.1832,91.47,57.91
33,174,1,43.0318,39.4913,74.8533,92.56,58
34,174,1,42.834,39.4746,75.1732,92,58.61
35,174,1,42.7563,39.5898,75.1866,85.15,53.43
36,174,1,290.187,12.4554,62.9655,94.6,52.13
37,174,1,290.172,12.4949,62.991,92.76,53.04
38,174,1,290.279,12.4684,62.8226,94.02,52.66
39,174,1,290.186,12.454,62.8127,91.52,53.12
40,174,1,290.149,12.4754,62.9815,89.86,52.29
41,174,1,290.208,12.4833,62.9366,94.29,53.87
42,174,1,290.089,12.4413,62.9937,91.04,52.69
43,174,1,290.302,12.4319,62.8006,93.07,52.77
44,174,1,290.504,12.4887,62.674,89.69,51.78
45,174,1,290.395,12.5488,62.7142,91.8,50.33
46,174,1,290.048,12.56,62.9661,92.18,53.02
47,174,1,290.139,12.5607,62.9481,91.05,53.69
48,174,1,290.139,12.5075,62.8697,92.36,53.52
49,174,1,290.034,12.4995,62.9894,93.29,53.71
50,174,1,290.205,12.4983,62.8625,94.45,51.81
51,174,1,290.151,12.5184,62.9671,92.5,52.65
52,174,1,290.217,12.528,62.8785,92.5,53.04
53,174,1,290.069,12.5002,63.0408,92.22,52.61
54,174,1,290.076,12.506,63.0545,91.13,53.22
55,174,1,290.053,12.5194,63.0368,90.84,53.19
56,174,1,289.979,12.4755,63.0812,94.23,53.04
57,174,1,290.088,12.5526,63.0984,93.1,53
58,174,1,290.01,12.5066,63.0553,89.51,52.29
59,174,1,289.928,12.5607,63.2631,93.28,53.81
60,174,1,289.957,12.5307,63.1424,90.98,53.14
61,174,1,289.905,12.5716,63.2457,92.16,53.38
62,174,1,290.031,12.5233,63.0957,88.15,52.73
63,174,1,289.962,12.5158,63.0825,91.62,52.29
64,174,1,290.002,12.5412,63.0695,82.89,53.68
65,174,1,155.268,38.6988,51.4848,88.91,54.33
66,174,1,155.282,38.7229,51.4663,89.01,55.51
67,174,1,155.201,38.7038,51.4849,92.88,56.33
68,174,1,155.321,38.6966,51.4585,91.47,56.34
69,174,1,155.228,38.6979,51.4891,90.42,56.52
70,174,1,155.236,38.6938,51.4755,91.04,56.43
71,174,1,155.267,38.7046,51.4761,90,57.09
72,174,1,155.22,38.7168,51.5059,91.4,56.96
73,174,1,155.229,38.6827,51.4856,89.54,56.59
74,174,1,155.277,38.6972,51.4705,90.84,56.25
75,174,1,155.351,38.691,51.4392,92.21,56.63
76,174,1,155.332,38.6822,51.4696,93.4,57.33
77,174,1,155.314,38.6759,51.4689,94.92,56.44
78,174,1,155.406,38.6834,51.4395,90.32,56.83
79,174,1,155.363,38.67,51.4479,94.77,56.43
80,174,1,155.333,38.6751,51.435,91.54,56.34
81,174,1,155.436,38.6722,51.42,91.97,57.45
82,174,1,155.335,38.6857,51.4328,92.91,56.81
83,174,1,155.183,38.6493,51.4737,89.58,56.68
84,174,1,155.176,38.6819,51.4811,92.8,56.61
85,174,1,155.406,38.6694,51.4057,92.85,56.97
86,174,1,155.294,38.6799,51.4394,90.47,56.51
87,174,1,155.31,38.6839,51.4761,92.8,56.62
88,174,1,155.349,38.6698,51.4389,94.08,56.36
89,174,1,155.233,38.6707,51.4455,91.57,56.77
90,174,1,155.37,38.6741,51.404,93.23,56.75
91,174,1,155.3,38.6804,51.4285,92.06,56.17
92,174,1,155.366,38.6595,51.4092,93.32,55.93
93,174,1,155.319,38.663,51.4234,91.3,57.52
94,174,1,155.251,38.6769,51.4454,94.55,56.61
95,174,1,155.393,38.6606,51.3936,92.36,56.99
96,174,1,155.286,38.6673,51.4197,91.68,56.32
97,174,1,155.355,38.6713,51.398,91.77,57.18
98,174,1,155.353,38.6797,51.4345,94.75,57.32
99,174,1,155.326,38.6522,51.4128,92.25,56.32
100,174,1,155.151,38.6627,51.3961,79.93,53.62
101,174,1,45.6872,19.4424,11.3381,95.06,56.75
102,174,1,45.7926,19.4221,11.3023,93.01,57.69
103,174,1,45.6473,19.4608,11.3639,92.54,58.27
104,174,1,45.7362,19.3972,11.2737,88.85,58.18
105,174,1,45.7194,19.4362,11.3973,95.01,57.08
106,174,1,45.6886,19.3773,11.401,86.34,58.23
107,174,1,45.6867,19.4309,11.3915,93.53,58.38
108,174,1,45.6128,19.4556,11.4149,93.88,57.42
109,174,1,45.7082,19.4315,11.3518,93.36,57.67
110,174,1,45.6696,19.3885,11.4852,87.12,57.76
111,174,1,46.8875,19.0065,10.2091,73.73,58.16
112,174,1,45.6866,19.4318,11.4472,94.62,58.14
113,174,1,45.5921,19.4363,11.4309,95.5,58.09
114,174,1,45.6041,19.4369,11.4931,94.54,57.51
115,174,1,45.593,19.3817,11.5157,87.2,58.34
116,174,1,45.5408,19.3995,11.6495,91.94,57.52
117,174,1,45.6008,19.4418,11.3681,94.34,57.73
118,174,1,45.592,19.4267,11.4658,96.02,57.81
119,174,1,45.5398,19.4453,11.4663,92.3,58.15
120,174,1,45.4756,19.445,11.6197,96.58,56.86
121,174,1,45.5871,19.4251,11.4702,93.9,58.49
122,174,1,45.4879,19.369,11.5911,86.43,58.45
123,174,1,45.57,19.3858,11.6217,95.66,57.54
124,174,1,45.5125,19.4174,11.5193,95.78,57.42
125,174,1,45.5933,19.415,11.4432,92.68,57.6
126,174,1,45.7287,19.3868,11.3569,93.37,57.97
127,174,1,45.5881,19.4278,11.4144,93.62,57.85
128,174,1,45.5731,19.4249,11.4101,93.89,57.98
129,174,1,45.4573,19.4159,11.6329,93.75,57.18
130,174,1,45.5575,19.3983,11.4933,94.31,57.84
131,174,1,45.5638,19.4239,11.4376,95.16,57.95
132,174,1,45.5854,19.4148,11.4695,94.56,57.58
133,174,1,45.4931,19.3725,11.5443,86.53,58.69
134,174,1,45.6967,19.3668,11.3837,93.84,58.48
135,174,1,45.5271,19.4016,11.4687,92.27,58.1
136,174,1,45.6279,19.3857,11.4049,95.94,57.41
137,174,1,45.5604,19.4,11.4353,94.38,57.35
138,174,1,45.5542,19.3726,11.5586,92.88,58.06
139,174,1,45.2943,18.9335,11.6985,77.77,58.43
140,174,1,45.4921,19.3987,11.6186,93,58.05
141,174,1,45.5322,19.3534,11.548,86.66,58.68
142,174,1,45.5618,19.3296,11.4723,87.41,58.38
143,174,1,45.5915,19.4127,11.4383,93.22,58.16
144,174,1,45.6353,19.3548,11.4588,93.91,58.07
145,174,1,45.5702,19.3745,11.5019,93.67,58.5
146,174,1,45.5486,19.383,11.4494,94.93,58.12
147,174,1,45.6071,19.3632,11.5115,93.26,57.87
148,174,1,45.5357,19.3184,11.6016,87.8,58.84
149,174,1,45.489,19.3941,11.5047,96.14,58.53
150,174,1,45.5176,19.3519,11.6625,94.35,57.99
151,174,1,45.5902,19.3489,11.5193,93.25,57.74
152,174,1,45.4633,19.3711,11.611,95.49,57.9
153,174,1,45.4399,19.3129,11.6509,87.44,58.44
154,174,1,45.9298,19.0292,11.1109,84.15,57.72
155,174,1,45.4618,19.3738,11.6275,94.17,58.5
156,174,1,45.4511,19.3835,11.5768,93.23,57.63
157,174,1,45.4683,19.3609,11.6873,95.09,57.83
158,174,1,45.5644,19.3613,11.4438,94.68,58.09
159,174,1,45.4406,19.3734,11.5847,94.62,57.96
160,174,1,45.4746,19.3735,11.5881,96.88,58.52
161,174,1,45.1573,18.9065,11.7414,76.52,58.68
162,174,1,45.4373,19.3564,11.6791,94.31,58.28
163,174,1,45.4109,19.351,11.6438,89.02,58.67
164,174,1,45.3956,19.3361,11.7012,87.43,58.84
165,174,1,45.4179,19.3768,11.6867,94.52,58
166,174,1,45.4914,19.3592,11.5682,93.36,58.25
167,174,1,45.3101,19.303,11.711,86.57,58.86
168,174,1,45.5457,19.3212,11.5931,93.5,56.49
169,174,1,45.4027,19.2933,11.7693,91.44,55.52
170,174,1,45.4813,19.323,11.5994,85.27,54.1
171,174,0,0,0,0,0,53.94
172,174,1,45.296,19.3185,11.7966,93.96,54.98
173,174,1,155.479,38.6137,51.1268,83.73,53.54
174,174,1,155.591,38.6063,51.1176,88.68,54.8
175,174,1,155.646,38.5949,51.0862,91.76,55.39
176,174,0,0,0,0,0,52.34
177,174,1,160.977,22.1978,56.9384,87.11,53.85
178,174,1,160.944,22.2092,56.9343,90.72,54.86
179,174,1,160.985,22.2182,56.9298,89.5,55.6
180,174,1,160.961,22.1704,57.0038,91.67,56.13
181,174,1,160.98,22.2109,56.9131,90.84,56.51
182,174,1,160.995,22.2047,56.8932,90.42,54.95
183,174,1,161.799,22.3776,56.1756,78.65,54.16
184,174,1,161.315,22.2276,56.6216,85.45,54.74
185,174,0,0,0,0,0,52.26
186,174,1,62.273,3.83179,53.1982,86.47,56.44
187,174,1,62.1751,3.8464,53.2529,92.79,56.93
188,174,1,62.1038,3.81042,53.3431,95.82,57.17
189,174,1,62.1601,3.76706,53.3232,94.51,57.25
190,174,1,58.1294,3.95151,57.2165,85.43,58.22
191,174,1,62.7176,3.87046,52.6984,94.98,57.72
192,174,1,61.4104,3.86223,53.9952,92.89,56.73
193,174,1,62.334,3.83461,53.0002,94.97,56.28
194,174,0,0,0,0,0,56.62
195,174,0,0,0,0,0,54.85
196,174,1,61.1851,3.80868,54.1927,88.34,53.78
197,174,0,0,0,0,0,51.53
198,174,1,67.092,15.4558,69.5494,91.54,50.59
199,174,1,66.9754,15.4526,69.6937,92.54,52.8
200,174,1,67.0071,15.4273,69.7483,90.24,51.95
201,174,1,66.9239,15.4333,69.7672,91.8,53.9
202,174,1,66.952,15.4008,69.6649,96.07,53.52
203,174,1,67.0115,15.3856,69.6449,94.08,53.02
204,174,1,66.742,15.4423,69.8947,84.45,54.31
205,174,1,66.8697,15.4409,69.8719,84.62,54.11
206,174,1,66.8238,15.4215,69.8723,85.58,54.18
207,174,1,66.9906,15.4307,69.7096,93.58,53.97
208,174,1,67.0859,15.3511,69.5841,82.61,53.59
209,174,1,66.9846,15.394,69.5817,91.7,53.67
210,174,1,66.9479,15.3968,69.7988,92.09,53.01
211,174,1,66.9715,15.3833,69.6112,91.68,53.95
212,174,1,66.9656,15.3722,69.6329,92.05,54.08
213,174,1,66.9081,15.3851,69.8541,91.47,53.54
214,174,1,66.7848,15.4181,69.8288,93.37,54.54
215,174,1,66.8283,15.4337,69.8263,93.04,54.5
216,174,1,66.8935,15.3999,69.8354,93.43,53.43
217,174,1,66.6304,15.4424,69.9932,84.01,53.58
218,174,1,66.7804,15.4146,69.8544,96.21,54.63
219,174,1,66.58,15.4631,70.0159,83.93,52.7
220,174,1,66.8939,15.3729,69.7045,92.78,53.96
221,174,1,66.9996,15.3345,69.6616,92.32,54.39
222,174,1,66.7769,15.4072,69.8044,93.97,53.84
223,174,1,66.8811,15.3775,69.8226,93.04,53.05
224,174,1,66.8212,15.4065,69.8636,94.3,53.48
225,174,1,66.743,15.4118,69.8693,93.28,53.66
226,174,1,66.7983,15.3813,69.8615,94.1,53.57
227,174,1,66.826,15.3759,69.8353,92.94,54.53
228,174,1,66.7892,15.3869,69.8535,93.11,54.5
229,174,1,66.7545,15.4101,69.9131,93.05,53.7
230,174,1,66.7325,15.3553,69.8614,90.21,53.85
231,174,1,66.8181,15.3333,69.7678,94.09,54.57
232,174,1,66.8206,15.3345,69.7496,93.72,54.38
233,174,1,66.7833,15.3287,69.8114,87.87,53.3
234,174,1,66.6024,15.4047,70.0617,94.55,53.57
235,174,1,66.6352,15.3758,70.0057,92.52,54.07
236,174,1,66.7086,15.3748,69.9502,93.14,54.18
237,174,1,66.6393,15.4104,69.9562,93.84,53.77
238,174,1,66.5554,15.388,70.0665,92.25,54.2
239,174,1,66.6858,15.334,69.8028,86.7,53.19
240,174,1,66.8692,15.3005,69.7632,86,53.85
241,174,1,66.7813,15.3693,69.8452,94.39,53.49
242,174,1,66.7429,15.3364,69.9056,91.88,53.35
243,174,1,66.546,15.3995,70.1191,86.15,54.16
244,174,1,66.7037,15.3473,70.0104,92.19,53.96
245,174,1,66.7085,15.3341,70.0141,93.49,53.71
246,174,1,66.4997,15.3837,70.141,93.26,53.99
247,174,1,66.6676,15.3345,70.0927,93.24,54.18
248,174,1,66.5844,15.3602,69.9646,92.4,53.53
249,174,1,66.8027,15.2834,69.8233,85.64,52.57
250,174,0,0,0,0,0,49.74
251,174,2,346.783,43.8228,59.7369,91.4,52.74
252,174,2,347.16,43.9885,59.7208,92.6,54.22
253,174,2,346.986,43.9405,59.8376,91.05,46.17
254,174,0,0,0,0,0,35.76
255,174,0,0,0,0,0,53.69
0,175,0,0,0,0,0,55.48
1,175,0,0,0,0,0,59.32
2,175,0,0,0,0,0,55.39
3,175,0,0,0,0,0,36.68
4,175,1,43.3204,39.2969,74.8078,88.3,54.46
5,175,1,42.8232,39.4187,75.2312,87.37,56.41
6,175,1,42.7133,39.5108,75.2512,90.23,57.21
7,175,1,42.9095,39.6842,75.0306,93.14,55.83
8,175,1,42.9871,39.5445,74.8551,91.4,56.96
9,175,1,42.6833,39.4975,75.2914,89.08,57.58
10,175,1,42.9489,39.658,75.0536,92.85,57.45
11,175,1,42.6689,39.5422,75.2967,88.36,57.8
12,175,1,42.8993,39.4826,75.1025,89.62,58.92
13,175,1,42.8527,39.6846,75.0891,94.12,58.35
14,175,1,42.6602,39.7353,75.2608,91.01,58.07
15,175,1,42.587,39.462,75.3774,86.48,57.04
16,175,1,42.9926,39.6173,75.0099,95.72,57.84
17,175,1,42.8313,39.6566,75.1085,92.51,58.1
18,175,1,42.7745,39.4917,75.1229,90.03,56.93
19,175,1,43.0391,39.5069,74.8499,92.5,57.98
20,175,1,42.9858,39.6423,75.1155,93.15,57.62
21,175,1,42.995,39.4886,74.9205,92.95,58.1
22,175,1,42.8749,39.6538,75.1141,91.92,57.31
23,175,1,42.673,39.4966,75.2935,89.89,57.61
24,175,1,42.9651,39.4945,74.9545,92.51,58.19
25,175,1,42.7743,39.4468,75.1762,88.02,58.46
26,175,1,42.7353,39.4573,75.1813,89.93,58.08
27,175,1,42.708,39.6745,75.2562,94.24,59.04
28,175,1,42.7344,39.6892,75.2494,93.79,58.83
29,175,1,42.9348,39.6202,75.1627,91.82,58.09
30,175,1,42.9852,39.6101,75.0081,95.7,58.21
31,175,1,42.9452,39.4628,74.9007,91.73,56.76
32,175,1,42.7781,39.434,75.2109,89.05,58.56
33,175,1,42.728,39.6702,75.2531,93.08,57.92
34,175,1,42.9103,39.6409,74.9626,94.73,57.94
35,175,1,42.6589,39.4078,75.3002,86.06,54.44
36,175,1,290.228,12.4728,62.8653,91.72,52.09
37,175,1,290.145,12.4785,62.9215,93.42,51.6
38,175,1,290.255,12.4907,62.8514,93.48,52.35
39,175,1,290.098,12.4627,63.0224,89.8,52.73
40,175,1,290.212,12.5143,62.9439,92.86,51.98
41,175,1,290.054,12.4786,63.0574,93.28,53.95
42,175,1,290.113,12.4758,62.9988,90.18,52.32
43,175,1,290.303,12.4615,62.8477,94.72,52.01
44,175,1,290.496,12.4438,62.6209,91.41,49.64
45,175,1,290.321,12.5366,62.7815,91.12,48.96
46,175,1,290.03,12.6249,63.1233,90.3,52.13
47,175,1,290.057,12.518,63.0264,93.65,52.56
48,175,1,290.166,12.5091,62.9451,90.58,53.04
49,175,1,290.034,12.5235,63.0919,95.06,52.9
50,175,1,290.224,12.5337,62.8882,93.62,52.67
51,175,1,290.087,12.4962,62.9667,93.53,52.86
52,175,1,290.076,12.4943,63.1287,90.55,52.35
53,175,1,290.049,12.5024,63.065,89.33,52.97
54,175,1,289.955,12.5056,63.1576,92.78,53.79
55,175,1,290.039,12.5112,63.0809,90.65,53.79
56,175,1,290.149,12.5491,62.9585,90.46,52.38
57,175,1,290.102,12.536,63.0573,93.07,52.76
58,175,1,289.93,12.5194,63.1801,90.12,52.91
59,175,1,290.014,12.4834,63.0448,93.81,52.82
60,175,1,290.053,12.5331,63.0823,90.4,52.82
61,175,1,290.016,12.5247,63.0533,91.26,53.63
62,175,1,289.967,12.5678,63.2039,93.54,53.71
63,175,1,290.015,12.585,63.2567,93.75,52.45
64,175,0,0,0,0,0,52.9
65,175,1,155.204,38.724,51.5024,92.01,55.9
66,175,1,155.322,38.6766,51.4452,95.6,56.98
67,175,1,155.25,38.6987,51.4838,91.23,55.85
68,175,1,155.234,38.699,51.4801,93.33,56.13
69,175,1,155.24,38.6801,51.5061,93.17,55.24
70,175,1,155.317,38.7,51.4337,96.04,56.51
71,175,1,155.273,38.7201,51.4809,93.28,55.33
72,175,1,155.392,38.6723,51.4281,91.08,56.54
73,175,1,155.195,38.7042,51.4835,90.17,56.16
74,175,1,155.253,38.6881,51.4771,91.78,56.43
75,175,1,155.317,38.6897,51.4653,92.64,56.63
76,175,1,155.234,38.6983,51.4479,89.98,57.21
77,175,1,155.391,38.6639,51.4375,91.76,56.66
78,175,1,155.23,38.6975,51.4978,92.3,56.69
79,175,1,155.345,38.6721,51.4463,93.71,56.21
80,175,1,155.293,38.6871,51.4411,93.27,56.75
81,175,1,155.325,38.686,51.4504,92.28,56.89
82,175,1,155.159,38.7027,51.4814,93.53,56.47
83,175,1,155.332,38.7004,51.4393,95.55,57.3
84,175,1,155.139,38.6977,51.4931,90.74,56.67
85,175,1,155.362,38.6589,51.442,90.77,56.8
86,175,1,155.419,38.6463,51.4172,91.26,56.71
87,175,1,155.384,38.6721,51.4112,90.57,56.12
88,175,1,155.24,38.653,51.4256,92.57,57.45
89,175,1,155.406,38.6585,51.4035,94.22,56.07
90,175,1,155.395,38.6664,51.4242,93.25,56.94
91,175,1,155.377,38.6709,51.4228,93.18,56.52
92,175,1,155.277,38.6663,51.4347,94.04,56.31
93,175,1,155.33,38.6698,51.4087,91.13,56.46
94,175,1,155.379,38.6408,51.3818,90.55,56.73
95,175,1,155.344,38.699,51.4,94.11,56.34
96,175,1,155.39,38.6378,51.369,93.5,55.82
97,175,1,155.491,38.6307,51.348,90.29,56.16
98,175,1,155.373,38.6561,51.3933,95.61,57.42
99,175,1,155.32,38.6548,51.3918,90.42,55.53
100,175,1,155.367,38.6136,51.3274,80.9,54.01
101,175,1,45.6894,19.4578,11.3211,94.95,56.65
102,175,1,45.6399,19.4755,11.3373,94.37,57.01
103,175,1,45.6552,19.4581,11.3366,92.65,56.79
104,175,1,45.719,19.4211,11.373,92.61,57.3
105,175,1,45.7552,19.4127,11.3394,93.07,57.68
106,175,1,45.6675,19.4159,11.469,92.06,57.79
107,175,1,45.6187,19.4664,11.3746,95.46,57.61
108,175,1,45.6982,19.3715,11.4755,87.29,58.39
109,175,1,45.5873,19.3869,11.4798,85.94,57.89
110,175,1,45.6761,19.4261,11.3454,95.15,57.89
111,175,1,45.7102,19.4158,11.3831,92.64,57.52
112,175,1,45.6454,19.4407,11.3977,95.68,58.19
113,175,1,45.6134,19.4209,11.3877,94.23,57.77
114,175,1,45.6546,19.4152,11.4124,94.09,57.89
115,175,1,45.643,19.4221,11.3957,95.09,57.66
116,175,1,45.5416,19.3906,11.5604,87.45,58.27
117,175,1,45.6645,19.4289,11.4499,92.98,57.57
118,175,1,45.7034,19.3923,11.4187,94.1,57.99
119,175,1,45.6511,19.399,11.4216,93.62,57.64
120,175,1,45.6271,19.4044,11.4812,96.15,58.58
121,175,1,45.656,19.3885,11.4805,92.61,56.91
122,175,1,45.5348,19.4248,11.4532,95.35,58.19
123,175,1,45.6003,19.4226,11.3641,92.33,56.6
124,175,1,45.4363,19.3583,11.7267,86.38,58.47
125,175,1,45.5487,19.3985,11.4702,86.49,58.49
126,175,1,45.5978,19.4057,11.4181,92.23,57.29
127,175,1,45.4871,19.3709,11.595,87.31,58.28
128,175,1,45.5429,19.4094,11.5104,95.54,58.11
129,175,1,45.554,19.3554,11.5485,88.06,58.33
130,175,1,45.4767,19.4917,11.537,86.34,58.25
131,175,1,45.5769,19.3866,11.5031,92.02,58.19
132,175,1,45.5951,19.3971,11.4188,94.04,57.04
133,175,1,45.465,19.3552,11.5706,86.31,58.18
134,175,1,45.6209,19.396,11.3697,92.81,57.58
135,175,1,45.6667,19.3842,11.4343,94.79,58.1
136,175,1,45.6567,19.37,11.5139,93.62,58.17
137,175,1,45.5814,19.3614,11.4756,94.35,57.71
138,175,1,45.597,19.3854,11.4438,96.32,57.82
139,175,1,45.5584,19.3671,11.4294,94.39,57.61
140,175,1,45.4756,19.349,11.602,87.56,58.36
141,175,1,45.4878,19.37,11.6524,94.03,56.9
142,175,1,45.5298,19.3834,11.5357,95.33,57.46
143,175,1,45.6746,19.3682,11.3872,93.67,58.25
144,175,1,45.5897,19.3577,11.5214,94.22,58.15
145,175,1,45.5585,19.368,11.5833,91.63,57.31
146,175,1,46.9406,19.0285,10.2046,80.09,57.89
147,175,1,45.4947,19.3996,11.5373,94.14,57.34
148,175,1,45.5431,19.4387,11.3081,86.07,58.12
149,175,1,45.5324,19.3813,11.4357,95.16,58.41
150,175,1,45.5818,19.3838,11.5816,93.85,58.1
151,175,1,45.4239,19.4034,11.5159,94.24,58.2
152,175,1,45.4819,19.3339,11.6142,87.84,57.74
153,175,1,45.5431,19.363,11.5102,94.22,57.92
154,175,1,45.4776,19.3782,11.5216,87.25,58.61
155,175,1,45.5363,19.368,11.5567,93.06,57.82
156,175,1,45.6202,19.3388,11.4884,94.52,58.76
157,175,1,47.0149,19.0784,10.0191,80.51,58.2
158,175,1,45.4911,19.3534,11.5855,95.02,57.46
159,175,1,45.5515,19.3364,11.554,94.66,58.45
160,175,1,45.4775,19.3808,11.4892,93.97,58.32
161,175,1,45.4641,19.375,11.5434,93.72,58.41
162,175,1,45.9528,18.9704,11.0517,81.76,57.71
163,175,1,45.5021,19.3755,11.4874,95.16,58.44
164,175,1,45.3935,19.3551,11.7025,95.71,58.27
165,175,1,45.4941,19.3468,11.6281,93.95,58.22
166,175,1,45.4508,19.332,11.7706,93.73,58.35
167,175,1,45.4332,19.3438,11.6407,94.77,57.73
168,175,1,45.4716,19.345,11.529,91.55,58
169,175,1,45.3964,19.3643,11.6264,95,57.47
170,175,1,45.4412,19.3035,11.6356,94.84,57.29
171,175,1,45.5933,19.3334,11.5314,94.13,56.94
172,175,1,45.4159,19.3281,11.6284,91.81,56.94
173,175,0,0,0,0,0,54.42
174,175,1,155.445,38.6215,51.1606,92.44,55.2
175,175,1,155.424,38.5987,51.1465,90.93,56.5
176,175,1,160.851,22.2009,56.9895,83.49,51.4
177,175,1,161.054,22.2507,56.8556,92.99,53.94
178,175,1,160.975,22.202,56.9401,91.24,54.59
179,175,1,160.811,22.222,57.0064,91.13,55.14
180,175,1,160.909,22.2111,56.9541,92.28,55.15
181,175,1,161.026,22.2313,56.881,87.65,54.21
182,175,1,161.119,22.2174,56.8336,91.39,53.2
183,175,1,161.286,22.1959,56.725,81.05,53.26
184,175,0,0,0,0,0,54.33
185,175,1,62.1237,3.87522,53.2376,91.97,56.25
186,175,1,62.6101,3.82975,52.8536,93.89,58.14
187,175,1,62.4848,3.83793,52.8683,94.96,58.95
188,175,1,62.1137,3.87539,53.2858,94.22,59.81
189,175,1,62.501,3.88495,52.9157,95.99,58.99
190,175,1,62.4472,3.88072,52.9404,94.78,59.04
191,175,1,62.4835,3.85047,52.8891,96.06,59.51
192,175,1,62.6823,3.79897,52.792,97.42,58.79
193,175,1,61.9424,3.81097,53.43,95.11,58.71
194,175,1,62.2301,3.80571,53.1678,96.09,57.32
195,175,1,62.6163,3.75044,52.8481,95.6,58.47
196,175,1,62.3804,3.81862,52.9672,96.59,57.47
197,175,1,61.9309,3.80171,53.4274,94.49,56.4
198,175,2,61.1457,3.74285,54.2391,71.88,53.64
199,175,0,0,0,0,0,51.84
200,175,1,67.0718,15.3942,69.443,92.17,52.24
201,175,1,66.8991,15.4693,69.7751,92.19,52.4
202,175,1,66.7815,15.4431,69.9061,84.9,53.16
203,175,1,67.0699,15.3406,69.6634,84.75,53.02
204,175,1,67.0949,15.3887,69.6614,91.86,53.72
205,175,1,66.7399,15.5036,69.8671,84.35,54.4
206,175,1,67.1283,15.3242,69.6213,87.19,53.78
207,175,1,67.0178,15.3749,69.6542,93.39,53.18
208,175,1,66.8105,15.4561,69.7972,91.75,53.91
209,175,1,66.7723,15.4321,69.9296,93.67,54.48
210,175,1,66.9418,15.3903,69.803,94.03,53.23
211,175,1,66.8884,15.4152,69.8263,90.92,53.59
212,175,1,66.6611,15.4422,69.9103,85.62,53.43
213,175,1,66.7984,15.4218,69.7818,93.47,54.02
214,175,1,67.0217,15.393,69.6,95.34,54.11
215,175,1,66.8246,15.4131,69.862,92.94,53.58
216,175,1,66.9956,15.374,69.639,91.69,53.91
217,175,1,66.8992,15.3485,69.7066,93.79,53.86
218,175,1,66.7791,15.4265,69.874,94.43,53.47
219,175,1,66.9168,15.3924,69.7161,90.11,53.59
220,175,1,66.6426,15.4299,70.0058,94.53,53.84
221,175,1,66.8128,15.3685,69.8139,83.02,54.47
222,175,1,66.9005,15.3724,69.8204,90.5,54.04
223,175,1,66.8311,15.3918,69.8206,91.46,54.16
224,175,1,66.6842,15.421,70.0022,93.24,53.18
225,175,1,66.9933,15.3391,69.6303,85.77,53.08
226,175,1,66.7701,15.3908,69.9566,91.01,54.15
227,175,1,66.77,15.376,69.911,91.59,54.03
228,175,1,66.9447,15.3916,69.638,95.22,54.89
229,175,1,66.9036,15.3289,69.7765,92.53,53.56
230,175,1,66.6456,15.4182,69.8802,93.54,54.27
231,175,1,66.7504,15.389,69.8782,94.01,53.93
232,175,1,66.8999,15.3519,69.6363,92.99,53.27
233,175,1,66.7738,15.37,69.9092,93.12,54.51
234,175,1,66.738,15.3815,69.975,93.03,53.46
235,175,1,66.6179,15.4172,69.9748,93.26,54.41
236,175,1,66.6404,15.3678,69.8624,93.83,54.26
237,175,1,66.5581,15.39,70.0964,85.29,53.4
238,175,1,66.6272,15.3761,69.958,93.85,53.99
239,175,1,66.9232,15.2941,69.7846,92.24,53.8
240,175,1,66.6586,15.3706,69.948,96.08,54.33
241,175,1,66.7363,15.3166,69.8292,92.72,54.24
242,175,1,66.7065,15.3603,69.9363,91.09,53.2
243,175,1,66.7551,15.3038,69.8254,93.12,54.48
244,175,1,66.5211,15.3694,70.153,93,54.2
245,175,1,66.7882,15.2942,69.8124,92.14,54.87
246,175,1,66.6883,15.3323,69.8638,92.84,53.74
247,175,1,66.603,15.3183,69.8885,84.93,54.56
248,175,1,66.5268,15.3611,70.108,93.62,54.68
249,175,1,66.7646,15.2829,69.848,93.16,52.79
250,175,0,0,0,0,0,49.62
251,175,2,346.965,43.7844,59.6982,89.09,53.51
252,175,2,347.029,43.726,59.8906,93.1,54.46
253,175,2,347.191,43.795,59.8559,91.03,46.02
254,175,0,0,0,0,0,35.88
255,175,0,0,0,0,0,35.91
0,176,0,0,0,0,0,56.39
1,176,0,0,0,0,0,58.1
2,176,0,0,0,0,0,56.19
3,176,0,0,0,0,0,37.21
4,176,1,43.4662,39.3624,74.4889,89.51,54.01
5,176,1,42.9734,39.6191,75.0478,93.04,56.73
6,176,1,42.9264,39.6754,75.03,91.35,57.46
7,176,1,42.8046,39.6735,75.0797,95.25,57.83
8,176,1,42.9566,39.6877,75.0698,92.76,56.77
9,176,1,42.7335,39.7439,75.1901,93.31,57.05
10,176,1,42.9016,39.6519,75.0466,91.19,57.8
11,176,1,42.8389,39.4734,75.0398,90.98,57.55
12,176,1,43.0664,39.5129,74.8424,92.32,57.55
13,176,1,43.0692,39.5089,74.8588,93.5,57.79
14,176,1,42.8174,39.4595,75.1505,87.78,57.68
15,176,1,42.8745,39.658,75.1006,92.14,57.78
16,176,1,43.0154,39.5296,74.8204,92.56,58.18
17,176,1,42.7903,39.5049,75.105,91.42,57.81
18,176,1,42.811,39.6706,75.0928,92.8,57.81
19,176,1,42.6484,39.4802,75.3275,88.93,58.92
20,176,1,42.9409,39.6451,75.1046,92.5,56.93
21,176,1,42.8868,39.6802,75.087,93.11,57.06
22,176,1,42.8987,39.6436,75.0997,92.91,57.38
23,176,1,43.0773,39.5392,74.784,93.18,57.58
24,176,1,43.0296,39.4975,74.8166,90.08,57.73
25,176,1,42.6137,39.4571,75.3411,87.59,58.36
26,176,1,42.9919,39.408,75.0827,92.23,58.02
27,176,1,42.64,39.4697,75.376,89.3,58.41
28,176,1,42.9033,39.6382,75.1145,95.5,57.56
29,176,1,42.6463,39.4915,75.3114,89.04,58.37
30,176,1,42.9014,39.6381,75.1346,91.76,57.89
31,176,1,42.6143,39.43,75.3554,86.1,58.45
32,176,1,42.7625,39.4279,75.1856,88.96,57.95
33,176,1,42.9639,39.5619,74.9463,88.37,57.55
34,176,1,42.8455,39.4218,75.2357,89.85,57.8
35,176,1,42.832,39.648,75.1041,94.66,54.9
36,176,1,290.271,12.4621,62.8505,90.82,50.77
37,176,1,290.201,12.4633,62.9133,92.88,52.82
38,176,1,290.042,12.4449,63.0092,93.63,52.73
39,176,1,290.144,12.4656,62.9879,93.96,53.58
40,176,1,290.221,12.4943,62.9783,92.25,52.1
41,176,1,290.107,12.4711,62.9693,92.9,53.68
42,176,1,290.135,12.4595,62.9615,92.95,53.96
43,176,1,290.32,12.4497,62.7731,93.15,52.98
44,176,1,290.24,12.401,62.8381,90.64,50.34
45,176,1,289.734,12.4533,63.2523,85.47,48.53
46,176,1,289.793,12.5871,63.3049,93.52,50.96
47,176,1,289.952,12.5526,63.1424,92.17,53.57
48,176,1,289.976,12.5377,63.1274,93.74,54.07
49,176,1,290.137,12.5172,63.0274,92.85,52.81
50,176,1,290.096,12.504,62.9896,90.27,52.68
51,176,1,290.114,12.4913,62.9668,90.78,52.95
52,176,1,290.044,12.4919,62.999,92.29,52.99
53,176,1,290.056,12.5193,63.0821,90.78,53.12
54,176,1,290.029,12.5081,63.0358,92.78,53.15
55,176,1,290.081,12.4897,62.9726,91.63,53.16
56,176,1,289.965,12.5076,63.1395,90,53.5
57,176,1,289.936,12.5155,63.1677,89.82,52.91
58,176,1,290.141,12.5309,62.9907,90.71,52.41
59,176,1,289.95,12.543,63.1952,92,52.76
60,176,1,290.107,12.5108,62.958,91.62,53.68
61,176,1,290.016,12.5232,63.0465,90.72,53.47
62,176,1,289.937,12.5283,63.0827,91,51.89
63,176,1,289.882,12.537,63.2346,82.84,52.28
64,176,1,155.265,38.6632,51.5222,92.17,53.55
65,176,1,155.19,38.7183,51.5058,92.91,55.57
66,176,1,155.139,38.6977,51.5145,91.58,56.12
67,176,1,155.328,38.6894,51.48,89.9,54.71
68,176,1,155.263,38.6752,51.4781,94.76,56.21
69,176,1,155.255,38.6916,51.4743,91.75,56.2
70,176,1,155.461,38.6664,51.4177,90.97,57.03
71,176,1,155.287,38.6903,51.4833,92.51,57.31
72,176,1,155.32,38.7119,51.4632,95.04,55.91
73,176,1,155.24,38.6705,51.4845,91.77,56.22
74,176,1,155.292,38.6979,51.4771,91.96,55.75
75,176,1,155.308,38.6989,51.45,88.68,56.42
76,176,1,155.241,38.677,51.4519,91.24,56.55
77,176,1,155.27,38.6863,51.4798,91.11,57.47
78,176,1,155.183,38.7017,51.4826,92.45,57.28
79,176,1,155.279,38.6695,51.4621,91.82,55.73
80,176,1,155.242,38.675,51.4944,91.48,56.52
81,176,1,155.257,38.6983,51.4724,91.8,55.96
82,176,1,155.384,38.6872,51.4146,92.03,56.81
83,176,1,155.251,38.6422,51.4514,91.59,55.85
84,176,1,155.343,38.6802,51.4514,93.59,56.94
85,176,1,155.277,38.6781,51.4557,91.79,56.85
86,176,1,155.241,38.6618,51.4503,91.05,56.44
87,176,1,155.356,38.6551,51.412,91.64,56.76
88,176,1,155.343,38.6633,51.4472,93.32,55.8
89,176,1,155.337,38.6695,51.4598,92.56,56.4
90,176,1,155.267,38.6917,51.4549,90.42,57.22
91,176,1,155.33,38.6927,51.4109,89.48,56.02
92,176,1,155.375,38.6496,51.397,92.98,56.74
93,176,1,155.31,38.6682,51.4099,92.45,56.85
94,176,1,155.405,38.6734,51.4087,91.38,56.28
95,176,1,155.329,38.6741,51.41,91.7,56.79
96,176,1,155.286,38.673,51.4205,91.24,56.3
97,176,1,155.371,38.6612,51.3976,92.08,57.37
98,176,1,155.213,38.6768,51.4499,92.2,56.14
99,176,1,155.369,38.6507,51.4073,93.56,56.26
100,176,1,155.274,38.6652,51.3725,82.88,54.23
101,176,1,45.7709,19.4192,11.3772,94.35,56.3
102,176,1,45.7355,19.4187,11.3748,93.34,57.39
103,176,1,45.7082,19.4507,11.3008,93.26,57.68
104,176,1,45.6539,19.3647,11.411,88.67,58.52
105,176,1,45.6356,19.4304,11.4025,94.85,57.04
106,176,1,45.5878,19.3834,11.6272,84.36,58.32
107,176,1,45.7184,19.4256,11.397,95.35,58.3
108,176,1,45.5776,19.3997,11.5042,86.8,58.62
109,176,1,45.7728,19.4223,11.3354,93.39,58.29
110,176,1,45.6129,19.4559,11.3779,93.66,58.12
111,176,1,45.6133,19.4382,11.3733,94.5,57.61
112,176,1,45.7115,19.3988,11.4486,93.8,58.08
113,176,1,45.5892,19.4483,11.4366,93.7,57.81
114,176,1,45.689,19.4101,11.4543,94.41,57.64
115,176,1,45.6517,19.433,11.3711,94.01,57.42
116,176,1,45.6582,19.4456,11.4774,93.06,58.25
117,176,1,45.5586,19.3874,11.5501,87.08,58.67
118,176,1,45.5701,19.4279,11.4181,85.95,57.97
119,176,1,45.6747,19.3893,11.5004,94.3,57.9
120,176,1,45.6424,19.4151,11.4501,95.69,57.46
121,176,1,45.5016,19.4746,11.3885,87,57.59
122,176,1,45.4768,19.3862,11.6291,86.88,58.65
123,176,1,45.7746,19.3923,11.3138,92.17,57.77
124,176,1,45.6392,19.3931,11.4716,94.44,57.97
125,176,1,45.7006,19.3703,11.4535,94.53,57.94
126,176,1,45.5553,19.4392,11.4495,93.31,57.97
127,176,1,45.5586,19.4664,11.2617,86.95,57.87
128,176,1,45.6616,19.3866,11.4396,94.51,58.15
129,176,1,46.0414,19.0771,10.9763,81.81,57.81
130,176,1,45.5569,19.3472,11.5228,87.9,58.49
131,176,1,45.5648,19.369,11.5841,93.77,58.18
132,176,1,47.1293,19.0895,9.98364,79.93,57.46
133,176,1,47.0928,19.0989,10.0208,81.82,58
134,176,1,45.5808,19.4001,11.4521,93.56,57.35
135,176,1,45.5869,19.393,11.4876,94.38,58.33
136,176,1,45.616,19.3648,11.5703,94.81,58.29
137,176,1,45.6435,19.3651,11.4529,94.83,58.56
138,176,1,45.4669,19.3734,11.5896,95.47,57.54
139,176,1,45.5234,19.3544,11.5775,95.88,57.78
140,176,1,45.5759,19.3785,11.4889,94.21,57.78
141,176,1,45.5447,19.3827,11.5023,93.21,57.42
142,176,1,46.0038,18.9871,11.0619,82.13,57.83
143,176,1,45.6063,19.3715,11.4941,96.33,58.11
144,176,1,45.6065,19.4055,11.4587,95.57,58.02
145,176,1,46.9676,19.0545,10.151,80.5,57.85
146,176,1,45.4955,19.4024,11.5002,94.46,58.03
147,176,1,45.5115,19.3946,11.5011,93.96,58.23
148,176,1,45.5195,19.386,11.5465,92.17,58.33
149,176,1,45.6401,19.3817,11.423,93.78,58.7
150,176,1,45.4974,19.3737,11.5102,94.78,58.05
151,176,1,45.6638,19.3473,11.448,94.97,57.81
152,176,1,45.5301,19.395,11.5566,95.78,57.92
153,176,1,45.5495,19.3754,11.5329,91.75,57.67
154,176,1,45.4982,19.3216,11.5536,87.34,57.99
155,176,1,45.5451,19.3478,11.526,94.03,57.9
156,176,1,45.5599,19.3555,11.5179,96.04,58
157,176,1,45.3618,19.3184,11.7064,88.55,57.72
158,176,1,45.61,19.3477,11.5545,95.14,57.93
159,176,1,45.4895,19.3727,11.5362,95.99,57.73
160,176,1,45.3363,19.4759,11.6127,85.69,58.3
161,176,1,45.5025,19.3572,11.5751,95.12,58.2
162,176,1,45.4266,19.3049,11.641,86.91,58.8
163,176,1,45.4349,19.3625,11.5139,93.67,57.67
164,176,1,46.7132,18.9224,10.3833,74.75,58.09
165,176,1,45.358,19.314,11.6242,87.15,58.87
166,176,1,45.5307,19.3336,11.501,93.3,57.98
167,176,1,45.4563,19.3034,11.5695,88.66,58.56
168,176,1,45.4034,19.3556,11.5621,94.67,57.91
169,176,1,45.661,19.7296,11.5376,78.78,58.41
170,176,1,45.4959,19.3317,11.5703,93.67,58.27
171,176,1,45.4193,19.3589,11.5655,92.91,57.37
172,176,1,46.5705,18.9316,10.4599,74.57,58.51
173,176,1,45.4312,19.2893,11.5855,85.38,54
174,176,1,155.512,38.6272,51.1774,91.86,56.15
175,176,1,155.524,38.5863,51.1011,92.03,53.17
176,176,1,160.908,22.2085,56.9936,89.2,52.64
177,176,1,161.029,22.2528,56.8691,87.32,55.05
178,176,1,161.087,22.198,56.8746,88.34,54.97
179,176,1,161.133,22.2218,56.8303,90.17,55.61
180,176,1,160.926,22.2191,56.9334,90.22,54.03
181,176,1,161.135,22.2421,56.735,88.42,53.91
182,176,0,0,0,0,0,54.24
183,176,0,0,0,0,0,55.72
184,176,1,62.6211,3.83972,52.8823,96.54,56.59
185,176,1,62.3979,3.8762,53.0815,97.34,59.52
186,176,1,62.5718,3.87847,52.8807,96.12,59.03
187,176,1,62.3647,3.87296,53.0678,94.81,59.71
188,176,1,62.4291,3.84272,52.9441,93.83,58.91
189,176,1,62.6538,3.86427,52.7967,95.52,59.72
190,176,1,62.707,3.83251,52.7741,94.9,60.12
191,176,1,62.393,3.85225,52.9613,95.5,59.46
192,176,1,62.1293,3.79641,53.3881,94.83,59.42
193,176,1,62.7502,3.82413,52.6202,96.52,58.29
194,176,1,62.5356,3.8768,52.8434,97.01,58.58
195,176,1,62.4922,3.86713,52.939,96.05,59.32
196,176,1,62.1156,3.83227,53.1898,95.65,59.19
197,176,1,62.5851,3.87147,52.7569,97.41,59.57
198,176,1,62.0442,3.8119,53.3363,93.46,56.22
199,176,1,61.8916,3.8065,53.4841,88.85,55.07
200,176,0,0,0,0,0,52.16
201,176,1,67.216,15.3891,69.371,90.65,50.74
202,176,1,67.0945,15.4193,69.6396,91.49,52.57
203,176,1,66.9911,15.4405,69.6744,92.81,52.89
204,176,1,66.9837,15.3892,69.7304,95.08,54.34
205,176,1,66.9619,15.4166,69.7991,90.66,53.4
206,176,1,66.9434,15.4195,69.7348,95.44,53.63
207,176,1,66.923,15.4289,69.7318,92.14,53.76
208,176,1,66.7955,15.4402,69.8623,84.03,54.45
209,176,1,66.8712,15.4161,69.7971,92.94,53.14
210,176,1,66.8031,15.4199,69.8108,92.53,53.21
211,176,1,66.9301,15.4126,69.8025,93.01,52.79
212,176,1,66.8121,15.4409,69.8974,94.69,53.35
213,176,1,66.9255,15.3529,69.637,85.74,53.65
214,176,1,66.8678,15.4326,69.7769,92.31,53.75
215,176,1,67.0068,15.3922,69.7008,92.08,52.61
216,176,1,67.0072,15.3419,69.7123,94.18,52.63
217,176,1,66.7997,15.4142,69.8501,92.87,53.99
218,176,1,66.9069,15.3797,69.7418,84.75,54.04
219,176,1,66.9299,15.3427,69.716,93.37,53.43
220,176,1,66.9596,15.3251,69.7373,93.58,53.59
221,176,1,66.7343,15.374,69.8827,94.17,53.12
222,176,1,66.9379,15.3361,69.7077,84.2,53.96
223,176,1,66.8946,15.3436,69.7521,92.06,54.12
224,176,1,66.7776,15.3819,69.9089,91.47,53.82
225,176,1,66.7719,15.4003,69.8406,92.23,54.05
226,176,1,66.9785,15.3217,69.6796,91.13,53.4
227,176,1,66.7481,15.3397,69.7885,84.82,53.64
228,176,1,66.8874,15.3232,69.6887,86.57,54.48
229,176,1,66.7258,15.3907,69.98,85.35,54.07
230,176,1,66.7982,15.3544,69.756,95.07,54.16
231,176,1,66.6935,15.402,69.9616,93.55,55.39
232,176,1,66.6643,15.3944,69.9254,95.36,53.16
233,176,1,66.7162,15.3783,69.8915,92.56,53.34
234,176,1,66.6192,15.4054,69.9737,94.43,53.85
235,176,1,66.7194,15.3843,69.8337,92.74,53.97
236,176,1,66.7302,15.382,69.8814,91.65,54.4
237,176,1,66.6956,15.3615,69.7885,92.9,54.41
238,176,1,66.7673,15.3133,69.7579,85.36,53.78
239,176,1,66.8954,15.3323,69.6752,92.74,53.31
240,176,1,66.743,15.3688,69.8991,94.19,54.69
241,176,1,66.6578,15.3751,70.0727,94.72,54.29
242,176,1,66.697,15.3771,69.9696,90.37,54.58
243,176,1,66.7441,15.3031,69.8366,93.5,53.96
244,176,1,66.6379,15.3635,69.9859,94.74,53.76
245,176,1,66.6958,15.3625,69.9081,93.04,54.45
246,176,1,66.8778,15.2668,69.8231,89.88,53.69
247,176,1,66.7285,15.2746,69.9184,86.66,53.68
248,176,1,66.8524,15.2766,69.8329,92.33,52.42
249,176,1,66.7515,15.2891,69.9013,93.52,53.11
250,176,0,0,0,0,0,50.69
251,176,2,347.002,43.8632,59.6627,92.89,54.07
252,176,2,347.151,43.7843,59.84,89.16,55.16
253,176,2,347.117,43.6273,59.9138,91.75,47.18
254,176,0,0,0,0,0,36.65
255,176,0,0,0,0,0,35.45
0,177,0,0,0,0,0,57.21
1,177,0,0,0,0,0,58.98
2,177,0,0,0,0,0,53.55
3,177,0,0,0,0,0,36.93
4,177,1,43.0761,39.2847,74.9992,83.32,53.76
5,177,1,42.7781,39.4603,75.2842,87.83,56.2
6,177,1,43.0155,39.6707,74.8937,96.11,56.5
7,177,1,43.0062,39.5333,74.77,91.56,57.24
8,177,1,42.6894,39.4989,75.3292,86.47,57.14
9,177,1,43.0249,39.4859,74.9486,92.63,58.39
10,177,1,42.6973,39.4887,75.295,89.93,57.64
11,177,1,43.0277,39.5049,74.8206,92.42,58.37
12,177,1,42.7351,39.7439,75.1881,91.87,57.52
13,177,1,42.7553,39.6922,75.2467,92.29,57.88
14,177,1,42.7142,39.7004,75.2542,92.1,57.51
15,177,1,42.825,39.5015,75.094,89.35,57.3
16,177,1,42.8656,39.6689,75.0978,93.34,57.41
17,177,1,42.8834,39.4455,75.1838,90.88,57.15
18,177,1,42.9942,39.6539,75.017,93.92,57.38
19,177,1,42.8831,39.6357,75.1073,93.28,58.15
20,177,1,43.028,39.4407,75.0114,91.33,58.37
21,177,1,42.7147,39.4273,75.2841,85.56,57.64
22,177,1,42.6384,39.4843,75.3398,89.41,58.16
23,177,1,42.6182,39.5197,75.2487,88.08,57.44
24,177,1,42.7164,39.6992,75.2513,93.69,57.56
25,177,1,42.8103,39.4398,75.1963,91.14,57.76
26,177,1,42.7768,39.4357,75.2128,90.31,57.84
27,177,1,42.7439,39.4378,75.1671,91.15,57.12
28,177,1,42.8969,39.6524,75.0821,95.59,57.78
29,177,1,42.9661,39.4984,74.8445,92.72,57.58
30,177,1,42.9838,39.4429,75.0199,91.26,58.19
31,177,1,42.7101,39.7106,75.2327,92.19,57.98
32,177,1,42.9842,39.3894,75.0293,89.39,57.79
33,177,1,42.6116,39.4615,75.3237,87.25,58.25
34,177,1,42.8226,39.4355,75.1812,88.7,57.5
35,177,1,42.9683,39.6214,75.0447,94.55,55.56
36,177,1,290.194,12.3593,62.7938,87.27,51.01
37,177,1,290.164,12.4807,62.9759,91.78,53.45
38,177,1,290.145,12.479,63.0207,91.08,52.7
39,177,1,290.088,12.475,63.0791,92.83,52.65
40,177,1,290.043,12.4417,63.058,89.9,54.03
41,177,1,290.12,12.4711,63.0472,91.8,53.1
42,177,1,290.191,12.4696,62.9399,94.95,52.72
43,177,1,290.133,12.4276,62.9528,93.75,53.85
44,177,1,290.097,12.4129,63.0459,89.64,51.9
45,177,1,289.894,12.4785,63.3586,92.99,50.54
46,177,1,289.726,12.5465,63.3457,89.21,52.6
47,177,1,289.939,12.5601,63.208,89.18,53.01
48,177,1,289.975,12.5126,63.1257,91.93,53.1
49,177,1,290.108,12.4976,62.9338,94.68,52.53
50,177,1,289.924,12.5045,63.189,93.66,53.51
51,177,1,290.061,12.4965,63.0649,92.19,52.55
52,177,1,290.124,12.5369,63.0316,92.88,53.84
53,177,1,290.056,12.492,63.0607,92.31,53.95
54,177,1,289.959,12.5291,63.2032,95.83,53.83
55,177,1,289.962,12.4978,63.0876,90.55,53.42
56,177,1,290.09,12.5369,63.0849,92.5,53.82
57,177,1,290.113,12.504,62.9345,92.97,52.5
58,177,1,289.952,12.512,63.0234,92.94,53.29
59,177,1,290.046,12.5178,62.9964,90.68,53.51
60,177,1,290.051,12.5367,63.0259,91.58,52
61,177,1,290.019,12.5414,63.0925,90.7,52.87
62,177,1,290.041,12.5327,63.2041,94.1,51.28
63,177,0,0,0,0,0,54.71
64,177,1,155.296,38.6929,51.4689,90.55,56.5
65,177,1,155.138,38.7066,51.5368,91.99,55.62
66,177,1,155.272,38.6951,51.4785,91.46,56.06
67,177,1,155.271,38.681,51.4856,92.18,56.1
68,177,1,155.346,38.6976,51.4834,92.65,56.47
69,177,1,155.235,38.679,51.5058,91.85,56.45
70,177,1,155.238,38.6623,51.4854,92.02,56.8
71,177,1,155.204,38.7066,51.4997,92.82,56.42
72,177,1,155.379,38.7068,51.4569,90.75,56.67
73,177,1,155.263,38.6932,51.4933,93.35,55.94
74,177,1,155.33,38.6925,51.4438,90.79,55.64
75,177,1,155.206,38.7019,51.4956,91.36,56.2
76,177,1,155.424,38.683,51.4425,93.62,56.52
77,177,1,155.301,38.6962,51.4612,92.4,55.54
78,177,1,155.263,38.7216,51.4782,90.41,56.63
79,177,1,155.294,38.6915,51.4727,92.54,56.24
80,177,1,155.298,38.6809,51.4645,92.42,56.22
81,177,1,155.245,38.7036,51.4734,92.8,56.75
82,177,1,155.308,38.6833,51.4475,90.81,57.78
83,177,1,155.282,38.7025,51.4426,89.4,56.17
84,177,1,155.379,38.6773,51.4212,93.58,56.49
85,177,1,155.285,38.6766,51.422,92.2,55.83
86,177,1,155.361,38.6835,51.4211,91.21,56.68
87,177,1,155.3,38.6836,51.4608,93.24,56.73
88,177,1,155.297,38.6583,51.4303,94.65,57.18
89,177,1,155.296,38.6527,51.4473,92.14,55.91
90,177,1,155.345,38.672,51.4124,91.98,55.27
91,177,1,155.324,38.6679,51.4187,92.39,57.25
92,177,1,155.326,38.69,51.4175,91.17,57.57
93,177,1,155.315,38.6581,51.4059,88.78,55.73
94,177,1,155.294,38.6692,51.4055,95.3,56.48
95,177,1,155.261,38.6916,51.4121,92.54,56.98
96,177,1,155.343,38.6648,51.4016,93.72,57.04
97,177,1,155.334,38.6626,51.4001,93.35,56.87
98,177,1,155.361,38.6691,51.3881,91.82,56.64
99,177,1,155.359,38.6965,51.378,94.08,57.4
100,177,1,155.21,38.6789,51.4095,82.36,53.32
101,177,1,45.7675,19.4474,11.2598,93.91,56.65
102,177,1,45.7082,19.4291,11.5104,92.64,56.94
103,177,1,45.7518,19.4139,11.34,95.22,57.66
104,177,1,45.6765,19.4364,11.3289,93.56,56.73
105,177,1,45.6793,19.4407,11.3086,92.69,57.55
106,177,1,45.7159,19.4486,11.3666,94.2,57
107,177,1,45.6713,19.4393,11.3717,95.08,57.47
108,177,1,45.6333,19.4425,11.3916,93.38,58.04
109,177,1,45.6498,19.4615,11.3796,93.86,57.46
110,177,1,45.7389,19.4184,11.4078,93.66,58.25
111,177,1,45.6665,19.425,11.41,94.21,57.62
112,177,1,45.6876,19.4405,11.3742,91.9,57.43
113,177,1,45.61,19.4427,11.4147,92.92,58.24
114,177,1,45.561,19.3806,11.504,85.54,58.72
115,177,1,45.59,19.4,11.4918,87.83,58.79
116,177,1,45.4885,19.4862,11.4225,88.07,57.66
117,177,1,47.11,19.1009,9.96818,81.25,58.23
118,177,1,45.715,19.3942,11.4261,92.21,58.5
119,177,1,45.6381,19.414,11.4495,93.49,58.15
120,177,1,45.4937,19.3895,11.5497,87.97,58.85
121,177,1,47.0815,19.0999,10.0502,79.68,57.63
122,177,1,45.6179,19.3793,11.4478,93.54,57.74
123,177,1,45.6579,19.3995,11.4311,93.46,58.39
124,177,1,45.5149,19.4339,11.5318,96.19,57.63
125,177,1,45.5882,19.4019,11.477,92.98,58.15
126,177,1,45.5713,19.3853,11.5759,94.21,58.03
127,177,1,45.6031,19.4067,11.4686,94.6,57.55
128,177,1,45.572,19.3972,11.5046,94.03,58.14
129,177,1,45.6551,19.4172,11.3951,94.44,58.33
130,177,1,45.5397,19.4165,11.5151,94.6,57.26
131,177,1,45.6787,19.376,11.5303,93.79,58.07
132,177,1,45.5519,19.4112,11.527,93.96,57.45
133,177,1,45.5346,19.3468,11.5837,85.59,58.64
134,177,1,45.5736,19.3862,11.5061,93.64,58.22
135,177,1,45.7131,19.3672,11.4227,94.78,58
136,177,1,45.498,19.3908,11.5757,94.61,57.69
137,177,1,45.5591,19.374,11.5045,94.04,57.55
138,177,1,45.5065,19.3421,11.6132,86.8,58.99
139,177,1,45.503,19.4012,11.4819,96.07,58.12
140,177,1,45.5676,19.3892,11.4627,94.11,57.49
141,177,1,45.6251,19.3751,11.4543,95.18,57.71
142,177,1,45.6492,19.3578,11.4642,92.08,57.75
143,177,1,45.5648,19.3743,11.5009,94.6,57.2
144,177,1,45.4618,19.3912,11.5495,93.96,57.63
145,177,1,45.5626,19.3424,11.5881,94.59,58.45
146,177,1,47.0871,19.0572,10.0544,81.52,58.28
147,177,1,45.5532,19.3938,11.515,95.71,57.82
148,177,1,45.5288,19.3961,11.4965,95.73,57.82
149,177,1,45.5183,19.3824,11.5469,93.78,57.8
150,177,1,45.6016,19.3702,11.476,95.44,58.34
151,177,1,45.4167,19.3138,11.6736,88.23,58.72
152,177,1,45.5876,19.3533,11.5226,93.19,58.62
153,177,1,45.4399,19.3153,11.6938,85.02,57.77
154,177,1,45.4853,19.3692,11.521,95.06,57.86
155,177,1,45.495,19.3791,11.4768,94.84,57.68
156,177,1,45.5647,19.3291,11.6053,95.25,58.18
157,177,1,45.4403,19.2987,11.6902,87.48,58.77
158,177,1,45.2608,18.902,11.725,77.63,59.17
159,177,1,45.5852,19.3442,11.5231,92.59,58.77
160,177,1,46.6577,18.9573,10.3165,73.91,58.14
161,177,1,45.5443,19.339,11.5289,96.24,58.08
162,177,1,45.4453,19.3616,11.5219,94.93,56.71
163,177,1,45.4194,19.2917,11.7304,86.02,58.59
164,177,1,45.4649,19.2984,11.5602,87.56,58.26
165,177,1,45.3918,19.284,11.7215,94.52,58.27
166,177,1,45.4182,19.2864,11.631,87.45,58.56
167,177,1,45.5025,19.3228,11.5409,93.71,58.43
168,177,1,45.3652,19.3605,11.5456,95.05,58.09
169,177,1,45.368,19.3079,11.7022,88.19,57.89
170,177,1,45.4071,19.3345,11.6045,88.11,58.96
171,177,1,45.311,19.3196,11.7004,86.31,58.48
172,177,1,45.2205,19.3068,11.8389,92.6,58.43
173,177,1,45.3259,19.2787,11.8236,93.59,55.25
174,177,1,155.401,38.6275,51.194,91.73,55.24
175,177,1,155.532,38.6031,51.1533,90.48,53.23
176,177,1,160.94,22.2379,56.965,89.12,52.18
177,177,1,161.08,22.2118,56.9019,86.98,53.45
178,177,1,160.991,22.1387,56.9858,90.68,52.89
179,177,1,161.754,22.425,56.1883,74.45,52.9
180,177,0,0,0,0,0,53.94
181,177,0,0,0,0,0,54.65
182,177,1,62.5305,3.81496,52.91,95.33,56.79
183,177,1,62.5776,3.91298,52.7726,95.94,59.11
184,177,1,62.6495,3.87688,52.7853,96.22,59.1
185,177,1,62.8743,3.86,52.5499,95,59.26
186,177,1,62.576,3.87174,52.8388,96.62,59.15
187,177,1,62.7948,3.89267,52.5718,95.66,59.47
188,177,1,62.8148,3.86659,52.6014,96.18,59.86
189,177,1,62.4261,3.82965,52.9178,93.69,59.11
190,177,1,62.476,3.83602,52.9615,97.26,59.35
191,177,1,62.7949,3.86664,52.6393,97.3,59
192,177,1,62.6578,3.85495,52.7545,97.1,59.64
193,177,1,62.6638,3.84434,52.729,93.58,60.26
194,177,1,62.5848,3.85346,52.8447,96.16,60.71
195,177,1,62.3941,3.82039,53.0996,94.79,60
196,177,1,62.8649,3.82659,52.507,94.86,59
197,177,1,62.5016,3.83642,52.9782,94.64,59.33
198,177,1,62.4351,3.82511,53.0235,96.4,58.72
199,177,1,62.2187,3.80887,53.1066,95.28,58.3
200,177,1,62.4675,3.85276,52.8766,95.54,55.39
201,177,2,60.6668,3.71902,54.7523,73.21,53.58
202,177,1,67.1133,15.3837,69.473,83.87,51.89
203,177,1,67.0441,15.4498,69.6301,91.17,52.85
204,177,1,66.8039,15.4444,69.8009,91.51,51.92
205,177,1,66.8359,15.4521,69.8136,93.19,52.7
206,177,1,66.9847,15.3735,69.7151,91.69,54.18
207,177,1,66.8843,15.4214,69.9313,92.72,53.19
208,177,1,66.9328,15.4065,69.8022,84.48,53.53
209,177,1,66.8513,15.4339,69.7686,95.21,54.15
210,177,1,67.1115,15.3257,69.5725,82.91,52.6
211,177,1,67.0084,15.3777,69.7326,90.75,53.53
212,177,1,67.1406,15.3508,69.5603,91.75,54.52
213,177,1,66.9129,15.4174,69.7274,92.86,54.06
214,177,1,66.7926,15.4334,69.7963,92.86,54.04
215,177,1,66.6272,15.4372,70.0418,93.22,53.33
216,177,1,66.8376,15.3824,69.8967,92.69,53.38
217,177,1,66.7978,15.4234,69.8358,93.03,54.1
218,177,1,66.7301,15.4112,69.9194,93.28,53.43
219,177,1,67.0279,15.3177,69.6328,82.65,53.87
220,177,1,66.9955,15.3486,69.6321,93.5,54.05
221,177,1,66.9331,15.3538,69.6076,84.74,53.44
222,177,1,66.8168,15.4074,69.8838,90.57,53.07
223,177,1,66.8469,15.3915,69.8423,90.56,53.82
224,177,1,66.7787,15.4077,69.8509,93.31,54.9
225,177,1,66.8017,15.4038,69.8639,94.29,53.7
226,177,1,66.9291,15.3721,69.7481,92.93,53.9
227,177,1,66.896,15.3423,69.7271,94.38,54.09
228,177,1,66.9268,15.3089,69.6886,85.08,54.65
229,177,1,66.8936,15.313,69.7447,89.85,53.65
230,177,1,66.9231,15.3184,69.6974,91.57,52.88
231,177,1,66.4516,15.4343,70.1145,83.41,53.45
232,177,1,66.7992,15.3646,69.8409,93.08,53.61
233,177,1,66.7689,15.3026,69.8858,94.23,55.27
234,177,1,66.5711,15.3925,70.0887,94.36,53.22
235,177,1,66.9348,15.3157,69.6848,93.51,53.19
236,177,1,66.5772,15.3828,69.9993,85.63,53.26
237,177,1,66.6903,15.3882,69.9161,94.21,53.71
238,177,1,66.6994,15.3866,69.8761,91.35,54.13
239,177,1,66.7299,15.339,69.7591,86.81,53.41
240,177,1,66.7469,15.3542,69.9434,93.4,53.61
241,177,1,66.5937,15.3833,69.9891,92.81,53.83
242,177,1,66.5854,15.3688,70.1183,85.14,53.34
243,177,1,66.8581,15.2791,69.7933,85.12,54.11
244,177,1,66.777,15.3647,69.8261,93.28,53.91
245,177,1,66.7841,15.3526,69.921,90.58,53.64
246,177,1,66.7168,15.2978,69.8821,94.66,54.49
247,177,1,66.6937,15.3182,69.8174,95.04,53.54
248,177,1,66.7386,15.3496,69.8495,85.01,54.13
249,177,1,66.6194,15.3374,70.0863,84.49,53.56
250,177,1,66.5736,15.3608,70.0733,86.02,50.89
251,177,2,347.171,44.0713,59.595,80.76,53.07
252,177,2,347.075,43.7668,59.8426,91.28,55.78
253,177,2,347.503,43.8188,59.795,91.75,47.01
254,177,0,0,0,0,0,35.46
255,177,0,0,0,0,0,34.89
0,178,2,335.434,48.2198,27.1475,35.35,54.68
1,178,0,0,0,0,0,58.9
2,178,0,0,0,0,0,54.9
3,178,0,0,0,0,0,36.99
4,178,1,43.1857,39.5617,74.8958,92.22,48.73
5,178,1,43.0125,39.621,75.0578,91.94,55.62
6,178,1,42.7377,39.4655,75.1912,88.12,56.6
7,178,1,42.9112,39.6724,75.0162,94.27,56.7
8,178,1,42.7798,39.4698,75.1331,91.41,57.56
9,178,1,43.1008,39.5147,74.8197,92.71,57.36
10,178,1,43.0359,39.5282,74.8311,89.91,58.7
11,178,1,42.8593,39.6693,75.0572,94.26,57.64
12,178,1,42.5601,39.4726,75.3281,88.64,57.39
13,178,1,42.7708,39.6961,75.2505,93.68,57.31
14,178,1,42.8252,39.48,75.1043,90.73,58.12
15,178,1,42.7356,39.6882,75.2266,94.06,58.19
16,178,1,42.7826,39.7135,75.2109,92.22,56.49
17,178,1,42.7829,39.4551,75.1264,90.33,57.95
18,178,1,42.6229,39.4995,75.2981,89.18,58.26
19,178,1,42.8926,39.6568,75.0881,92.57,57.43
20,178,1,42.871,39.6759,75.0631,94.78,56.99
21,178,1,42.904,39.6616,75.0971,91.73,57.02
22,178,1,42.839,39.649,75.098,93.01,57.61
23,178,1,42.7276,39.4683,75.1506,91.26,57.92
24,178,1,42.7511,39.4516,75.2038,91.8,56.96
25,178,1,42.7701,39.4112,75.1732,89.09,58
26,178,1,42.7264,39.4313,75.1858,90.2,57.95
27,178,1,43.0929,39.481,74.8458,94.21,57.49
28,178,1,42.5795,39.4439,75.3774,88.07,57.67
29,178,1,42.9658,39.6219,74.9995,95.49,58.73
30,178,1,42.8041,39.4132,75.2185,90.77,58.08
31,178,1,42.5659,39.4693,75.3669,89.03,58
32,178,1,42.8773,39.6317,75.1133,93.1,58.13
33,178,1,42.9256,39.4939,74.8461,91.91,57.75
34,178,1,42.6114,39.4689,75.3713,87.01,57.14
35,178,1,42.6448,39.3768,75.3086,87.14,57.02
36,178,0,0,0,0,0,51.74
37,178,1,290.132,12.4779,62.9044,89.79,52.88
38,178,1,290.031,12.4581,62.9708,92.74,52.25
39,178,1,290.049,12.4769,63.1048,90.85,52.96
40,178,1,290.178,12.4762,62.9397,91.49,52.61
41,178,1,290.101,12.5282,63.0636,92.1,53.7
42,178,1,290.09,12.4783,63.0572,94.36,52.61
43,178,1,290.051,12.4203,63.0372,93.99,52.83
44,178,1,289.961,12.4731,63.2103,91.32,52.35
45,178,1,289.774,12.4668,63.2797,92.62,53.14
46,178,1,289.768,12.4778,63.2534,92.44,53.37
47,178,1,290.013,12.521,63.1249,92.01,52.98
48,178,1,289.996,12.4679,63.0258,91.5,53.15
49,178,1,289.998,12.4816,63.0932,89.33,52.01
50,178,1,290.106,12.5096,62.997,93.5,53.75
51,178,1,290.132,12.5316,63.0192,90.07,52.42
52,178,1,290.111,12.5219,62.9977,91.18,53.5
53,178,1,290.081,12.5123,63.0481,91.78,53.59
54,178,1,290.055,12.4711,63.0573,93.64,52.94
55,178,1,290.013,12.5412,63.1772,93.98,53.02
56,178,1,289.981,12.5145,63.0956,93.79,53.5
57,178,1,290.005,12.5072,63.1634,91.46,52.92
58,178,1,289.98,12.5153,63.0749,93.34,53.27
59,178,1,290.121,12.5287,62.8798,92.46,52.4
60,178,1,290.055,12.5457,63.1108,92.82,52.12
61,178,1,290.036,12.5807,63.1386,91.85,52.22
62,178,0,0,0,0,0,53.44
63,178,1,155.256,38.7091,51.5076,91.11,54.19
64,178,1,155.406,38.712,51.4815,93.17,55.98
65,178,1,155.33,38.7057,51.4766,92.41,56.19
66,178,1,155.167,38.6929,51.53,93.62,56.24
67,178,1,155.269,38.6966,51.4629,90.87,55.09
68,178,1,155.243,38.7081,51.497,91.44,56.45
69,178,1,155.228,38.6996,51.4909,91.3,55.16
70,178,1,155.436,38.6667,51.4254,92.45,55.8
71,178,1,155.232,38.6837,51.5206,90.16,56.17
72,178,1,155.274,38.7004,51.475,93.1,56.83
73,178,1,155.338,38.6973,51.4617,93.26,56.05
74,178,1,155.198,38.7072,51.4788,91.13,56.67
75,178,1,155.335,38.7059,51.4367,93.9,56.52
76,178,1,155.324,38.6931,51.4529,92.75,56.55
77,178,1,155.26,38.694,51.467,91.05,56.21
78,178,1,155.288,38.69,51.4503,90.69,57.03
79,178,1,155.264,38.6875,51.4587,91.38,56.26
80,178,1,155.329,38.6927,51.4457,92.25,56.61
81,178,1,155.272,38.6973,51.447,90.18,56.49
82,178,1,155.175,38.7023,51.4854,90.44,56.7
83,178,1,155.259,38.6915,51.4375,90.84,56.91
84,178,1,155.302,38.6808,51.5376,94.89,57.41
85,178,1,155.309,38.6908,51.4477,91.46,56.16
86,178,1,155.326,38.6826,51.4173,93.6,56.33
87,178,1,155.495,38.664,51.3429,92.44,57.36
88,178,1,155.341,38.6691,51.4206,92.29,56.34
89,178,1,155.341,38.6861,51.4233,89.82,56.23
90,178,1,155.287,38.6789,51.4193,89.63,57
91,178,1,155.317,38.6611,51.4169,92.1,56.14
92,178,1,155.388,38.6841,51.4073,93.26,56.05
93,178,1,155.238,38.6707,51.4337,93.78,57.03
94,178,1,155.243,38.6734,51.4304,90.06,56.04
95,178,1,155.32,38.6891,51.4064,90.55,56.19
96,178,1,155.281,38.6805,51.4305,90.28,57
97,178,1,155.373,38.6819,51.3994,93.34,57.79
98,178,1,155.505,38.6374,51.291,93.83,57.63
99,178,1,155.444,38.6409,51.374,92.45,56.78
100,178,1,155.248,38.6798,51.4187,79.85,54.37
101,178,1,45.7607,19.4496,11.2855,94.2,56.09
102,178,1,45.7184,19.4137,11.2649,95.03,57.51
103,178,1,45.5371,19.3486,11.6485,86.56,58.13
104,178,1,45.7288,19.4615,11.283,92.06,57.12
105,178,1,45.6967,19.4199,11.379,94.46,57.5
106,178,1,47.226,19.1156,9.89559,78.44,57.75
107,178,1,45.649,19.4493,11.3406,93.9,57.88
108,178,1,45.7548,19.3983,11.3688,92.95,57.48
109,178,1,45.7102,19.4399,11.3333,94.24,57.98
110,178,1,45.7099,19.4156,11.3648,94.21,57.22
111,178,1,45.6446,19.4473,11.4184,92.99,57.25
112,178,1,45.7038,19.4052,11.4065,95.99,57.24
113,178,1,45.6927,19.3997,11.4669,95.4,58.07
114,178,1,45.751,19.3997,11.3744,94.31,58.66
115,178,1,45.63,19.4136,11.5332,96.28,57.71
116,178,1,45.6644,19.421,11.3743,94.6,57.79
117,178,1,45.543,19.3671,11.4976,85.54,58.27
118,178,1,45.4813,19.4178,11.5368,83.51,58.16
119,178,1,45.6069,19.4122,11.4813,95.5,57.2
120,178,1,45.5124,19.4494,11.5195,93.6,57.69
121,178,1,45.6079,19.4161,11.4516,93.6,58.35
122,178,1,45.6731,19.3794,11.4723,94.98,59.23
123,178,1,45.7077,19.3945,11.3605,93.92,58.19
124,178,1,45.5865,19.4258,11.4156,95.39,57.69
125,178,1,45.5557,19.3644,11.5485,87.21,58.3
126,178,1,45.5521,19.3994,11.4619,93.59,57.01
127,178,1,45.5335,19.426,11.4681,93.28,57.85
128,178,1,45.5012,19.3605,11.6608,87.91,58.71
129,178,1,45.5928,19.412,11.4246,93.85,57.66
130,178,1,45.5208,19.4207,11.3945,93.21,57.73
131,178,1,45.5709,19.4072,11.4636,95.1,57.51
132,178,1,45.6679,19.3875,11.4702,94.29,57.93
133,178,1,45.6105,19.3909,11.4337,95.05,58.11
134,178,1,45.5706,19.3887,11.5663,96.69,57.76
135,178,1,45.5162,19.408,11.4255,96.01,57.17
136,178,1,45.5864,19.3933,11.4635,94.33,57.79
137,178,1,45.543,19.3854,11.4942,93.65,57.75
138,178,1,45.6706,19.372,11.3917,93.38,58.13
139,178,1,45.505,19.3889,11.4692,92.72,57.82
140,178,1,45.5639,19.3756,11.4817,92.27,57.73
141,178,1,45.4898,19.3713,11.5668,96.1,57.77
142,178,1,45.5544,19.4089,11.4989,95.06,57.26
143,178,1,46.8042,18.9551,10.3649,71.44,58.53
144,178,1,45.5144,19.3736,11.5057,88.62,79.02
145,178,1,45.5369,19.4151,11.3438,89.85,57.85
146,178,1,45.4455,19.4056,11.6098,95.63,57.25
147,178,1,45.3933,19.3379,11.722,88.44,58.28
148,178,1,45.4225,19.3942,11.6125,94.84,57.97
149,178,1,45.5251,19.3923,11.5425,94.27,57.35
150,178,1,45.4611,19.3911,11.5686,96.55,57.71
151,178,1,45.5154,19.3782,11.5569,92.98,58.5
152,178,1,45.539,19.3802,11.5258,93.25,58.65
153,178,1,45.6604,19.3504,11.4701,95.61,58.28
154,178,1,45.7102,19.3419,11.3477,94.19,57.65
155,178,1,45.6343,19.3593,11.4606,93.19,58.1
156,178,1,45.4988,19.3753,11.5276,94.67,57.9
157,178,1,45.6038,19.3467,11.4465,94.32,58.35
158,178,1,45.4937,19.3542,11.5277,96.28,57.88
159,178,1,45.5163,19.366,11.5081,94.37,57.97
160,178,1,45.4725,19.3452,11.5651,94.61,58.23
161,178,1,45.4974,19.3543,11.5795,92.66,57.62
162,178,1,45.4461,19.3557,11.6706,92.32,57.71
163,178,1,45.3869,19.3195,11.6881,93.35,57.49
164,178,1,45.4232,19.3563,11.5426,96.06,57.75
165,178,1,45.9925,18.9421,11.0249,83.44,57.41
166,178,1,45.4898,19.3224,11.5612,95.63,58.31
167,178,1,45.3466,19.2599,11.7948,87.32,58.09
168,178,1,46.9442,19.0279,10.0954,79.41,58.74
169,178,1,46.6639,18.9185,10.3879,74.94,58.18
170,178,1,45.4121,19.351,11.6262,95.05,58.16
171,178,1,45.3398,19.2919,11.7651,87.15,58.79
172,178,1,45.3859,19.3687,11.6194,94.26,57.71
173,178,1,45.3802,19.2962,11.7476,92.96,55.72
174,178,1,155.309,38.6363,51.2243,92.61,53.89
175,178,1,155.686,38.6067,51.083,89.59,50.98
176,178,1,161.881,22.2073,55.942,71.95,50.92
177,178,1,161.067,22.228,56.9189,88.43,51.56
178,178,1,162.101,22.5646,55.9377,58.63,50.69
179,178,0,0,0,0,0,54.02
180,178,1,61.9524,3.8806,53.3603,92.21,55.7
181,178,1,62.6129,3.85765,52.7573,95.51,58.22
182,178,1,62.146,3.83289,53.2332,92.35,58.89
183,178,1,62.6903,3.86465,52.6723,95.21,59.17
184,178,1,62.6632,3.86971,52.8068,96.95,59.35
185,178,1,62.4483,3.85137,53.0704,94.69,59.95
186,178,1,61.5251,3.85299,53.9899,94.78,59.96
187,178,1,62.7198,3.855,52.7114,94.36,60.41
188,178,1,62.7121,3.86623,52.6848,97.81,59.2
189,178,1,62.4154,3.87508,53.0241,95.58,59.8
190,178,1,62.3581,3.86712,53.0899,97.49,59.7
191,178,1,62.7614,3.8492,52.616,95.24,58.99
192,178,1,62.7906,3.87816,52.6095,95.16,59.71
193,178,1,62.6217,3.81442,52.7451,96,58.72
194,178,1,62.4706,3.80867,52.8744,93.89,59.36
195,178,1,64.0668,3.93129,51.3767,90.78,59.4
196,178,1,62.4902,3.87193,52.8509,93.78,59.67
197,178,1,62.8139,3.96828,52.625,93.93,60.55
198,178,1,62.4911,3.86006,52.884,94.47,59.77
199,178,1,62.2827,3.81785,53.1004,93.22,58.79
200,178,1,62.0904,3.8079,53.2753,93.14,58.24
201,178,1,62.0277,3.78029,53.3243,93.73,56.67
202,178,2,60.8305,3.68883,54.5154,73.26,54.57
203,178,0,0,0,0,0,51.82
204,178,1,67.0875,15.4556,69.5161,91.86,51.17
205,178,1,67.1156,15.3681,69.5905,93.65,52.41
206,178,1,66.9303,15.4416,69.717,95.24,53.44
207,178,1,66.8792,15.4356,69.8314,92.67,53.14
208,178,1,66.7732,15.4279,69.8278,92.41,53.44
209,178,1,66.9219,15.4113,69.7728,91.53,52.38
210,178,1,66.8991,15.4229,69.7615,93.63,52.94
211,178,1,66.8118,15.4322,69.8801,91.37,54.41
212,178,1,67.011,15.3655,69.6398,92.63,54.55
213,178,1,66.9576,15.4013,69.7248,93.5,53.04
214,178,1,66.5879,15.4642,70.02,85.52,53.8
215,178,1,66.9276,15.4137,69.7769,93.31,53.53
216,178,1,66.839,15.4013,69.853,93.57,53.67
217,178,1,67.0241,15.3835,69.7185,92.7,53.05
218,178,1,66.8887,15.4092,69.7679,92.19,53.94
219,178,1,66.9647,15.3149,69.7723,81.91,53.72
220,178,1,66.7131,15.4352,69.908,87.54,53.74
221,178,1,66.9733,15.3593,69.686,91.08,54.46
222,178,1,66.8912,15.3197,69.7647,82.71,53.72
223,178,1,66.8217,15.4087,69.8078,92.49,54.84
224,178,1,66.6685,15.4105,69.9156,86.19,53.54
225,178,1,66.9235,15.3453,69.7065,92.34,54.42
226,178,1,66.9673,15.3336,69.7131,94.08,54
227,178,1,66.7305,15.3915,69.9071,95.16,54.62
228,178,1,66.7321,15.405,69.9498,92.75,53.57
229,178,1,66.7169,15.4004,69.9078,86.99,53.72
230,178,1,66.831,15.3886,69.7587,93.07,54.02
231,178,1,66.7255,15.3425,69.8622,91.13,54.5
232,178,1,66.7618,15.3976,69.9025,92.68,53.58
233,178,1,66.7913,15.3274,69.85,92.37,54.69
234,178,1,66.7863,15.3762,69.8164,93.6,52.99
235,178,1,66.8034,15.3629,69.8516,94.07,53.45
236,178,1,66.9201,15.3133,69.7179,94.45,54.21
237,178,1,66.835,15.3114,69.7162,85.2,53.63
238,178,1,66.6156,15.3884,70.0051,93.97,53.88
239,178,1,66.5526,15.4189,70.0224,85.65,52.3
240,178,1,66.6098,15.3773,70.0087,87.15,53.64
241,178,1,66.6533,15.3783,69.9663,91.5,53.59
242,178,1,66.7876,15.3197,69.9667,85.22,53.36
243,178,1,66.6703,15.3441,69.9762,93.1,53.25
244,178,1,66.6849,15.3613,70.0419,94.38,54.02
245,178,1,66.8533,15.2903,69.8358,90.86,53.79
246,178,1,66.6572,15.3784,69.9482,96.07,53.87
247,178,1,66.6238,15.3914,69.9856,94.26,53.95
248,178,1,66.9515,15.3459,69.6925,95.42,54.2
249,178,1,66.5141,15.376,70.0744,93.97,54.49
250,178,1,66.8261,15.2626,69.8557,91.94,50.48
251,178,0,0,0,0,0,50.22
252,178,2,347.191,43.8796,59.7827,95.29,54.68
253,178,2,347.441,43.8058,59.8111,90.37,45.12
254,178,1,62.5344,49.9794,35.3262,42.77,36.04
255,178,0,0,0,0,0,35.24
0,179,0,0,0,0,0,36.98
1,179,0,0,0,0,0,60.73
2,179,0,0,0,0,0,55.82
3,179,0,0,0,0,0,36.42
4,179,0,0,0,0,0,45.3
5,179,0,0,0,0,0,51.11
6,179,1,42.9918,39.764,74.9953,92.41,55.44
7,179,1,42.6723,39.502,75.2841,88.24,56.98
8,179,1,42.9842,39.4904,74.8917,90.79,57.16
9,179,1,43.1215,39.5642,74.7424,91.02,57.51
10,179,1,42.6177,39.5083,75.2851,88.13,57.84
11,179,1,42.8669,39.4831,75.162,89.77,58.52
12,179,1,42.7606,39.7063,75.1927,92.06,57.58
13,179,1,42.6167,39.5083,75.3072,89.35,58
14,179,1,43.0159,39.4792,74.9158,92.65,57.69
15,179,1,43.0325,39.6233,74.9979,94.58,56.87
16,179,1,42.7932,39.7371,75.2166,92.54,58.39
17,179,1,42.882,39.6745,75.0796,93.31,57.12
18,179,1,42.6773,39.5182,75.3324,87.59,58.43
19,179,1,42.8893,39.4744,75.1324,87.09,58.12
20,179,1,42.5789,39.5211,75.2729,87.31,57.04
21,179,1,43.0026,39.4829,74.9312,93.2,55.95
22,179,1,42.7568,39.7162,75.2425,91.81,56.99
23,179,1,42.9575,39.6546,74.9551,95.53,57.86
24,179,1,42.897,39.6347,75.112,94.1,57.94
25,179,1,42.6592,39.4588,75.3313,89.08,58.21
26,179,1,42.7079,39.6748,75.2353,92.65,57.69
27,179,1,43.0208,39.5014,74.8476,91.37,57.73
28,179,1,42.9197,39.6294,75.1145,94.42,57.85
29,179,1,43.1085,39.5202,74.8268,91.3,57.76
30,179,1,42.8191,39.4192,75.1608,85.05,58.23
31,179,1,42.9052,39.4525,74.9472,89.35,58.69
32,179,1,42.8347,39.6139,75.1172,92.46,58.43
33,179,1,42.8403,39.6268,75.092,95.66,57.5
34,179,1,42.5763,39.4688,75.3656,88.62,58.83
35,179,1,42.8599,39.6354,75.1229,93.35,57.49
36,179,0,0,0,0,0,50.65
37,179,1,290.128,12.4667,62.9851,89.92,52.63
38,179,1,290.166,12.4351,62.926,93.17,52.85
39,179,1,290.144,12.4428,62.8651,93.27,53.05
40,179,1,290.163,12.4582,62.9352,92.6,52.79
41,179,1,290.146,12.4818,62.9611,92.98,53.07
42,179,1,290.063,12.473,63.0128,92.73,53.61
43,179,1,290.098,12.4834,63.009,91.84,53.18
44,179,1,290.138,12.4606,62.9953,94.48,53.62
45,179,1,289.963,12.4717,63.1497,91.59,53.38
46,179,1,290.021,12.4876,63.1162,92.62,53.15
47,179,1,290.159,12.4883,62.9576,93.18,53.11
48,179,1,290.039,12.5008,63.1307,92.09,53
49,179,1,290.113,12.4908,62.958,93.34,52.43
50,179,1,290.009,12.4956,63.1448,90.82,53.33
51,179,1,290.055,12.4982,62.9202,89.95,53.12
52,179,1,290.022,12.5145,63.1442,90.56,52.57
53,179,1,290.042,12.5371,63.1365,89.29,52.72
54,179,1,290.042,12.4761,62.9725,92.88,53.19
55,179,1,289.983,12.4897,63.0789,88.93,53.02
56,179,1,290.025,12.4727,62.9584,90.71,53.14
57,179,1,290.056,12.5167,63.0075,90.18,53.12
58,179,1,289.952,12.5247,63.1563,90.11,52.72
59,179,1,289.857,12.487,63.1138,90.94,53.17
60,179,1,289.891,12.5502,63.2355,88.1,51.51
61,179,0,0,0,0,0,53.24
62,179,1,155.377,38.7035,51.46,92.91,54.64
63,179,1,155.366,38.7058,51.4468,90.56,55.69
64,179,1,155.337,38.681,51.47,90.07,55.6
65,179,1,155.235,38.7313,51.4946,92.72,55.73
66,179,1,155.311,38.6838,51.452,89.23,55.84
67,179,1,155.332,38.7199,51.4551,92.8,55.7
68,179,1,155.333,38.7093,51.4717,91.61,56.52
69,179,1,155.389,38.705,51.4752,93.03,56.3
70,179,1,155.163,38.7119,51.5068,91.65,56.26
71,179,1,155.292,38.7006,51.4796,90.98,56.59
72,179,1,155.308,38.7089,51.4832,92.38,56.19
73,179,1,155.312,38.683,51.4808,93.75,56.89
74,179,1,155.351,38.6858,51.4527,91.57,57.21
75,179,1,155.378,38.6693,51.4299,91.69,56.31
76,179,1,155.264,38.6972,51.4607,92.89,55.7
77,179,1,155.28,38.6948,51.4654,93.34,57.32
78,179,1,155.239,38.7049,51.4834,93.29,55.34
79,179,1,155.418,38.6615,51.4129,91.18,57.17
80,179,1,155.449,38.612,51.4095,88.97,56.81
81,179,1,155.331,38.6906,51.4406,91.74,55.82
82,179,1,155.375,38.7013,51.4336,90.81,56.21
83,179,1,155.259,38.6871,51.468,91.73,57.24
84,179,1,155.394,38.6671,51.3933,95.1,56.47
85,179,1,155.317,38.6845,51.4325,92.59,56.89
86,179,1,155.385,38.6523,51.4128,89.83,57.43
87,179,1,155.336,38.665,51.4288,92.73,56.48
88,179,1,155.263,38.6883,51.4396,93.14,56.4
89,179,1,155.26,38.6951,51.4364,90.97,56.69
90,179,1,155.36,38.6554,51.4158,92.15,56.92
91,179,1,155.301,38.6717,51.4005,90.95,55.58
92,179,1,155.428,38.6769,51.4022,92.38,56.95
93,179,1,155.433,38.6665,51.3606,89.73,56.51
94,179,1,155.409,38.6606,51.3976,92.32,56.55
95,179,1,155.243,38.6825,51.431,93.16,56.41
96,179,1,155.343,38.6737,51.3872,92.13,56.8
97,179,1,155.415,38.6532,51.3852,94.56,57.07
98,179,1,155.436,38.6399,51.3508,89.64,56.81
99,179,1,155.451,38.6329,51.354,88.41,55.84
100,179,1,155.278,38.6258,51.3674,83.36,54.46
101,179,1,45.7452,19.4595,11.2847,93.22,56.69
102,179,1,45.7424,19.4325,11.352,92.48,57.3
103,179,1,45.7263,19.4291,11.3703,95.03,57.75
104,179,1,45.6752,19.4184,11.4533,95.78,57.63
105,179,1,45.7338,19.4405,11.3101,93.1,57.6
106,179,1,45.55,19.4017,11.4902,87.32,58.65
107,179,1,45.6633,19.3827,11.4265,88.75,58.24
108,179,1,45.6164,19.3797,11.535,84.22,58.34
109,179,1,45.6403,19.372,11.4892,88.52,58.31
110,179,1,45.6773,19.4327,11.3272,95,57.74
111,179,1,45.5879,19.3947,11.4169,85.77,58.24
112,179,1,45.7519,19.3987,11.3348,92.38,57.86
113,179,1,45.5383,19.3714,11.6075,94.09,58.21
114,179,1,45.634,19.3776,11.4539,88.91,58.2
115,179,1,45.704,19.4039,11.4386,92.3,57.57
116,179,1,45.7106,19.3893,11.4112,94.53,58.18
117,179,1,45.5746,19.3657,11.5517,87.26,58.2
118,179,1,45.6733,19.4222,11.4212,94.18,57.14
119,179,1,45.6565,19.4328,11.4033,95.49,57.68
120,179,1,45.6713,19.3998,11.4108,94.54,57.46
121,179,1,45.6316,19.3538,11.5579,88.11,58.62
122,179,1,45.6431,19.3822,11.4567,94.16,58.09
123,179,1,45.5072,19.3662,11.5746,87.86,58.31
124,179,1,45.6268,19.4005,11.4436,94.87,57.15
125,179,1,45.5463,19.3976,11.4573,88.04,58.2
126,179,1,45.687,19.4189,11.3823,95.35,58.35
127,179,1,45.6029,19.411,11.4143,92.64,57.98
128,179,1,45.5541,19.4137,11.5227,96.07,58.1
129,179,1,45.5735,19.3602,11.488,87.99,58.52
130,179,1,45.5434,19.4091,11.4483,94.31,57.64
131,179,1,45.5431,19.4015,11.5409,94.7,57.1
132,179,1,45.5038,19.4115,11.6042,94.06,56.89
133,179,1,45.5222,19.4165,11.477,95.31,57.69
134,179,1,45.5464,19.3889,11.5345,95.31,57.94
135,179,1,45.539,19.3287,11.5579,85.66,58.79
136,179,1,45.669,19.3606,11.393,94.01,57.1
137,179,1,45.5352,19.3676,11.5213,94.51,57.94
138,179,1,45.5656,19.3952,11.4661,95.46,57.54
139,179,1,45.5313,19.3347,11.524,86.92,58.51
140,179,1,45.5869,19.3945,11.5002,95.75,58.27
141,179,1,45.5646,19.3822,11.5085,92.82,57.6
142,179,1,45.6481,19.3668,11.4488,94.79,58.04
143,179,1,45.5796,19.3828,11.4816,94.39,58.86
144,179,1,45.5231,19.3878,11.4879,93.5,57.66
145,179,1,45.466,19.4097,11.666,93.73,57.12
146,179,1,45.4405,19.3688,11.6697,94.69,57.56
147,179,1,45.5986,19.3996,11.5083,93.53,57.24
148,179,1,45.5523,19.3814,11.4576,95.53,57.44
149,179,1,45.4998,19.3779,11.6084,95.09,57.4
150,179,1,45.4549,19.3768,11.5937,94.1,58.14
151,179,1,45.5108,19.3811,11.4897,93.63,58.24
152,179,1,45.5361,19.3695,11.4893,94.83,57.44
153,179,1,45.6805,19.3606,11.3254,93.01,57.86
154,179,1,45.5528,19.3568,11.535,95.05,58.16
155,179,1,45.5585,19.355,11.5111,94.65,57.82
156,179,1,45.5379,19.3768,11.4631,91.77,58.02
157,179,1,47.0491,19.0441,10.0156,82.27,58.82
158,179,1,45.5201,19.3678,11.5232,95.91,57.77
159,179,1,45.4532,19.3457,11.6981,94.34,57.87
160,179,1,45.5175,19.3317,11.4519,88.13,58.37
161,179,1,45.3986,19.4156,11.3907,87.11,57.66
162,179,1,45.5508,19.3043,11.5441,94,58.6
163,179,1,45.4681,19.3062,11.6435,87.17,58.58
164,179,1,45.4982,19.3323,11.5181,94.2,57.99
165,179,1,45.3752,19.271,11.6419,88.38,58.34
166,179,1,45.4429,19.3117,11.5436,87.43,59.02
167,179,1,45.4269,19.3044,11.6948,94.75,57.81
168,179,1,45.4121,19.3575,11.4535,85.69,57.52
169,179,1,46.666,18.9216,10.4077,74.69,58.48
170,179,1,45.435,19.3299,11.5602,96.12,58.27
171,179,1,45.3251,19.3094,11.7302,94.26,58.1
172,179,1,45.3987,19.2964,11.6028,87.47,58.28
173,179,1,45.3633,19.3028,11.656,94.66,56.5
174,179,1,155.404,38.6034,51.1604,79.6,51.5
175,179,1,231.241,44.3901,27.6197,84.66,49.04
176,179,1,231.222,44.3809,27.6179,83.57,51.01
177,179,0,0,0,0,0,50.5
178,179,1,231.274,44.3946,27.6224,86.77,51.71
179,179,1,62.8215,3.83307,52.6325,85.46,53.52
180,179,1,62.7028,3.87769,52.7327,92.65,57.5
181,179,1,62.1469,3.82535,53.309,95.17,59.12
182,179,1,62.8996,3.84093,52.5322,95.5,58.14
183,179,1,57.7821,3.75662,57.4878,84.94,59.44
184,179,1,62.0291,4.01589,53.3522,90.6,59.98
185,179,1,62.7307,3.86587,52.6843,96,59.51
186,179,1,62.848,3.88521,52.5724,96.43,59.44
187,179,1,63.0519,3.88597,52.2888,95.25,59.13
188,179,1,62.349,3.90123,52.9855,95.51,59.22
189,179,1,62.4291,3.85409,52.9095,94.72,58.53
190,179,1,62.5211,3.84169,52.863,96.49,58.98
191,179,1,62.6321,4.01586,52.6602,88.05,59.3
192,179,1,62.7108,3.84146,52.627,96.1,59.14
193,179,1,62.4576,3.86841,52.9078,95.94,60.49
194,179,1,62.4482,3.82794,52.9138,95.61,58.9
195,179,1,62.6389,3.8289,52.6881,96.26,60.52
196,179,1,62.596,3.78626,52.8403,97.31,59.61
197,179,1,62.5541,3.81357,52.812,94.42,59.11
198,179,1,62.5288,3.85219,52.8634,97.24,59.18
199,179,1,62.4734,3.80794,52.8841,95.43,59.78
200,179,1,62.3258,3.81148,53.0497,94.33,59.43
201,179,1,61.9113,3.78805,53.4019,95.44,59.5
202,179,1,62.1898,3.82667,53.212,96.88,58.26
203,179,1,61.991,3.76872,53.4133,95.49,54.41
204,179,0,0,0,0,0,53.35
205,179,1,66.9653,15.4165,69.4248,90.37,50.94
206,179,1,67.1517,15.4003,69.6142,91.08,51.97
207,179,1,67.1075,15.3803,69.5745,92.25,53.61
208,179,1,66.8565,15.4187,69.8654,91.98,53.59
209,179,1,66.8958,15.4089,69.817,93.86,52.83
210,179,1,66.8991,15.403,69.7745,92.31,53.49
211,179,1,66.7778,15.4423,69.815,86.69,53.96
212,179,1,66.8385,15.4227,69.8141,85.36,53.27
213,179,1,66.7954,15.4168,69.8995,85.67,53.96
214,179,1,66.9657,15.3387,69.7244,88.22,53.35
215,179,1,66.8952,15.4199,69.7739,93.79,54.78
216,179,1,67.0724,15.3365,69.6821,93.82,53.09
217,179,1,66.9451,15.3904,69.6024,93.76,54.06
218,179,1,66.8671,15.4309,69.7866,93.14,53.08
219,179,1,66.9809,15.3857,69.7437,93.38,53.24
220,179,1,66.8688,15.412,69.8825,90.71,53.94
221,179,1,66.8786,15.3966,69.8119,92.56,53.73
222,179,1,66.7982,15.3929,69.8273,94.7,53.25
223,179,1,66.7827,15.4024,69.8563,92.44,53.9
224,179,1,66.8557,15.3478,69.7513,92.64,53.66
225,179,1,66.7614,15.4072,69.8792,93.31,53.1
226,179,1,66.8349,15.3907,69.7602,93.64,52.64
227,179,1,66.9157,15.3713,69.8049,93.21,54.03
228,179,1,66.7495,15.4099,69.8963,92.58,52.86
229,179,1,66.8292,15.3786,69.8562,93.11,54.05
230,179,1,67.0116,15.2851,69.6615,85.32,53.91
231,179,1,66.7291,15.4025,69.9708,91.39,53.37
232,179,1,66.6202,15.4081,70.0383,86.2,53.84
233,179,1,66.6723,15.4012,69.9422,94.95,54.5
234,179,1,66.7283,15.4011,69.8701,93.26,53.54
235,179,1,66.7154,15.385,69.9087,93.43,54.01
236,179,1,66.839,15.3646,69.861,92.88,54.39
237,179,1,66.8453,15.3521,69.8468,93.75,53.09
238,179,1,66.8536,15.3305,69.715,93.41,54.08
239,179,1,66.7619,15.3696,69.8951,93,53.78
240,179,1,66.7533,15.3602,69.9456,93.3,53.82
241,179,1,66.9516,15.2844,69.7001,86.91,54.4
242,179,1,66.8073,15.3084,69.7377,86.43,54.22
243,179,1,66.7378,15.3564,69.8973,92.57,53.17
244,179,1,66.4721,15.4075,70.0632,91.55,52.85
245,179,1,66.8472,15.2789,69.7602,83.34,53.75
246,179,1,66.8566,15.3367,69.8165,93.17,52.01
247,179,1,66.7419,15.3005,69.8899,87.66,54.31
248,179,1,66.7657,15.3398,69.9021,92.77,53.5
249,179,1,66.8292,15.2725,69.6661,86.71,53.08
250,179,1,66.5872,15.3602,70.1082,90.98,54.11
251,179,0,0,0,0,0,50.02
252,179,0,0,0,0,0,51.27
253,179,2,347.417,43.8148,59.7265,91.66,43.9
254,179,0,0,0,0,0,35.26
255,179,0,0,0,0,0,35.02
0,180,0,0,0,0,0,57.6
1,180,0,0,0,0,0,58.05
2,180,0,0,0,0,0,54.61
3,180,0,0,0,0,0,37.29
4,180,1,151.018,41.5308,49.8086,86.63,45.51
5,180,0,0,0,0,0,51.07
6,180,0,0,0,0,0,52.97
7,180,1,43.0527,39.6666,74.8971,91.82,55.03
8,180,1,42.9305,39.6728,75.0461,92.06,56.79
9,180,1,42.9757,39.6738,74.9446,94.21,56.98
10,180,1,42.8862,39.486,75.0972,90.07,57.25
11,180,1,42.8745,39.6929,75.0823,93.38,57.32
12,180,1,42.7159,39.4513,75.2471,89.17,57.13
13,180,1,43.054,39.519,74.8301,94.18,58.47
14,180,1,42.6319,39.467,75.3509,88.08,57.67
15,180,1,42.8089,39.4577,75.1599,91.2,58.17
16,180,1,42.6715,39.4783,75.3635,88.62,56.82
17,180,1,42.5848,39.4905,75.3188,88.86,57.92
18,180,1,43.0732,39.504,74.8531,93.05,56.95
19,180,1,42.8732,39.5093,75.0748,89.9,57.95
20,180,1,42.8608,39.662,75.1059,92.22,55.47
21,180,1,42.9209,39.6525,75.0906,92.3,54.8
22,180,1,42.8252,39.6817,75.0882,93.33,56.27
23,180,1,42.9688,39.6268,74.9884,94.65,57.68
24,180,1,42.6997,39.391,75.2406,84.16,58.33
25,180,1,42.7104,39.7088,75.2534,92.48,57.2
26,180,1,42.904,39.4834,74.9565,92.44,58.3
27,180,1,43.0942,39.4683,74.8613,92.15,58.51
28,180,1,42.5865,39.4286,75.3452,84.81,58.41
29,180,1,42.8484,39.442,75.1468,88.53,58.11
30,180,1,42.7772,39.4369,75.1917,90.28,57.48
31,180,1,42.8287,39.6487,75.1101,94.2,57.82
32,180,1,42.8212,39.6374,75.0954,94.35,58.47
33,180,1,42.859,39.6377,75.0936,95.31,58.73
34,180,1,42.7099,39.4258,75.1825,89.5,57.92
35,180,1,42.8168,39.4197,75.2054,92.06,58.08
36,180,0,0,0,0,0,52.49
37,180,1,290.12,12.485,63.0051,94.1,52.59
38,180,1,290.144,12.4724,62.9862,91.49,52.79
39,180,1,290.15,12.4952,62.9565,91.23,52.89
40,180,1,290.13,12.5073,63.0108,91.79,52.91
41,180,1,290.18,12.4899,62.8268,93.28,52.92
42,180,1,290.126,12.4784,62.9401,91.37,52.03
43,180,1,290.038,12.4447,62.9674,92.67,52.38
44,180,1,290.023,12.478,63.1536,90.81,53.53
45,180,1,290.025,12.4667,63.0101,93.98,52.62
46,180,1,290.035,12.4596,63.0072,92.19,52.67
47,180,1,289.989,12.4595,63.0534,92,53.46
48,180,1,290.067,12.5164,63.0258,93.32,52.4
49,180,1,290.087,12.4871,63.0398,95.62,53.7
50,180,1,290.024,12.4706,63.0564,94.84,53.72
51,180,1,290.029,12.5227,63.1466,94.68,53.16
52,180,1,289.972,12.4899,63.0636,91.66,52.9
53,180,1,290.002,12.4772,63.0361,88.7,52.98
54,180,1,290.09,12.5234,62.9839,91.9,53.29
55,180,1,289.99,12.5246,63.1927,90.46,53.02
56,180,1,289.904,12.4782,63.0993,92.49,52.59
57,180,1,290.01,12.5111,62.9904,94.02,53.24
58,180,1,289.944,12.4994,63.0672,91.42,52.73
59,180,1,290.068,12.5146,63.1241,89.73,52.01
60,180,0,0,0,0,0,52.56
61,180,1,155.259,38.6942,51.541,89.58,53.77
62,180,1,155.254,38.6916,51.4951,92.42,55.02
63,180,1,155.211,38.7189,51.5226,93.7,56.12
64,180,1,155.378,38.7056,51.4587,92.3,55.7
65,180,1,155.252,38.6962,51.5149,93.72,56.09
66,180,1,155.189,38.6964,51.5117,92.97,56.26
67,180,1,155.268,38.7059,51.4896,92.87,55.86
68,180,1,155.419,38.69,51.4501,92.38,56.46
69,180,1,155.288,38.7016,51.4834,92.78,55.81
70,180,1,155.298,38.7082,51.4672,92.28,56.5
71,180,1,155.329,38.7091,51.447,90.66,55.73
72,180,1,155.315,38.7155,51.4714,94.42,56.68
73,180,1,155.216,38.7282,51.4842,90.45,55.86
74,180,1,155.356,38.6863,51.4631,91.55,56.14
75,180,1,155.389,38.6956,51.4531,93.05,57.55
76,180,1,155.275,38.7058,51.4436,91.9,56.47
77,180,1,155.29,38.6871,51.4475,93.3,57.51
78,180,1,155.334,38.683,51.4679,91.86,56.66
79,180,1,155.41,38.677,51.4311,91.83,56.19
80,180,1,155.334,38.7209,51.4416,90.56,56.56
81,180,1,155.28,38.6885,51.4646,91.01,56.13
82,180,1,155.33,38.6826,51.4409,93.85,57.3
83,180,1,155.319,38.7037,51.4321,92.9,57.58
84,180,1,155.291,38.6727,51.4304,93.91,57.03
85,180,1,155.326,38.6447,51.4469,94.47,55.88
86,180,1,155.314,38.6933,51.4397,90.02,56.11
87,180,1,155.253,38.6797,51.4454,92.27,56.5
88,180,1,155.372,38.6806,51.4345,94.62,56.26
89,180,1,155.32,38.701,51.4097,93.07,56.29
90,180,1,155.432,38.6473,51.3961,93.14,56.84
91,180,1,155.464,38.6673,51.4032,92.34,56.57
92,180,1,155.222,38.6802,51.4541,89.62,57.34
93,180,1,155.385,38.687,51.4124,94.93,57.39
94,180,1,155.38,38.693,51.3901,92.95,55.92
95,180,1,155.302,38.6813,51.3941,88.51,56.11
96,180,1,155.326,38.645,51.3877,92.46,56.66
97,180,1,155.371,38.6724,51.4001,92.59,56.6
98,180,1,155.341,38.6768,51.3908,89.69,56.83
99,180,1,155.284,38.6794,51.4122,93.05,56.1
100,180,0,0,0,0,0,54.08
101,180,1,45.8456,19.4101,11.2284,93.53,55.75
102,180,1,45.7334,19.427,11.3258,93.49,57.91
103,180,1,45.7202,19.4442,11.3244,93.46,57.55
104,180,1,45.6565,19.4595,11.3171,91.64,56.71
105,180,1,45.7578,19.4263,11.3569,94.82,57.58
106,180,1,45.7874,19.388,11.337,95.08,57.93
107,180,1,45.6789,19.4437,11.429,94.52,57.61
108,180,1,45.7194,19.4452,11.3254,94.11,57.69
109,180,1,45.6811,19.4279,11.3593,91.95,56.88
110,180,1,45.6996,19.3608,11.4508,86.85,58.3
111,180,1,45.8544,19.4075,11.2217,93.86,57.93
112,180,1,45.5825,19.3746,11.567,87.91,57.69
113,180,1,45.6272,19.429,11.4946,94.93,58.18
114,180,1,45.6158,19.4517,11.3741,94.67,57.44
115,180,1,47.1175,19.0991,10.0152,81.43,58
116,180,1,45.7158,19.4068,11.4278,93.61,58.47
117,180,1,46.8356,19.0096,10.2176,71.4,57.91
118,180,1,45.5482,19.3755,11.5791,87.16,58.19
119,180,1,45.5413,19.4054,11.5621,94.34,57.39
120,180,1,45.633,19.3885,11.5423,95.73,57.61
121,180,1,45.6263,19.3293,11.5159,87.11,58.57
122,180,1,45.6037,19.401,11.4899,93.04,58.44
123,180,1,45.6105,19.4078,11.4615,94.5,57.6
124,180,1,47.1245,19.0938,9.95274,81.15,57.92
125,180,1,45.6278,19.3883,11.4463,92.15,58.44
126,180,1,45.5433,19.3642,11.5769,87.74,58.67
127,180,1,45.6442,19.3873,11.4418,95.96,57.8
128,180,1,45.6733,19.3995,11.4271,94.85,57.78
129,180,1,45.5818,19.3527,11.4997,86.83,58.87
130,180,1,45.6499,19.3758,11.418,96.15,57.57
131,180,1,45.5196,19.4009,11.5742,92.88,58.2
132,180,1,45.6542,19.3684,11.4432,94.81,57.64
133,180,1,45.6963,19.3546,11.5245,95.91,58.55
134,180,1,45.5139,19.4225,11.5669,96.06,57.88
135,180,1,45.5649,19.3655,11.5833,94.33,58.27
136,180,1,45.6629,19.3497,11.4646,94.86,57.56
137,180,1,45.5604,19.3904,11.5137,93.52,58.02
138,180,1,45.5609,19.3549,11.4992,85.87,58.12
139,180,1,45.5714,19.3882,11.4403,94.28,57.45
140,180,1,45.5591,19.3976,11.4546,92.81,57.5
141,180,1,45.9976,19.0542,10.9777,82.69,58.28
142,180,1,45.6117,19.3746,11.4787,95.42,58.23
143,180,1,45.5138,19.3862,11.6733,95.98,57.68
144,180,1,45.5747,19.3636,11.4451,93.97,58.48
145,180,1,45.5182,19.4017,11.4776,93.08,57.4
146,180,1,45.5174,19.3902,11.5497,94.99,58.08
147,180,1,45.4878,19.3432,11.5677,89.01,58.33
148,180,1,45.6221,19.3697,11.529,94.15,58.41
149,180,1,45.5401,19.3747,11.6585,95.1,57.94
150,180,1,45.4183,19.3256,11.6743,86.59,58.13
151,180,1,45.6005,19.3406,11.4668,95.7,58.05
152,180,1,45.3339,18.8932,11.6525,78.27,59.32
153,180,1,45.5754,19.3435,11.4596,92.36,57.86
154,180,1,45.6086,19.3371,11.4992,92.79,58.2
155,180,1,45.526,19.3705,11.4811,95.19,58.06
156,180,1,45.5562,19.3628,11.5001,94.06,58.81
157,180,1,45.4465,19.3921,11.607,96.33,57.53
158,180,1,45.63,19.3687,11.3938,94.07,58.49
159,180,1,45.5924,19.3565,11.4458,92.57,58.02
160,180,1,45.4935,19.3681,11.6096,95.45,57.94
161,180,1,45.4747,19.2967,11.6141,88.11,58.06
162,180,1,45.6144,19.3058,11.4703,94.03,57.36
163,180,1,45.5326,19.3333,11.4473,95.97,57.69
164,180,1,45.4511,19.3291,11.5456,94.42,57.7
165,180,1,45.3572,19.2715,11.7443,85.72,58.56
166,180,1,45.5424,19.287,11.4811,93.88,57.84
167,180,1,45.4281,19.3008,11.6172,93.2,58.54
168,180,1,45.3677,19.2651,11.733,87.04,58.27
169,180,1,45.4657,19.3072,11.6369,95.27,57.74
170,180,1,45.431,19.3516,11.584,95.22,58.21
171,180,1,45.5322,19.2802,11.615,94.18,58.24
172,180,1,45.3455,19.3494,11.6549,92.75,58.15
173,180,1,45.4432,19.2845,11.6726,94.24,54.62
174,180,0,0,0,0,0,49.76
175,180,1,231.207,44.365,27.5996,92.65,51.54
176,180,1,231.172,44.3811,27.6178,92.41,53.73
177,180,1,231.321,44.3915,27.5472,93.45,53.19
178,180,1,231.192,44.4024,27.6053,94.28,53.9
179,180,0,0,0,0,0,55.51
180,180,0,0,0,0,0,55.58
181,180,1,62.8534,3.81929,52.5902,95.79,57.2
182,180,1,62.9294,3.88716,52.4922,94.97,57.77
183,180,1,63.0041,3.85857,52.5035,95.49,59.22
184,180,1,62.7339,3.83083,52.585,96.6,59.27
185,180,1,62.513,3.8339,52.8876,95.52,58.59
186,180,1,62.2055,3.80539,53.2301,93.03,59.82
187,180,1,63.7493,3.94959,51.6259,89.21,60.02
188,180,1,62.8103,3.87715,52.5351,97.78,59.54
189,180,1,62.5505,3.8264,52.867,94.3,59.72
190,180,1,62.5719,3.80846,52.8416,93.73,59.01
191,180,1,62.4795,3.86383,52.878,95.85,59.73
192,180,1,62.4042,3.85964,52.9954,96.96,59.95
193,180,1,63.7187,3.9391,51.6537,92.8,59.49
194,180,1,63.8231,3.94613,51.4595,87.68,59.72
195,180,1,62.9616,3.85865,52.491,96.24,59.6
196,180,1,62.4271,3.82245,52.9151,93.68,59.3
197,180,1,62.3123,3.82777,53.0119,94.61,59.88
198,180,1,62.7281,3.80219,52.6974,95.9,58.95
199,180,1,62.0758,3.84093,53.2866,96.63,59.91
200,180,1,62.6189,3.81844,52.7549,92.82,58.92
201,180,1,62.4913,3.85151,52.9003,95.41,60.01
202,180,1,62.3621,3.81886,52.9298,94.32,59.2
203,180,1,62.034,3.81255,53.2478,95.72,58.72
204,180,1,61.91,3.77015,53.5137,96.14,56.51
205,180,2,60.6047,3.68062,54.8245,71.23,53.21
206,180,0,0,0,0,0,50.47
207,180,1,66.8652,15.4366,69.734,91.83,51.99
208,180,1,67.0454,15.422,69.7084,91.75,53.09
209,180,1,66.8798,15.4332,69.8214,90.85,53.2
210,180,1,66.9001,15.4235,69.788,94.14,52.29
211,180,1,66.9754,15.3774,69.7069,92.85,53.42
212,180,1,66.8798,15.3909,69.851,87.15,52.93
213,180,1,66.915,15.3976,69.5976,94.97,53.77
214,180,1,66.9971,15.3612,69.6715,95.86,53.69
215,180,1,66.9399,15.4153,69.7277,93.98,53.01
216,180,1,66.7369,15.4268,69.947,87.32,53.88
217,180,1,66.9389,15.3904,69.7872,93.59,53.5
218,180,1,66.7899,15.4125,69.9037,84.21,53.41
219,180,1,66.6708,15.4262,69.9701,85.85,53.69
220,180,1,67.0776,15.3091,69.6019,81.69,53.9
221,180,1,66.8404,15.4057,69.8782,93.39,53.22
222,180,1,67.0094,15.3416,69.6588,84.24,53.45
223,180,1,66.9978,15.3472,69.6294,92.86,53.1
224,180,1,66.8145,15.4059,69.7851,92.75,54.26
225,180,1,66.9862,15.3259,69.6335,85.5,53.21
226,180,1,66.7848,15.4046,69.8967,91.81,53.05
227,180,1,66.8775,15.3383,69.7265,92.5,53.84
228,180,1,66.8222,15.3633,69.8886,94.31,54.02
229,180,1,66.8338,15.3803,69.8254,93.96,54.85
230,180,1,66.9203,15.3276,69.7592,92.9,53.99
231,180,1,66.9122,15.324,69.7288,93.72,54.14
232,180,1,66.7566,15.377,69.8651,94.32,53.92
233,180,1,66.7251,15.3392,69.7681,86.19,54.11
234,180,1,66.9503,15.3127,69.6659,86.02,53.48
235,180,1,66.5996,15.4049,70.0459,92.64,54.95
236,180,1,66.8264,15.3254,69.7447,84.29,53.64
237,180,1,66.5825,15.3886,70.1133,93.56,54.06
238,180,1,66.7193,15.3643,69.8772,94.92,54.03
239,180,1,66.7941,15.3327,69.7603,93.19,53.62
240,180,1,66.7046,15.3732,69.9165,94.38,53.75
241,180,1,66.8476,15.3345,69.7531,94.61,54.28
242,180,1,66.7994,15.3512,69.8593,92.63,54.13
243,180,1,66.7575,15.347,69.9376,92.55,53.87
244,180,1,66.9571,15.2816,69.6937,83.5,53.92
245,180,1,66.8056,15.2851,69.8043,86.52,53.84
246,180,1,66.7481,15.3533,69.8337,94.09,53.97
247,180,1,66.5847,15.3846,69.9708,92.87,53.26
248,180,1,66.7344,15.3416,69.8654,92.99,54.23
249,180,1,66.6655,15.2993,69.8792,92.98,54.45
250,180,1,66.7014,15.2982,69.9136,94.51,55.03
251,180,1,66.5778,15.3287,70.0698,92.59,52.43
252,180,0,0,0,0,0,49.29
253,180,2,347.522,43.9042,59.5964,86.37,43.12
254,180,0,0,0,0,0,35.18
255,180,0,0,0,0,0,35.27
0,181,0,0,0,0,0,55.8
1,181,0,0,0,0,0,60.19
2,181,0,0,0,0,0,55.06
3,181,0,0,0,0,0,55.78
4,181,1,151.024,41.5881,49.8541,93.11,46.09
5,181,1,151.11,41.5841,49.7986,91.49,52.05
6,181,0,0,0,0,0,51.89
7,181,0,0,0,0,0,53.51
8,181,1,43.062,39.5249,74.8037,89.74,55.85
9,181,1,42.9089,39.6677,75.0835,91.18,56.69
10,181,1,42.6656,39.4985,75.3314,90.24,57.12
11,181,1,42.7516,39.749,75.1694,93.23,56.92
12,181,1,42.6979,39.4854,75.293,88.4,58.09
13,181,1,42.7361,39.7445,75.2216,91.53,57.62
14,181,1,42.721,39.7009,75.2401,92.7,57.15
15,181,1,42.7989,39.4801,75.1134,91.77,58.34
16,181,1,42.6918,39.6965,75.2161,92.81,57.04
17,181,1,42.7874,39.4482,75.1615,87.86,57.89
18,181,1,42.7464,39.4442,75.1657,89.54,57.55
19,181,1,42.9287,39.6563,75.0848,95.62,57.29
20,181,1,42.8213,39.6879,75.0448,87.62,54.68
21,181,0,0,0,0,0,53.79
22,181,1,42.895,39.6075,75.1179,93.89,55.87
23,181,1,42.974,39.4565,74.9757,89.66,57.86
24,181,1,42.8839,39.6335,75.0721,91.82,57.47
25,181,1,43.0072,39.4175,75.0298,92.19,57.68
26,181,1,42.8361,39.64,75.0784,93.93,58.38
27,181,1,42.8541,39.6294,75.1187,92.19,57.7
28,181,1,42.8074,39.4403,75.1787,90.66,58.25
29,181,1,42.9788,39.4914,74.8928,91.51,56.87
30,181,1,43.056,39.4929,74.8277,93.27,57.57
31,181,1,42.5513,39.4525,75.3278,88.86,57.65
32,181,1,42.7978,39.4241,75.1861,90.21,57.48
33,181,1,42.8426,39.6281,75.0896,93.38,58.29
34,181,1,42.7793,39.6592,75.1229,93.4,56.98
35,181,1,42.9819,39.441,74.9631,90.99,57.31
36,181,1,42.5304,39.3303,75.3992,80.3,52.67
37,181,1,290.024,12.417,63.0285,89.79,52.06
38,181,1,290.092,12.4729,63.0199,92.72,53.02
39,181,1,290.177,12.4755,62.9268,90.24,52.58
40,181,1,290.236,12.5003,62.7866,89.75,52.55
41,181,1,290.103,12.4656,63.0018,94.37,53.16
42,181,1,290.087,12.4713,63.0257,92.88,53.13
43,181,1,290.119,12.4805,62.9544,91.89,53.47
44,181,1,290.088,12.4516,62.9559,93.01,52.71
45,181,1,290.104,12.4815,63.0059,92.63,52.72
46,181,1,290.076,12.5101,63.1098,91.85,52.72
47,181,1,290.134,12.4851,62.9314,93.94,52.73
48,181,1,289.948,12.5255,63.2617,95.04,54.03
49,181,1,290.095,12.4956,63.0119,91.59,53.22
50,181,1,289.991,12.507,63.0925,91.2,52.46
51,181,1,290.106,12.5196,63.0317,92.02,53.1
52,181,1,290.055,12.5319,63.0084,94.53,54.15
53,181,1,290.016,12.5047,63.1077,91.18,53.07
54,181,1,289.995,12.4974,63.0373,91.16,53.47
55,181,1,289.906,12.5071,63.2063,93.6,53.75
56,181,1,290.048,12.4974,62.9824,92.02,53.36
57,181,1,290.041,12.5199,63.0646,95.08,53.22
58,181,1,289.994,12.5579,63.211,92.73,53.37
59,181,1,290.413,12.4979,62.6829,88.98,51.97
60,181,0,0,0,0,0,53.86
61,181,1,155.25,38.7326,51.5018,91.08,56.64
62,181,1,155.324,38.7187,51.4928,94.27,56.11
63,181,1,155.23,38.7034,51.519,91.37,56.95
64,181,1,155.342,38.708,51.468,92.28,56.42
65,181,1,155.332,38.7088,51.4744,91.45,55.67
66,181,1,155.258,38.7204,51.4751,89.71,56.71
67,181,1,155.182,38.726,51.5202,92.23,55.87
68,181,1,155.34,38.7221,51.4422,94.85,56.15
69,181,1,155.153,38.7095,51.5353,91.92,56.1
70,181,1,155.257,38.7126,51.4755,89.14,57.02
71,181,1,155.323,38.7059,51.4564,94.14,57.14
72,181,1,155.179,38.7013,51.5093,92.54,56.41
73,181,1,155.253,38.7097,51.4815,90.8,57.21
74,181,1,155.132,38.7071,51.5271,92.2,55.82
75,181,1,155.309,38.7008,51.4485,91.91,56.15
76,181,1,155.248,38.6855,51.4646,91.96,56.96
77,181,1,155.274,38.6862,51.4422,93.07,56.24
78,181,1,155.323,38.6866,51.4544,92.31,56.34
79,181,1,155.299,38.6869,51.4315,91.87,56.29
80,181,1,155.336,38.656,51.453,92.97,56.52
81,181,1,155.314,38.7042,51.4398,90.42,55.69
82,181,1,155.265,38.6836,51.4574,93.96,56.13
83,181,1,155.313,38.6934,51.4405,93.59,56.7
84,181,1,155.139,38.7187,51.4864,91.73,56.24
85,181,1,155.27,38.6968,51.4509,90.46,56.35
86,181,1,155.289,38.6665,51.4433,91.35,57.01
87,181,1,155.381,38.7045,51.4009,91.26,55.99
88,181,1,155.266,38.7014,51.4593,92.42,57.03
89,181,1,155.295,38.6835,51.4269,89.67,56.52
90,181,1,155.383,38.6799,51.4141,94.09,57.47
91,181,1,155.301,38.6833,51.4266,92.53,56.89
92,181,1,155.394,38.666,51.3623,93.01,56.49
93,181,1,155.247,38.6806,51.4244,92.85,56.23
94,181,1,155.399,38.6751,51.3568,94.93,56.54
95,181,1,155.301,38.6899,51.397,87.15,55.96
96,181,1,155.393,38.6441,51.3734,93.96,57.27
97,181,1,155.303,38.6825,51.4228,90.4,56.62
98,181,1,155.237,38.7032,51.4222,92.94,56.61
99,181,1,155.378,38.6809,51.3712,94.32,57.7
100,181,1,155.316,38.6805,51.3677,77.84,53.43
101,181,1,45.7436,19.4446,11.3013,93.26,57.3
102,181,1,45.7038,19.4706,11.2728,94.35,57.72
103,181,1,45.7755,19.4286,11.34,93.76,56.69
104,181,1,45.7231,19.45,11.2858,95.32,57.07
105,181,1,45.7255,19.4476,11.2829,91.25,57.36
106,181,1,45.744,19.4143,11.5091,92.85,57.7
107,181,1,45.8207,19.4048,11.3264,93.99,58.12
108,181,1,45.7402,19.4124,11.3341,94.76,56.69
109,181,1,45.6175,19.375,11.5543,87.56,58.74
110,181,1,45.6721,19.4314,11.369,92.27,58.3
111,181,1,45.6137,19.3594,11.4914,86.3,58.48
112,181,1,45.5867,19.4465,11.4646,95.58,57.79
113,181,1,45.6256,19.3843,11.5058,85.84,58.5
114,181,1,45.7626,19.3767,11.3561,95.01,57.86
115,181,1,45.5941,19.3767,11.5774,86.86,58.4
116,181,1,45.7147,19.4204,11.3612,95.6,57.4
117,181,1,45.6105,19.4254,11.3548,94.64,58.08
118,181,1,45.5703,19.3547,11.4901,84.39,58.26
119,181,1,46.8382,18.9869,10.2319,73.28,58.34
120,181,1,45.6344,19.4163,11.3844,93.89,57.76
121,181,1,45.5681,19.4002,11.4976,94.95,57.24
122,181,1,45.7422,19.3847,11.3798,93.02,58.24
123,181,1,45.6498,19.4127,11.4095,94.13,58.06
124,181,1,45.6362,19.4758,11.151,86.32,57.84
125,181,1,45.6221,19.4335,11.4005,93.59,56.89
126,181,1,45.7608,19.3823,11.3615,92.95,58.31
127,181,1,45.5469,19.408,11.5865,94.19,57.74
128,181,1,45.6318,19.3848,11.4905,94.37,57.95
129,181,1,45.5544,19.4248,11.4656,94.6,57.95
130,181,1,45.6319,19.3845,11.4497,95.05,59.04
131,181,1,45.4938,19.4071,11.5644,95.62,57.48
132,181,1,45.6905,19.3807,11.4107,93.1,58.05
133,181,1,45.5465,19.4064,11.5311,93.72,57.38
134,181,1,45.6815,19.3645,11.4344,93.87,58.46
135,181,1,45.5177,19.4134,11.413,89.68,57.11
136,181,1,45.649,19.3633,11.3926,95.84,57.87
137,181,1,45.5437,19.4019,11.4523,95.66,57.64
138,181,1,45.4914,19.386,11.6725,96.52,57.66
139,181,1,45.6006,19.3781,11.4644,96.17,57.71
140,181,1,45.562,19.4503,11.5051,86.47,58.28
141,181,1,45.4202,19.44,11.5151,89.57,57.92
142,181,1,45.7379,19.3452,11.4126,94.23,57.87
143,181,1,45.5421,19.3669,11.5813,94.42,58.28
144,181,1,45.4904,19.3983,11.621,95.41,57.42
145,181,1,45.5538,19.3556,11.5556,92.9,58.46
146,181,1,45.6343,19.3332,11.5437,94.01,57.92
147,181,1,45.5072,19.3649,11.5773,93.2,57.49
148,181,1,45.5037,19.3901,11.606,93.32,58.11
149,181,1,45.6278,19.3292,11.5338,94.51,58.25
150,181,1,45.5474,19.3472,11.4471,87.26,58.77
151,181,1,45.5621,19.3434,11.4543,94.2,58.76
152,181,1,45.6304,19.3323,11.4773,94.45,58.11
153,181,1,45.5163,19.3472,11.5701,96.52,58.19
154,181,1,45.5008,19.355,11.5819,95.13,57.77
155,181,1,45.6478,19.3469,11.427,93.3,58.02
156,181,1,45.5077,19.3806,11.5015,92.65,58.06
157,181,1,45.422,19.3571,11.572,88.43,58.89
158,181,1,45.5577,19.3712,11.4792,93.52,57.57
159,181,1,45.55,19.3489,11.5632,95.23,58.37
160,181,1,45.4725,19.3554,11.5305,93.88,57.66
161,181,1,45.5909,19.3324,11.479,93.72,57.72
162,181,1,45.5694,19.3418,11.4868,94.3,58.4
163,181,1,45.4598,19.3393,11.5208,94.34,57.98
164,181,1,45.5188,19.3059,11.5285,93.97,57.63
165,181,1,46.9886,19.0042,10.066,81.21,58.42
166,181,1,45.9759,18.9166,11.0897,84.1,57.83
167,181,1,45.5326,19.2794,11.543,95.54,57.87
168,181,1,45.4641,19.3177,11.5855,93.68,58.24
169,181,1,45.376,19.2746,11.7055,88.02,58
170,181,1,45.3602,19.3322,11.7289,94.51,57.8
171,181,1,45.4614,19.3241,11.5839,93.79,57.47
172,181,1,45.3536,19.2749,11.686,94.65,58.59
173,181,1,45.4129,19.256,11.7253,89.79,54.44
174,181,1,231.318,44.3578,27.6147,85.57,50.79
175,181,1,231.123,44.3672,27.6437,94.07,54.13
176,181,1,231.183,44.3991,27.5935,93.72,54.9
177,181,1,231.213,44.4208,27.6174,90.28,55.63
178,181,1,231.107,44.3968,27.6127,93.75,54.77
179,181,1,231.266,44.3892,27.5782,94.01,53.92
180,181,1,231.329,44.4302,27.5492,94.14,53.47
181,181,0,0,0,0,0,54.99
182,181,0,0,0,0,0,56.12
183,181,1,57.5823,3.86394,57.8081,88.13,57.92
184,181,1,62.9707,3.83704,52.479,97.12,57.59
185,181,1,62.396,3.84842,52.9704,94.5,58.71
186,181,1,61.9665,4.03364,53.4005,93.78,59.2
187,181,1,62.8573,3.87132,52.5967,97.09,58.92
188,181,1,62.582,3.8538,52.7812,96.53,59.08
189,181,1,62.3747,3.84656,52.9911,94.87,59.29
190,181,1,62.6536,3.82545,52.8802,96.85,59.88
191,181,1,62.6076,3.82728,52.7496,95.71,59.19
192,181,1,62.7149,3.83797,52.7674,94.29,60.05
193,181,1,61.5738,3.87001,53.8706,96.78,60.3
194,181,1,62.8385,3.84851,52.629,96.31,59.39
195,181,1,62.2287,3.9705,53.2338,91.26,60.15
196,181,1,62.4862,3.82317,52.9607,95.82,59.62
197,181,1,62.3647,3.82829,52.9855,94.41,59.3
198,181,1,62.4957,3.78626,52.9119,93.49,59.42
199,181,1,62.7172,3.84936,52.6946,93.57,59.6
200,181,1,63.9575,3.9346,51.3769,90.61,59.25
201,181,1,62.6658,3.82683,52.7955,96.49,58.94
202,181,1,62.487,3.84771,52.8746,94.79,59.75
203,181,1,62.3932,3.80432,52.9313,94.39,59
204,181,1,62.4696,3.79195,52.9085,96.48,58.55
205,181,1,62.4275,3.8321,52.9297,93.22,57.67
206,181,2,60.9886,3.66547,54.5461,74.98,54.83
207,181,0,0,0,0,0,52.54
208,181,1,66.9934,15.3944,69.7615,90.94,51.07
209,181,1,66.8654,15.4269,69.7712,91.55,53.26
210,181,1,66.969,15.3821,69.7358,92.84,53
211,181,1,66.9965,15.3733,69.6581,90.19,52.94
212,181,1,66.9099,15.4155,69.7295,92.04,53.01
213,181,1,66.882,15.399,69.8005,93.49,53.01
214,181,1,66.8527,15.396,69.8797,85.41,52.88
215,181,1,66.7966,15.4318,69.815,85.14,52.69
216,181,1,67.0122,15.3429,69.6136,91.77,53.68
217,181,1,66.8993,15.4017,69.7927,90.21,53.46
218,181,1,66.9303,15.3856,69.5597,93.58,53.51
219,181,1,67.0461,15.3357,69.5536,86.35,53.78
220,181,1,66.7858,15.4302,69.8911,82.78,53.37
221,181,1,66.8941,15.3801,69.746,86.42,53.63
222,181,1,66.8476,15.4113,69.8382,92.42,53.62
223,181,1,66.7952,15.4069,69.7782,93.54,53.23
224,181,1,66.8183,15.3854,69.8718,93.39,53.62
225,181,1,67.0109,15.327,69.5646,86.45,52.96
226,181,1,66.8263,15.4055,69.7557,85.84,54.22
227,181,1,66.7872,15.408,69.8424,93.83,54.59
228,181,1,66.7209,15.4059,69.9272,91.14,54.45
229,181,1,66.717,15.3964,69.8728,95.02,54.72
230,181,1,66.9212,15.3212,69.7377,92.51,53.36
231,181,1,66.8427,15.3048,69.7883,83.75,53.37
232,181,1,66.8435,15.3514,69.8527,90.69,53.58
233,181,1,66.7781,15.3147,69.813,85.22,54.24
234,181,1,66.9369,15.3017,69.6788,90.5,54.46
235,181,1,66.905,15.31,69.7042,85.84,53.39
236,181,1,66.7502,15.328,69.7833,87.07,53.2
237,181,1,66.892,15.2938,69.7623,90.97,54.28
238,181,1,66.9604,15.3046,69.631,85.64,53.48
239,181,1,66.7435,15.3086,69.8648,85.15,54.92
240,181,1,66.7443,15.3744,69.9296,94.6,53.66
241,181,1,66.8108,15.3676,69.8339,96.24,53.73
242,181,1,66.738,15.291,69.8773,95.17,54.33
243,181,1,66.8747,15.2638,69.7498,86.06,54.83
244,181,1,66.663,15.3722,69.9716,95.75,54.44
245,181,1,66.552,15.3863,70.0177,92.59,53.26
246,181,1,66.6977,15.3591,69.9052,93.01,53.65
247,181,1,66.6471,15.3618,70.0241,91.28,53.38
248,181,1,66.7505,15.3534,69.8526,93.04,54.78
249,181,1,66.6308,15.3552,70.0191,93.23,54.85
250,181,1,66.7092,15.3377,69.9398,92.27,54.41
251,181,1,66.519,15.3517,70.1139,91.29,53.96
252,181,0,0,0,0,0,49.08
253,181,0,0,0,0,0,41.46
254,181,0,0,0,0,0,35.92
255,181,0,0,0,0,0,35.7
0,182,0,0,0,0,0,36.23
1,182,2,189.442,45.1598,66.2517,55.26,56.53
2,182,0,0,0,0,0,53.57
3,182,0,0,0,0,0,56.67
4,182,1,151.146,41.5789,49.8336,93.7,48.01
5,182,1,151.178,41.5877,49.7787,93.34,53.48
6,182,1,151.042,41.547,49.7764,92.33,52.77
7,182,0,0,0,0,0,52.02
8,182,1,42.6349,39.3355,75.3216,79.04,53.23
9,182,1,42.8611,39.4535,75.1621,91.01,56.89
10,182,1,42.9919,39.4847,75.0209,90.32,57.21
11,182,1,42.6555,39.5001,75.2818,88.58,57.65
12,182,1,42.8961,39.6774,75.0396,93.87,56.9
13,182,1,42.9246,39.4204,75.1658,87.83,57.7
14,182,1,42.8007,39.4745,75.1101,92.66,57.91
15,182,1,43.1224,39.5197,74.8375,92.1,57.77
16,182,1,43.0123,39.5053,74.8597,92.87,56.7
17,182,1,43.0577,39.526,74.7942,92.9,56.97
18,182,1,43.0003,39.514,74.9214,90.3,58.29
19,182,1,42.9393,39.6719,75.0229,94.32,57.31
20,182,1,42.8446,39.6412,74.9952,81.03,54.44
21,182,0,0,0,0,0,53.67
22,182,1,42.8792,39.595,75.1421,88.8,56.13
23,182,1,43.0465,39.4682,74.8515,92.52,57.65
24,182,1,43.1518,39.4757,74.8574,91.53,57.73
25,182,1,42.9745,39.6076,75.1348,93.88,57.79
26,182,1,42.6578,39.4779,75.3073,90.28,57.98
27,182,1,42.7609,39.4486,75.15,91,57.69
28,182,1,42.7022,39.6873,75.239,92.24,58.03
29,182,1,42.9013,39.6023,75.1098,90.11,58.8
30,182,1,42.8729,39.6277,74.9799,94.97,57.92
31,182,1,42.9944,39.4795,74.8292,91.81,58.92
32,182,1,42.9651,39.619,74.9789,94.85,58.18
33,182,1,42.9774,39.6033,75.0233,96.53,58.38
34,182,1,42.99,39.4534,74.9575,93.01,57.49
35,182,1,42.8844,39.3928,74.9975,91,58.39
36,182,1,42.7657,39.6024,75.1735,85.45,53.94
37,182,1,290.108,12.4203,62.9797,92.64,51.33
38,182,1,290.084,12.4956,63.0869,88.93,51.87
39,182,1,290.084,12.4676,63.0675,91.44,51.75
40,182,1,290.152,12.4779,62.9599,91.46,52.66
41,182,1,290.119,12.4797,63.0374,90.08,52.33
42,182,1,290.219,12.4842,62.8638,94.26,52.17
43,182,1,290.116,12.4523,62.995,90.72,52.81
44,182,1,290.113,12.4939,63.0128,89.95,52.41
45,182,1,290.078,12.4818,63.0598,90.13,52.75
46,182,1,290.035,12.4556,63.0265,92.63,53.11
47,182,1,290.056,12.4801,63.0378,91.25,53.18
48,182,1,290.001,12.4544,63.0059,92.98,52.99
49,182,1,290.061,12.5243,63.0948,91.93,52.83
50,182,1,289.96,12.5122,63.143,94.7,53.46
51,182,1,289.991,12.5048,63.1689,90.54,54.11
52,182,1,290.064,12.5164,63.0731,92.66,52.9
53,182,1,289.912,12.4935,63.1609,90.36,53.34
54,182,1,289.978,12.5184,63.1696,90.16,52.42
55,182,1,290.053,12.5058,63.0327,93.05,53.33
56,182,1,289.97,12.5227,63.1759,90.76,53.72
57,182,1,289.989,12.5249,63.1127,92.9,53.66
58,182,1,289.913,12.5054,63.1719,91.17,52.27
59,182,0,0,0,0,0,52.75
60,182,1,155.264,38.6755,51.5273,92.04,54.67
61,182,1,155.428,38.7083,51.4569,95.95,55.33
62,182,1,155.316,38.704,51.4679,94.3,55.46
63,182,1,155.298,38.6697,51.4416,88.61,56.28
64,182,1,155.247,38.7145,51.4925,92.1,56.32
65,182,1,155.191,38.7352,51.4958,90.52,56.22
66,182,1,155.244,38.7248,51.4984,91.13,56.87
67,182,1,155.31,38.7119,51.4838,92.1,56.71
68,182,1,155.366,38.6908,51.4734,93.67,57.31
69,182,1,155.267,38.7167,51.4711,91.62,56.6
70,182,1,155.21,38.7092,51.5253,94.17,56.67
71,182,1,155.256,38.7053,51.5106,94.23,56.48
72,182,1,155.35,38.694,51.4748,90.85,56.17
73,182,1,155.23,38.7115,51.4895,90.73,56.69
74,182,1,155.22,38.7155,51.4744,90.67,56.22
75,182,1,155.33,38.7017,51.4467,92.13,56.17
76,182,1,155.441,38.6867,51.4147,93.12,56.29
77,182,1,155.375,38.6944,51.4652,91.94,56.92
78,182,1,155.385,38.681,51.4113,92.56,56.15
79,182,1,155.253,38.7049,51.4815,92.48,56.49
80,182,1,155.427,38.6863,51.4051,91.84,56.55
81,182,1,155.235,38.7134,51.4805,90.49,56.29
82,182,1,155.208,38.697,51.4608,89.3,55.82
83,182,1,155.268,38.6645,51.4306,93.16,56.23
84,182,1,155.301,38.6932,51.4286,89.48,56.08
85,182,1,155.292,38.6836,51.4422,92.17,56.51
86,182,1,155.367,38.6793,51.4102,92.52,57.04
87,182,1,155.362,38.6793,51.4181,94.41,56.4
88,182,1,155.445,38.654,51.3973,92.62,55.96
89,182,1,155.311,38.6998,51.4141,89.35,56.21
90,182,1,155.432,38.6844,51.3959,93.41,57.07
91,182,1,155.398,38.6851,51.4222,94.76,57.24
92,182,1,155.327,38.6876,51.4163,91.55,55.89
93,182,1,155.308,38.6934,51.4181,92.19,57.27
94,182,1,155.225,38.6888,51.4406,92.51,56
95,182,1,155.314,38.6715,51.3929,92.39,57.37
96,182,1,155.323,38.683,51.3916,91.26,56.6
97,182,1,155.341,38.671,51.4199,93.47,57.13
98,182,1,155.349,38.6873,51.3792,91.13,57
99,182,1,155.471,38.6361,51.3596,91.49,57.1
100,182,1,155.161,38.6469,51.3881,84.38,53.87
101,182,1,45.7181,19.4281,11.4116,93.45,57.49
102,182,1,46.2375,19.0228,10.8643,82.4,57.47
103,182,1,47.2172,19.1072,9.88417,79.37,58.18
104,182,1,45.7916,19.4213,11.3038,96.18,57.31
105,182,1,45.709,19.4385,11.3526,92.3,56.8
106,182,1,45.6305,19.3531,11.5376,88.05,58.08
107,182,1,45.5239,19.3776,11.6031,84.19,57.97
108,182,1,45.7757,19.3984,11.3321,91.93,58.1
109,182,1,45.5527,19.4587,11.4638,94.08,57.82
110,182,1,45.734,19.3681,11.3977,88.79,58.47
111,182,1,45.6342,19.3991,11.5069,95.95,57.28
112,182,1,45.6254,19.3588,11.4375,89.44,58.58
113,182,1,45.6189,19.3716,11.4674,86.08,58.53
114,182,1,45.5979,19.4282,11.5045,94.97,58
115,182,1,45.6402,19.3995,11.5196,92.78,57.14
116,182,1,45.6591,19.4258,11.3806,94.73,57.79
117,182,1,45.7043,19.4021,11.3673,96.07,58.38
118,182,1,45.7376,19.3877,11.4031,94.68,57.93
119,182,1,45.6652,19.3865,11.5229,95.66,57.42
120,182,1,45.6643,19.4132,11.4649,94.61,57.3
121,182,1,45.7017,19.3653,11.4333,94.1,57.59
122,182,1,45.6874,19.4297,11.3475,92.98,58.76
123,182,1,45.6821,19.3731,11.4537,94.12,57.87
124,182,1,45.5968,19.3888,11.4844,92.93,57.69
125,182,1,45.6065,19.4139,11.3873,91.76,58.42
126,182,1,45.5426,19.4288,11.4227,93.2,57.39
127,182,1,45.629,19.4118,11.4379,95.35,58.52
128,182,1,45.7203,19.3976,11.3307,94.6,58
129,182,1,45.5711,19.3605,11.5329,85.63,58.48
130,182,1,45.6615,19.3947,11.4232,95.45,58.54
131,182,1,45.793,19.3863,11.2221,93.84,57.74
132,182,1,45.6166,19.3699,11.5161,95.11,58.33
133,182,1,45.5927,19.4151,11.4254,95.31,57.82
134,182,1,45.5794,19.3869,11.4135,95.91,58.21
135,182,1,45.6608,19.3629,11.3831,93.09,58.12
136,182,1,45.5615,19.3973,11.4337,92.97,58.06
137,182,1,45.6146,19.3545,11.4669,87.86,58.98
138,182,1,45.5496,19.3871,11.5658,93.01,58.49
139,182,1,45.6208,19.3771,11.4043,92.71,58.63
140,182,1,45.5012,19.3799,11.5763,94.27,57.04
141,182,1,45.6137,19.3874,11.4677,93.72,58.5
142,182,1,45.6005,19.3576,11.5475,93.78,58.23
143,182,1,45.6094,19.3886,11.4766,93.03,58.01
144,182,1,45.626,19.3612,11.469,93.64,58.53
145,182,1,45.5566,19.3739,11.5255,95.63,56.93
146,182,1,45.5358,19.3961,11.4958,95.79,57.67
147,182,1,45.6179,19.346,11.401,93.85,58.17
148,182,1,45.4847,19.3774,11.5421,93.92,57.79
149,182,1,45.661,19.362,11.4718,94.37,58.41
150,182,1,45.5778,19.3726,11.5226,94.28,58.21
151,182,1,45.5487,19.3748,11.5594,93.68,59.17
152,182,1,45.6317,19.3767,11.4467,95.21,57.5
153,182,1,45.4949,19.3874,11.4973,94.37,58.27
154,182,1,45.6104,19.3616,11.3931,92.27,58.69
155,182,1,45.5973,19.3502,11.4581,93.61,58.21
156,182,1,45.5483,19.3765,11.5343,93.47,57.88
157,182,1,45.4903,19.2733,11.6032,88.29,59.03
158,182,1,45.3856,19.3125,11.7034,87.7,58.17
159,182,1,45.6064,19.3357,11.4611,95.34,58.38
160,182,1,45.5678,19.3225,11.5267,94.87,59.35
161,182,1,45.5815,19.3238,11.4447,94.83,57.87
162,182,1,45.4835,19.2849,11.5821,86.81,78.68
163,182,1,45.5987,19.3007,11.4601,94.13,57.61
164,182,1,45.376,19.2684,11.6985,88.27,57.83
165,182,1,45.5461,19.2886,11.479,92.63,57.63
166,182,1,45.4677,19.3227,11.5091,93.8,58.59
167,182,1,46.6837,18.9013,10.3653,74.43,58.94
168,182,1,45.3742,19.3523,11.4527,90.02,58.13
169,182,1,46.6325,18.8973,10.4356,75.28,58.47
170,182,1,46.6254,18.9174,10.4038,75.39,58.71
171,182,1,45.3925,19.326,11.566,95.55,57.65
172,182,1,45.3501,19.3139,11.78,93.21,57.1
173,182,1,47.5638,19.7828,9.70397,64.07,50.91
174,182,1,231.276,44.3821,27.6288,93.91,53.7
175,182,1,231.191,44.4137,27.6207,94.5,55
176,182,1,231.246,44.4194,27.6347,92.66,54.9
177,182,1,231.248,44.4204,27.6152,94.89,55.37
178,182,1,231.186,44.4057,27.6137,93.95,54.44
179,182,1,231.305,44.4367,27.5879,96.92,55.81
180,182,1,231.242,44.4206,27.6079,91.85,54.44
181,182,1,231.136,44.3898,27.596,93.92,55.23
182,182,1,231.51,44.2828,27.1489,84.69,54.81
183,182,0,0,0,0,0,55.97
184,182,0,0,0,0,0,56.39
185,182,1,63.1756,3.77562,52.2074,95.62,57.09
186,182,1,62.9632,3.86409,52.3523,95.74,58.68
187,182,1,62.4841,3.80843,52.9959,95.78,58.34
188,182,1,62.8886,3.87616,52.5303,96.99,58.78
189,182,1,62.4886,3.87546,52.8787,95.67,60.16
190,182,1,62.3438,3.81963,53.0155,94.63,59.55
191,182,1,62.345,3.85428,53.036,94.36,59.39
192,182,1,62.9429,3.86507,52.4015,96.45,59.68
193,182,1,62.4566,3.84233,52.9693,96.02,59.48
194,182,1,62.3967,3.81209,53.0345,96.56,60.12
195,182,1,62.4932,3.83587,52.939,96.04,59.75
196,182,1,62.3484,3.81255,53.0092,95.61,59.48
197,182,1,62.0417,3.85142,53.3851,95.21,60.19
198,182,1,62.3582,3.79734,53.0086,95.33,59.94
199,182,1,62.4766,3.80699,52.9174,96.47,60.11
200,182,1,62.2543,3.8513,53.1054,95.02,60.17
201,182,1,62.3589,3.80139,52.9962,95.56,59.44
202,182,1,62.476,3.73132,53.0229,92.79,58.92
203,182,1,62.4679,3.81319,53.0068,95.13,59.75
204,182,1,62.4686,3.81528,52.9585,96.98,59.57
205,182,1,61.9089,3.80226,53.5506,95.76,59.72
206,182,1,62.3987,3.81562,52.9476,96.54,58.93
207,182,1,61.8681,3.75923,53.4967,92.73,55.06
208,182,0,0,0,0,0,52.04
209,182,1,67.2397,15.3489,69.3922,84.87,52.16
210,182,1,66.9506,15.4167,69.7831,91.48,51.97
211,182,1,66.8643,15.4304,69.7732,91.95,52.64
212,182,1,66.9965,15.3572,69.6335,89.22,52.59
213,182,1,66.8505,15.4075,69.7812,90.91,53.27
214,182,1,66.8477,15.4255,69.786,92.25,53.97
215,182,1,66.9641,15.401,69.6899,93.76,52.94
216,182,1,67.0494,15.3339,69.638,85.47,54.27
217,182,1,67.0453,15.3398,69.6167,91.62,53.25
218,182,1,66.8797,15.3925,69.785,91.74,54.29
219,182,1,66.798,15.4351,69.8541,91.7,52.66
220,182,1,66.8257,15.3916,69.8397,92.89,53.31
221,182,1,66.8362,15.3312,69.78,87.13,53.62
222,182,1,66.7825,15.3801,69.7409,93.38,54.48
223,182,1,66.7834,15.4086,69.8464,94.16,54.3
224,182,1,67.0385,15.3096,69.6904,91.59,53.62
225,182,1,66.8062,15.3942,69.8196,94.49,54.5
226,182,1,66.9655,15.3509,69.6257,90.3,53.28
227,182,1,66.797,15.4118,69.8253,92.97,53.66
228,182,1,67.0079,15.3029,69.6821,92.49,54.49
229,182,1,66.8313,15.3944,69.7944,94.39,53
230,182,1,66.9669,15.3327,69.6569,93.99,53.87
231,182,1,66.8321,15.338,69.7919,94.04,53.66
232,182,1,66.8487,15.3553,69.85,85.1,53.95
233,182,1,66.9078,15.3205,69.7662,86.04,54.4
234,182,1,66.7764,15.319,69.8821,93.51,53.88
235,182,1,66.6889,15.3717,69.9474,92.29,53.81
236,182,1,66.6898,15.3585,69.9714,92.54,53.18
237,182,1,66.7367,15.3564,69.8835,94.75,54.2
238,182,1,66.8777,15.3368,69.8892,89.21,53.05
239,182,1,66.7978,15.347,69.8344,93.85,53.23
240,182,1,66.7786,15.3501,69.9174,92.62,53.91
241,182,1,66.8005,15.3402,69.9113,90.49,54.24
242,182,1,66.7301,15.3419,69.9385,94.57,52.96
243,182,1,66.8261,15.2856,69.8246,95.11,53.37
244,182,1,66.6185,15.3769,69.9561,84.38,52.92
245,182,1,66.9105,15.2655,69.7521,91,53.39
246,182,1,66.6646,15.3728,69.9632,92.34,53.02
247,182,1,66.7566,15.3487,69.9136,93.44,53.51
248,182,1,66.7727,15.3399,69.9016,92.04,53.81
249,182,1,66.7153,15.3388,69.9355,87.85,53.08
250,182,1,66.724,15.3025,69.8759,92.92,53.73
251,182,1,66.6981,15.3232,69.9659,92.25,54.13
252,182,1,66.8507,15.2868,69.933,92.95,49.74
253,182,0,0,0,0,0,41.39
254,182,0,0,0,0,0,35.14
255,182,0,0,0,0,0,34.53
0,183,0,0,0,0,0,35.6
1,183,0,0,0,0,0,56.57
2,183,0,0,0,0,0,53.07
3,183,0,0,0,0,0,55.59
4,183,1,151.048,41.601,49.8137,93.82,47.54
5,183,1,151.018,41.5693,49.8075,92.22,53.15
6,183,1,150.969,41.6164,49.8411,91.53,54.09
7,183,1,151.084,41.5693,49.7753,93.63,53.08
8,183,0,0,0,0,0,51.1
9,183,1,42.9549,39.6865,75.014,96.26,54.44
10,183,1,42.9968,39.5008,74.8603,92.14,57.1
11,183,1,42.6907,39.499,75.2541,88.56,57.47
12,183,1,43.105,39.4785,74.8993,92.08,57.88
13,183,1,42.911,39.4868,75.0498,88.47,58.4
14,183,1,42.9157,39.6867,75.0236,92.99,57.21
15,183,1,43.0035,39.498,74.8465,91.98,57.19
16,183,1,42.712,39.4968,75.2506,89.04,58.17
17,183,1,43.0472,39.4956,74.8599,92.41,57.74
18,183,1,43.1719,39.5352,74.7624,92.36,56.27
19,183,1,42.7829,39.6863,75.171,92.05,57.63
20,183,1,42.8551,39.4449,75.0712,88.67,55.13
21,183,1,42.9269,39.5479,75.0786,88.7,55.58
22,183,1,42.7134,39.6489,75.2154,90.74,56.45
23,183,1,42.8639,39.4014,75.1684,90.44,57.51
24,183,1,42.5939,39.4604,75.3436,88.21,57.86
25,183,1,42.7488,39.3989,75.2809,86.92,57.9
26,183,1,42.9756,39.479,74.8718,92.9,57.4
27,183,1,43.0169,39.5965,74.9985,96.72,58.05
28,183,1,42.8901,39.4163,75.0649,90.45,57.64
29,183,1,42.5115,39.4448,75.3299,84.62,58.36
30,183,1,42.8711,39.6335,75.0874,93.81,57.11
31,183,1,42.9055,39.6197,75.1491,91.8,58.31
32,183,1,42.9876,39.6295,74.9978,95.11,57.75
33,183,1,42.8165,39.6439,75.0811,94.39,58.68
34,183,1,42.6517,39.4618,75.3615,89.74,57.71
35,183,1,42.7066,39.4149,75.163,88.13,58.33
36,183,1,42.4866,39.4036,75.4282,86.73,55.38
37,183,1,289.974,12.4011,63.0124,91.38,51.35
38,183,1,290.2,12.4542,62.8686,93.5,53.02
39,183,1,290.298,12.498,62.8614,92.31,52.68
40,183,1,290.066,12.4207,62.8741,91.11,52.74
41,183,1,289.918,12.4567,63.0585,94.09,54.23
42,183,1,290.129,12.4882,63.0713,91.23,53.05
43,183,1,290.138,12.4759,62.9916,93.5,51.52
44,183,1,290.061,12.4258,62.9707,91.46,52.91
45,183,1,290.048,12.4828,62.9686,91.55,53.03
46,183,1,290.145,12.5127,62.9755,91.89,53.12
47,183,1,290.064,12.4888,63.0538,91,53.28
48,183,1,290.035,12.4738,63.0983,92.45,53.29
49,183,1,290.014,12.4765,63.0437,92.27,53.13
50,183,1,290.022,12.4781,62.9632,91.73,52.88
51,183,1,290.018,12.499,63.0307,94.1,53.71
52,183,1,289.961,12.5039,63.0744,91.89,54.06
53,183,1,290.018,12.4728,63.1126,92.57,53.26
54,183,1,290.117,12.5234,63.0188,91.01,52
55,183,1,289.942,12.5498,63.2337,95.17,52.71
56,183,1,289.988,12.4856,63.0829,92.47,53.14
57,183,1,289.999,12.5232,63.079,89.96,52.91
58,183,0,0,0,0,0,53.02
59,183,1,155.287,38.7161,51.5191,89.75,55.01
60,183,1,155.313,38.7166,51.4751,91.05,55.26
61,183,1,155.307,38.7295,51.4873,89.63,56.34
62,183,1,155.26,38.6943,51.4761,92.23,56.03
63,183,1,155.293,38.7128,51.4767,91.09,56.26
64,183,1,155.173,38.7099,51.5214,92.97,56.15
65,183,1,155.391,38.7213,51.4398,90.5,56.57
66,183,1,155.211,38.7375,51.5048,95.45,56.57
67,183,1,155.394,38.689,51.4708,92.15,55.91
68,183,1,155.247,38.7372,51.4961,89.93,55.92
69,183,1,155.166,38.7198,51.5042,90.88,56.75
70,183,1,155.388,38.698,51.444,93.07,55.94
71,183,1,155.349,38.6699,51.4656,93.39,57.05
72,183,1,155.252,38.7129,51.4828,91.23,57.3
73,183,1,155.276,38.6852,51.4703,92.75,57.16
74,183,1,155.349,38.7096,51.4811,93.37,56.26
75,183,1,155.361,38.6994,51.4571,93.08,55.63
76,183,1,155.31,38.6954,51.4803,94.58,56.46
77,183,1,155.407,38.673,51.4451,92.7,57.45
78,183,1,155.385,38.6904,51.4462,90.78,56.65
79,183,1,155.494,38.6807,51.3762,94.14,57.44
80,183,1,155.367,38.6869,51.4431,92.77,57.08
81,183,1,155.316,38.6831,51.4412,93.59,57.38
82,183,1,155.499,38.642,51.3974,93.59,56.39
83,183,1,155.281,38.7107,51.4455,90.23,56.94
84,183,1,155.388,38.689,51.4073,93.75,55.74
85,183,1,155.289,38.6531,51.4228,93.49,56.31
86,183,1,155.354,38.6907,51.4034,93.2,55.5
87,183,1,155.467,38.6751,51.3763,91.53,56.62
88,183,1,155.307,38.6821,51.418,91.05,56.27
89,183,1,155.341,38.6807,51.4227,94.89,56.27
90,183,1,155.298,38.6942,51.4029,90.39,57.52
91,183,1,155.313,38.697,51.4107,93.05,55.32
92,183,1,155.421,38.6819,51.3828,90.57,56.28
93,183,1,155.324,38.6833,51.3896,90.79,57.39
94,183,1,155.386,38.6813,51.41,93.74,56.98
95,183,1,155.26,38.6778,51.4017,90.71,56.58
96,183,1,155.47,38.6674,51.36,91.62,56.64
97,183,1,155.309,38.6807,51.411,91.54,56.38
98,183,1,155.408,38.6757,51.4035,92.31,57.07
99,183,1,155.304,38.6803,51.3914,91.57,56.52
100,183,0,0,0,0,0,55
101,183,1,45.7756,19.4571,11.2725,95.55,56.21
102,183,1,45.8246,19.4138,11.3063,94.09,57.96
103,183,1,45.6696,19.4221,11.409,94.56,57.84
104,183,1,45.6696,19.4222,11.3509,93.56,57.7
105,183,1,45.6158,19.4489,11.3577,93.76,58.23
106,183,1,45.8653,19.4074,11.2476,94.31,57.72
107,183,1,45.738,19.4222,11.3201,93.7,58.16
108,183,1,45.7008,19.42,11.301,94.22,57.17
109,183,1,45.7244,19.4319,11.3358,95.87,58.07
110,183,1,45.8532,19.3846,11.3639,93.59,58.07
111,183,1,45.6687,19.4247,11.4737,93.01,57.83
112,183,1,45.6859,19.4574,11.3178,94.11,58.21
113,183,1,45.5654,19.4259,11.4619,92.8,57.39
114,183,1,45.6892,19.4048,11.5227,93.9,57.98
115,183,1,45.6489,19.4382,11.3566,94.49,56.92
116,183,1,45.6535,19.4373,11.3704,95.92,57.42
117,183,1,45.6799,19.398,11.4499,95.29,57.6
118,183,1,45.7298,19.4265,11.2957,95.76,58.26
119,183,1,45.6691,19.4111,11.3858,94.68,58.03
120,183,1,45.7159,19.4182,11.3341,95.64,57.36
121,183,1,45.5636,19.3588,11.646,87.16,58.77
122,183,1,45.5608,19.4271,11.5036,96.43,57.85
123,183,1,45.6876,19.387,11.3783,94.24,58.15
124,183,1,45.4763,19.4181,11.5472,95.64,57.44
125,183,1,45.5567,19.3804,11.5593,95.74,57.84
126,183,1,45.635,19.3885,11.4753,94.58,58.71
127,183,1,45.6061,19.4117,11.4113,92.92,57.84
128,183,1,45.5767,19.3585,11.4845,86.73,58.36
129,183,1,45.7489,19.3906,11.3746,93.78,57.7
130,183,1,45.7573,19.4551,11.3608,93.47,57.97
131,183,1,45.5683,19.3991,11.4458,92.84,57.76
132,183,1,45.5952,19.4044,11.4204,93.32,58.1
133,183,1,45.4599,19.4583,11.4437,89.18,57.9
134,183,1,45.6956,19.3848,11.4404,94.93,58.18
135,183,1,45.6014,19.3773,11.4893,94.81,57.9
136,183,1,45.545,19.376,11.5805,94.46,57.72
137,183,1,45.6533,19.3938,11.3763,91.75,58.61
138,183,1,45.638,19.3821,11.4251,93.37,58.01
139,183,1,45.5183,19.3524,11.6102,88.68,58.9
140,183,1,45.6693,19.3734,11.4661,94.39,57.83
141,183,1,45.5498,19.3774,11.4591,93.36,57.7
142,183,1,45.4949,19.3879,11.6131,95.38,58.02
143,183,1,45.6683,19.347,11.4619,93.45,58.01
144,183,1,45.6886,19.3541,11.3891,94.35,58.37
145,183,1,45.6335,19.3726,11.4675,94.71,57.29
146,183,1,45.5966,19.384,11.4327,93.43,57.2
147,183,1,45.5448,19.3736,11.5433,95.07,58.22
148,183,1,45.6271,19.3392,11.5182,93.35,58.72
149,183,1,45.7021,19.3438,11.4105,94.12,57.91
150,183,1,45.6709,19.3597,11.4254,95.56,58.42
151,183,1,45.5971,19.3409,11.5945,94.78,58.33
152,183,1,45.4825,19.3306,11.5281,86.66,58.48
153,183,1,45.5689,19.3544,11.4903,94.88,58.02
154,183,1,45.6383,19.3641,11.4744,93.84,58.45
155,183,1,45.6947,19.3405,11.3805,94.85,58.71
156,183,1,45.4885,19.3737,11.369,91.32,58.77
157,183,1,45.5173,19.3233,11.6125,95.17,57.52
158,183,1,45.5563,19.3522,11.4616,95.48,58.4
159,183,1,45.5839,19.3245,11.4679,94.86,57.26
160,183,1,45.5146,19.3584,11.508,93.45,57.72
161,183,1,45.5899,19.3316,11.4826,95.17,57.68
162,183,1,45.5716,19.3493,11.4125,93.96,57.98
163,183,1,45.4834,19.3736,11.3818,88.55,57.74
164,183,1,45.4994,19.3271,11.4973,94.3,58.21
165,183,1,46.9582,19.0178,10.074,79.71,57.88
166,183,1,45.4943,19.259,11.5879,88.18,58.05
167,183,1,46.8667,18.9704,10.2072,79.57,57.55
168,183,1,45.3608,19.2839,11.6371,86.14,58.3
169,183,1,45.4299,19.329,11.5481,93.41,57.91
170,183,1,45.3535,19.311,11.6359,87.86,58.25
171,183,1,45.3472,19.3367,11.6003,88.12,58.4
172,183,1,45.3949,19.2874,11.7021,92.61,55.9
173,183,0,0,0,0,0,52.51
174,183,1,231.047,44.3665,27.6773,91.42,54.33
175,183,1,231.119,44.3976,27.6697,93.39,54.64
176,183,1,231.177,44.3922,27.6361,92.96,54.77
177,183,1,231.24,44.4147,27.584,94.45,56.33
178,183,1,231.13,44.3954,27.6181,93.96,55.07
179,183,1,231.294,44.4246,27.5881,87.45,55.64
180,183,1,231.162,44.3934,27.6139,95.48,55.51
181,183,1,231.354,44.418,27.5449,86.51,55.3
182,183,1,231.264,44.4031,27.608,95.66,55.05
183,183,1,231.33,44.4115,27.5624,95.8,55.03
184,183,1,231.401,44.3971,27.4852,94.11,53.68
185,183,0,0,0,0,0,54.72
186,183,0,0,0,0,0,55.91
187,183,1,63.0424,3.73643,52.5308,92.49,57.89
188,183,1,62.6876,3.76078,52.816,95.09,58.74
189,183,1,62.4592,3.83091,52.9894,95.57,58.56
190,183,1,62.9102,3.86602,52.5251,97.13,59.38
191,183,1,62.6993,3.8492,52.694,96.46,59.43
192,183,1,62.4582,3.83999,52.9742,94.63,59.33
193,183,1,63.6168,3.94045,51.7743,89.22,59.57
194,183,1,62.3335,3.85444,53.0642,95.24,60.26
195,183,1,62.3613,3.80249,53.0395,94.3,59.29
196,183,1,62.4779,3.80638,52.971,95.79,59.14
197,183,1,62.357,3.8447,53.0573,95.96,59.97
198,183,1,62.7058,3.85091,52.6696,94.24,59.38
199,183,1,62.5654,3.85341,52.7727,95.63,59.4
200,183,1,62.6124,3.83701,52.814,96.87,59.95
201,183,1,62.5952,3.84711,52.8512,97.77,59.78
202,183,1,62.6975,3.83546,52.7659,96.98,59.51
203,183,1,62.7105,3.83352,52.7526,95.85,59.52
204,183,1,58.8548,4.04217,56.5494,88.33,59.98
205,183,1,62.2084,3.81429,53.2229,96.81,60.32
206,183,1,61.1113,3.84987,54.3816,96.25,60.29
207,183,1,62.3372,3.79813,53.0416,96.07,57.93
208,183,1,61.9049,3.75361,53.5317,95.83,55.5
209,183,0,0,0,0,0,53.63
210,183,1,67.2879,15.3375,69.2731,82.22,51.2
211,183,1,67.1265,15.4095,69.6047,91.29,51.56
212,183,1,66.9811,15.4105,69.7036,92.79,53.05
213,183,1,66.9302,15.4089,69.8201,93.28,53.16
214,183,1,66.8334,15.4122,69.8994,91.92,54
215,183,1,66.9082,15.4084,69.792,90.89,53.3
216,183,1,67.1044,15.3088,69.5525,85.7,53.13
217,183,1,66.7902,15.416,69.8826,84.8,52.67
218,183,1,66.9616,15.3943,69.728,92.34,53.73
219,183,1,66.8361,15.4177,69.8173,90.77,54.28
220,183,1,66.9801,15.3491,69.6381,86.21,53.43
221,183,1,66.8569,15.3967,69.7774,91.77,54.45
222,183,1,67.0673,15.3694,69.6711,91.46,52.98
223,183,1,66.9554,15.3479,69.6164,93.31,54.49
224,183,1,66.7667,15.4087,69.8164,85.57,52.95
225,183,1,67.1377,15.3052,69.5176,84.21,52.63
226,183,1,66.8631,15.35,69.7597,91.65,53.49
227,183,1,66.7689,15.3919,69.868,92.75,54.09
228,183,1,66.6718,15.4128,69.9223,86.51,54.45
229,183,1,66.7875,15.4012,69.825,91.29,54.26
230,183,1,66.9125,15.3322,69.6587,86.39,53.84
231,183,1,66.9837,15.309,69.6675,85.32,53.93
232,183,1,66.83,15.3521,69.7382,91.88,54.25
233,183,1,66.9476,15.2944,69.6851,85.36,54.38
234,183,1,66.9196,15.3276,69.649,93.88,53.85
235,183,1,66.5797,15.3805,70.0496,91.81,53.56
236,183,1,66.9069,15.3177,69.7473,93.76,53.06
237,183,1,66.8638,15.3765,69.7083,93.76,53.71
238,183,1,66.8214,15.3051,69.7949,94.15,54.7
239,183,1,66.6549,15.3134,69.9563,87.14,53.65
240,183,1,66.6954,15.3607,69.918,83.28,53.38
241,183,1,66.8967,15.3174,69.6509,94.13,54.19
242,183,1,66.8865,15.3078,69.6942,94.12,54.42
243,183,1,66.6814,15.3849,69.9441,93.21,54.05
244,183,1,66.8728,15.2967,69.7989,93.03,53.51
245,183,1,66.9158,15.2339,69.8536,80.9,53.07
246,183,1,66.6926,15.3745,69.8794,92.73,52.75
247,183,1,66.7017,15.365,69.9699,93.34,52.33
248,183,1,66.8525,15.2766,69.7765,95.04,54.17
249,183,1,66.7651,15.3033,69.8675,86.22,54.15
250,183,1,66.6297,15.3411,70.0395,92.37,53.17
251,183,1,66.7814,15.3318,69.9092,91.64,53.05
252,183,1,66.7292,15.3011,69.966,93.7,52.03
253,183,1,66.5267,15.3442,70.1381,83.46,42.14
254,183,0,0,0,0,0,34.68
255,183,0,0,0,0,0,35.68
0,184,0,0,0,0,0,54.58
1,184,0,0,0,0,0,58.03
2,184,0,0,0,0,0,54.08
3,184,0,0,0,0,0,56.88
4,184,1,151.098,41.6128,49.8287,92.77,48.82
5,184,1,150.973,41.6156,49.8229,93.4,53.94
6,184,1,151.07,41.5979,49.7675,96.05,54.53
7,184,1,151.044,41.61,49.8068,93.97,54.37
8,184,1,151.135,41.5271,49.7244,91.19,52.02
9,184,1,42.8751,39.6788,75.136,85.43,52.37
10,184,1,42.9168,39.6799,75.0952,92.13,55.84
11,184,1,42.8666,39.4784,75.0843,88.44,56.79
12,184,1,42.8257,39.486,75.0701,90.8,57.5
13,184,1,42.8613,39.4305,75.1358,91.26,57.91
14,184,1,42.8391,39.4419,75.1638,89.63,57.34
15,184,1,43.0815,39.4887,74.8194,93.58,58.77
16,184,1,42.7184,39.4776,75.2701,88.28,57.6
17,184,1,42.9452,39.4334,75.1242,89.06,57.35
18,184,1,42.6721,39.5114,75.2362,88.69,58.1
19,184,1,42.6642,39.4668,75.2855,86.52,57.97
20,184,1,42.6914,39.4231,75.2588,85.96,57.06
21,184,1,42.9274,39.6498,74.9514,93.23,56.89
22,184,1,43.1246,39.4669,74.8446,90.06,58.29
23,184,1,43.0472,39.4926,74.8167,92.3,58.15
24,184,1,42.9973,39.4857,74.8686,93.42,58.28
25,184,1,42.8639,39.6413,75.0547,93.15,57.49
26,184,1,42.954,39.6315,75.0928,91.85,57.91
27,184,1,42.8482,39.6259,75.0702,92.9,57.41
28,184,1,42.8987,39.6258,75.1082,94.83,57.2
29,184,1,42.9099,39.6402,75.0039,95.37,59.15
30,184,1,42.9576,39.4165,75.0029,92.97,58.13
31,184,1,43.0087,39.4676,74.8512,91.97,58.15
32,184,1,42.9828,39.4694,74.9001,90.68,57.3
33,184,1,42.599,39.4324,75.3783,89.23,57.97
34,184,1,43.0204,39.4882,74.8852,92.5,57.86
35,184,1,42.9694,39.3894,75.0048,90.3,58.13
36,184,1,42.6852,39.3685,75.3031,86.19,55.71
37,184,1,289.939,12.3643,63.0064,83.22,50.18
38,184,1,290.107,12.4576,63.0107,94.02,53.37
39,184,1,290.033,12.4639,63.0843,91.83,52.25
40,184,1,290.112,12.4864,63.0163,91.16,52.45
41,184,1,289.94,12.4892,63.2509,92.56,53.63
42,184,1,290.114,12.454,62.9844,92.67,52.61
43,184,1,290.08,12.4824,63.0484,91.21,53.21
44,184,1,290.037,12.4822,63.073,92.99,52.65
45,184,1,290.003,12.4856,63.1468,89.98,53.34
46,184,1,290.003,12.4909,63.0672,91.65,53.99
47,184,1,289.969,12.4819,63.1275,92.43,53.6
48,184,1,289.992,12.4876,63.108,89.78,53.49
49,184,1,290.003,12.5442,63.2478,94.77,53.52
50,184,1,290.037,12.5221,63.101,92.07,52.94
51,184,1,290.018,12.5096,63.1504,92.88,53
52,184,1,290.062,12.5005,62.9879,91.05,53.02
53,184,1,289.962,12.5053,63.0752,93.27,53.33
54,184,1,289.978,12.5001,63.0857,96.62,53.38
55,184,1,289.99,12.51,63.0558,92.5,52.93
56,184,1,289.842,12.5201,63.2757,88.65,51.55
57,184,0,0,0,0,0,52.03
58,184,1,155.243,38.7318,51.533,91.4,54.34
59,184,1,155.268,38.7353,51.4911,91.37,55.79
60,184,1,155.331,38.71,51.5119,92.37,57.13
61,184,1,155.239,38.7146,51.505,90.68,56.63
62,184,1,155.259,38.6937,51.4993,93.29,56.17
63,184,1,155.328,38.7055,51.4833,90.77,56.02
64,184,1,155.286,38.7096,51.4907,92.55,56.6
65,184,1,155.299,38.667,51.4855,95.82,56.6
66,184,1,155.262,38.7094,51.4653,90.97,56.46
67,184,1,155.312,38.702,51.4753,93.89,56.1
68,184,1,155.367,38.7151,51.448,92.49,56.22
69,184,1,155.304,38.7186,51.4595,93.28,57.11
70,184,1,155.43,38.6964,51.4362,93.52,56.71
71,184,1,155.327,38.6958,51.4587,92.87,56.26
72,184,1,155.248,38.6868,51.4742,94.33,56.16
73,184,1,155.199,38.7094,51.4776,91.19,55.63
74,184,1,155.316,38.6883,51.4665,92.64,56.65
75,184,1,155.381,38.709,51.434,93.11,56.98
76,184,1,155.325,38.6853,51.4592,91.64,56.43
77,184,1,155.486,38.6635,51.3906,92.58,57.98
78,184,1,155.312,38.6925,51.476,95.61,57.17
79,184,1,155.404,38.6933,51.4296,91.89,57.17
80,184,1,155.34,38.6933,51.4257,93,56.82
81,184,1,155.268,38.7085,51.4563,93.5,56.99
82,184,1,155.266,38.6945,51.4574,92.39,57.35
83,184,1,155.276,38.6836,51.4393,93.72,56.07
84,184,1,155.303,38.7001,51.4273,90.96,56.13
85,184,1,155.287,38.6924,51.4521,93.78,56.92
86,184,1,155.338,38.6932,51.4307,91.3,57.23
87,184,1,155.413,38.6937,51.4314,92.88,56.39
88,184,1,155.346,38.6993,51.4171,92.5,57.11
89,184,1,155.326,38.7044,51.4212,90.88,56.62
90,184,1,155.422,38.6703,51.3874,95.02,57
91,184,1,155.352,38.6891,51.4062,92.43,56.63
92,184,1,155.21,38.6925,51.4561,92.72,56.8
93,184,1,155.369,38.654,51.3845,89.92,56.23
94,184,1,155.412,38.666,51.4022,90.38,56.87
95,184,1,155.426,38.6843,51.4062,92.1,57.03
96,184,1,155.345,38.6703,51.412,92.96,56.39
97,184,1,155.35,38.6741,51.4051,91.4,57.32
98,184,1,155.341,38.68,51.3919,89.64,57.29
99,184,1,155.33,38.6805,51.3787,89.66,56.53
100,184,1,155.43,38.6762,51.3662,79.77,55.11
101,184,1,45.737,19.4337,11.2868,92.69,56.29
102,184,1,45.8642,19.3916,11.2456,92.99,57.35
103,184,1,45.6643,19.3469,11.504,88.52,58
104,184,1,45.7688,19.4227,11.3821,94.24,56.69
105,184,1,45.739,19.4325,11.3215,95.38,57.47
106,184,1,45.7443,19.424,11.3143,93.77,58.04
107,184,1,45.7525,19.4217,11.3426,95.61,57.83
108,184,1,45.6329,19.3856,11.4353,87.55,58.5
109,184,1,45.7605,19.3892,11.4163,94.79,57.64
110,184,1,45.7832,19.3895,11.3062,94.71,57.74
111,184,1,45.6175,19.4452,11.4341,93.9,56.98
112,184,1,45.6479,19.442,11.34,94.23,57.57
113,184,1,45.6127,19.3712,11.4309,87.45,58.58
114,184,1,45.6819,19.4103,11.3729,94.2,57.95
115,184,1,45.5981,19.4127,11.4834,91.19,57.73
116,184,1,45.6471,19.4078,11.3514,94.92,57.41
117,184,1,45.6197,19.3864,11.3846,86.63,58.11
118,184,1,45.6598,19.4352,11.3082,91.81,57.86
119,184,1,45.6048,19.4134,11.6058,93.14,57.87
120,184,1,45.6475,19.4423,11.2226,85.89,57.44
121,184,1,45.666,19.4107,11.4257,94.03,57.46
122,184,1,45.6524,19.3647,11.4824,95.09,58.4
123,184,1,45.6083,19.354,11.5168,86.65,58.56
124,184,1,45.6482,19.4166,11.3708,93.14,57.91
125,184,1,45.6384,19.3951,11.4309,94.75,57.11
126,184,1,45.6264,19.3708,11.4523,92.7,58.65
127,184,1,45.6024,19.4079,11.3771,94.27,57.74
128,184,1,45.5626,19.3481,11.5175,87.05,58.39
129,184,1,45.5294,19.3801,11.5489,96.47,57.68
130,184,1,45.6575,19.3644,11.4756,93.45,57.73
131,184,1,45.5581,19.4072,11.4948,93.58,57.71
132,184,1,45.6678,19.3689,11.4666,93.97,58.29
133,184,1,45.6253,19.3728,11.4387,95.31,57.95
134,184,1,45.7506,19.3643,11.295,95.07,58.32
135,184,1,45.6442,19.4145,11.3504,93.43,58.61
136,184,1,45.6358,19.395,11.428,96.81,58.04
137,184,1,45.6234,19.3799,11.4053,93.69,57.27
138,184,1,45.5736,19.3795,11.4999,96.57,57.73
139,184,1,45.491,19.3941,11.5824,92.85,58.33
140,184,1,45.5531,19.3947,11.4784,95.62,58.43
141,184,1,45.537,19.3834,11.4819,95.22,58.13
142,184,1,45.5674,19.3722,11.583,93.83,58.09
143,184,1,45.6395,19.3534,11.4363,92.97,58.05
144,184,1,45.5336,19.3722,11.556,95.23,57.42
145,184,1,45.6265,19.3586,11.468,93.33,58.22
146,184,1,45.6657,19.3582,11.4119,93.47,58.57
147,184,1,45.609,19.3501,11.556,94.51,58.12
148,184,1,45.4307,19.3393,11.6224,88.64,58.85
149,184,1,45.5863,19.3674,11.4391,93.45,57.94
150,184,1,45.5685,19.3376,11.5379,92.36,58.08
151,184,1,46.7758,18.967,10.1824,75.26,58.97
152,184,1,45.4571,19.3703,11.6819,91.76,57.77
153,184,1,45.5731,19.356,11.5234,95.11,58.27
154,184,1,45.5885,19.3585,11.5358,93.49,58.41
155,184,1,45.5588,19.3149,11.5785,87.6,58.31
156,184,1,45.5159,19.3644,11.5081,93.65,57.73
157,184,1,45.4994,19.3773,11.4536,94.6,57.49
158,184,1,45.5554,19.3372,11.5181,93.15,57.9
159,184,1,45.5457,19.353,11.439,91.38,57.76
160,184,1,45.5479,19.3598,11.4569,93.93,57.62
161,184,1,45.536,19.337,11.4633,94.52,57.69
162,184,1,46.9187,18.9962,10.0709,77.16,57.27
163,184,1,45.4034,19.3502,11.5837,95.29,57.97
164,184,1,45.4508,19.3298,11.5275,94.67,57.79
165,184,1,45.5735,19.2955,11.5067,95.65,58.29
166,184,1,46.9081,19.0078,10.1626,79.88,58.26
167,184,1,45.0927,18.7561,11.9398,80.13,57.96
168,184,1,46.6632,18.8909,10.4469,75.34,58.2
169,184,1,45.386,19.3289,11.6031,88.26,58.4
170,184,1,45.4211,19.2798,11.684,88.2,58.17
171,184,1,45.4752,19.3053,11.5332,94.97,57.36
172,184,1,45.5392,19.2916,11.5828,95.05,54.23
173,184,1,231.319,44.3976,27.6607,90.26,52.39
174,184,1,231.312,44.4156,27.6168,94.68,54.63
175,184,1,231.175,44.4113,27.6167,95.71,55.27
176,184,1,231.141,44.403,27.6608,92.09,55.27
177,184,1,231.135,44.3911,27.6446,91.84,54.7
178,184,1,231.241,44.3917,27.6205,93.54,55.96
179,184,1,231.201,44.4069,27.6202,94.21,55.37
180,184,1,231.138,44.4096,27.649,91.84,55.44
181,184,1,231.161,44.4045,27.6256,92.46,55.76
182,184,1,231.255,44.4103,27.5754,93.02,55.94
183,184,1,231.118,44.3763,27.6141,93.19,55.32
184,184,1,231.232,44.4033,27.6004,95.38,55.28
185,184,1,231.298,44.3813,27.5429,88.58,54.76
186,184,1,231.289,44.4211,27.5444,92.3,54.62
187,184,0,0,0,0,0,56.13
188,184,0,0,0,0,0,56.43
189,184,1,62.871,3.76371,52.5467,94.16,56.97
190,184,1,62.7724,3.80679,52.6507,96.37,57.92
191,184,1,62.5057,3.84824,52.7882,93.34,59.3
192,184,1,62.6287,3.85913,52.8388,95.58,58.9
193,184,1,62.8973,3.86022,52.4637,97.54,59.23
194,184,1,62.8607,3.83169,52.5854,90.4,59.08
195,184,1,62.544,3.82947,52.8191,91.64,59.32
196,184,1,62.1432,3.86894,53.1823,94.82,60.15
197,184,1,62.4888,3.81324,52.8885,96.58,59.73
198,184,1,62.6181,3.76301,52.8329,95.93,59.45
199,184,1,62.3626,3.78237,53.0431,94.09,59.69
200,184,1,62.5524,3.84001,52.8011,94.64,59.59
201,184,1,62.477,3.8581,52.8683,95.29,60.09
202,184,1,62.6887,3.84103,52.6846,95.43,59.9
203,184,1,61.9065,3.98882,53.5002,91.91,60.4
204,184,1,62.31,3.78183,53.0951,96.31,59.66
205,184,1,62.3719,3.80395,53.0959,94.78,59.47
206,184,1,62.4859,3.81413,52.9893,95.9,59.69
207,184,1,62.4472,3.83393,52.8927,94.47,59.83
208,184,1,62.4201,3.79249,52.9701,96.64,59.61
209,184,1,62.2839,3.77716,53.088,94.8,57.63
210,184,2,60.8477,3.66248,54.5988,73.36,53.01
211,184,0,0,0,0,0,51.34
212,184,1,66.94,15.4307,69.6572,90.54,51.68
213,184,1,66.9803,15.4211,69.642,91.94,51.99
214,184,1,67.0684,15.3851,69.5305,92.7,52.84
215,184,1,67.0618,15.3576,69.5484,92,53.08
216,184,1,66.9723,15.3523,69.6696,92.87,53.82
217,184,1,66.8993,15.4137,69.7399,91.74,53.37
218,184,1,66.848,15.4084,69.8648,92.84,53.01
219,184,1,67.0468,15.3401,69.6716,94.39,53.88
220,184,1,66.8474,15.3887,69.7953,86.79,53.54
221,184,1,66.8273,15.4044,69.8011,94.98,53.91
222,184,1,67.0052,15.3685,69.8081,92.12,54.38
223,184,1,67.0677,15.3168,69.5922,85.44,53.19
224,184,1,66.9831,15.3673,69.7361,92.76,53.3
225,184,1,66.9588,15.379,69.6701,92.66,53.63
226,184,1,66.9691,15.3287,69.6075,84.58,54.14
227,184,1,66.7755,15.357,69.7613,95.27,53.71
228,184,1,66.7549,15.4154,69.8587,91.77,53.29
229,184,1,66.8795,15.3533,69.698,83.71,53.42
230,184,1,66.7222,15.401,69.9549,92.41,53.59
231,184,1,66.7787,15.3848,69.8336,92.6,53.26
232,184,1,66.8193,15.3148,69.7491,85.58,54.33
233,184,1,66.8486,15.2909,69.7346,86.2,53.2
234,184,1,66.8947,15.3193,69.7077,93.13,53.93
235,184,1,66.8626,15.3117,69.7041,86.58,53.04
236,184,1,66.9099,15.3331,69.7808,91.82,53.88
237,184,1,66.7987,15.3466,69.8774,89.91,54.02
238,184,1,66.9385,15.2932,69.7124,92.77,53.4
239,184,1,66.823,15.3279,69.9227,90.96,53.42
240,184,1,66.8326,15.3386,69.8411,92.88,54.21
241,184,1,66.7679,15.3491,69.9209,91.6,54.26
242,184,1,66.6465,15.3771,69.928,85.13,53.94
243,184,1,66.5881,15.3742,70.0914,85.55,53.71
244,184,1,66.8111,15.278,69.8534,83.99,53.43
245,184,1,66.7657,15.3362,69.9384,92.47,53.39
246,184,1,66.8253,15.2817,69.756,86.22,53.77
247,184,1,66.5013,15.3896,70.0518,86.07,53.62
248,184,1,66.8302,15.2911,69.7685,95.21,53.56
249,184,1,66.7256,15.3559,69.8408,92.96,54.68
250,184,1,66.7684,15.3365,69.9022,92.51,54.27
251,184,1,66.7559,15.3412,69.8192,93.12,53.42
252,184,1,66.7106,15.3274,69.9512,90.41,53.88
253,184,1,66.4862,15.3353,70.1046,93.5,43.58
254,184,0,0,0,0,0,35.74
255,184,0,0,0,0,0,35.18
0,185,0,0,0,0,0,54.73
1,185,0,0,0,0,0,56.6
2,185,0,0,0,0,0,53.66
3,185,0,0,0,0,0,56.89
4,185,1,151.107,41.6114,49.812,92.83,49.32
5,185,1,151.104,41.5813,49.7758,91.81,53.55
6,185,1,151.064,41.5904,49.783,91.26,53.26
7,185,1,151.051,41.5826,49.7694,90.17,54.42
8,185,1,151.086,41.5703,49.7695,91.59,51.61
9,185,1,270.616,11.6719,77.1789,83.71,51.51
10,185,1,42.9697,39.6623,75.0375,91.17,54.88
11,185,1,42.9396,39.6367,75.0705,91.9,56.14
12,185,1,42.9203,39.6465,75.0582,91.29,57.09
13,185,1,43.0578,39.5053,74.8087,90.99,57.72
14,185,1,42.6819,39.4771,75.2403,89.76,57.46
15,185,1,42.86,39.4444,75.1195,87.28,57.25
16,185,1,42.7772,39.4396,75.1294,89.6,58.19
17,185,1,42.7301,39.7071,75.1889,92.6,56.69
18,185,1,43.0151,39.6247,74.9455,95.23,57.08
19,185,1,42.6409,39.4915,75.2549,90.52,58.33
20,185,1,42.797,39.7103,75.2072,91.49,57.6
21,185,1,43.0271,39.4954,74.7778,92.04,57.78
22,185,1,42.9398,39.605,75.0916,90.85,57.85
23,185,1,42.9931,39.4802,74.9408,90.72,58.22
24,185,1,42.9805,39.6157,74.9394,93.68,57.24
25,185,1,42.7193,39.4776,75.3001,90.69,57.18
26,185,1,42.968,39.5921,75.1196,93.7,58.36
27,185,1,42.8451,39.6225,75.1067,93.74,57.77
28,185,1,42.8004,39.4753,75.097,87.05,57.39
29,185,1,42.8953,39.6004,75.1072,94.74,58.68
30,185,1,42.9844,39.4434,74.9405,94.51,57.95
31,185,1,42.9508,39.6131,75.0552,95.95,57.98
32,185,1,42.8698,39.6155,75.0976,94.25,58.1
33,185,1,43.01,39.573,75.0564,94,58.21
34,185,1,43.0189,39.4781,74.8636,92.34,57.89
35,185,1,42.8949,39.4471,75.0228,92.51,58.46
36,185,1,42.655,39.6596,75.3103,93.72,57
37,185,0,0,0,0,0,51.5
38,185,1,290.136,12.4392,62.9926,90.87,53.14
39,185,1,289.956,12.4564,63.1329,93.36,53.04
40,185,1,290.056,12.4985,63.0694,88.78,52.94
41,185,1,289.989,12.4725,63.1359,91.83,53.37
42,185,1,290.164,12.5053,63.0056,92.7,53.14
43,185,1,290.103,12.4753,62.953,92.26,53.14
44,185,1,290.063,12.4568,63.0716,93.15,52.83
45,185,1,290.052,12.4689,62.9868,91.03,53.4
46,185,1,290.041,12.4433,63.0535,91.2,52.28
47,185,1,289.905,12.4548,63.0849,88.93,51.69
48,185,1,290.065,12.4965,63.0147,93.34,52.39
49,185,1,290,12.5125,63.149,91.3,53.08
50,185,1,289.985,12.4763,63.0161,91,52.53
51,185,1,290.003,12.4811,63.1076,93.09,53.13
52,185,1,290.045,12.4867,62.9897,91.79,53.42
53,185,1,289.967,12.4632,63.0743,93.05,52.81
54,185,1,289.953,12.4847,63.0844,93.36,53.29
55,185,1,289.98,12.5081,63.0662,93.6,53.03
56,185,1,289.912,12.5474,63.2682,81.87,52.7
57,185,1,155.372,38.71,51.473,84.26,53.68
58,185,1,155.257,38.7193,51.5066,90.68,55.41
59,185,1,155.381,38.7137,51.4675,92.65,55.14
60,185,1,155.167,38.7308,51.503,92.1,57.22
61,185,1,155.167,38.6888,51.506,95.03,56.23
62,185,1,155.238,38.7161,51.5103,89.81,55.62
63,185,1,155.34,38.6718,51.4512,91.01,56.13
64,185,1,155.265,38.7185,51.494,89.99,56.3
65,185,1,155.234,38.7137,51.5144,92.92,55.66
66,185,1,155.237,38.7306,51.4801,90.51,56.12
67,185,1,155.486,38.681,51.3958,95.08,57.17
68,185,1,155.393,38.716,51.4349,90.65,56.19
69,185,1,155.367,38.6975,51.4448,90.68,56.73
70,185,1,155.4,38.7149,51.4597,92.16,55.9
71,185,1,155.306,38.7173,51.4553,90.39,56.69
72,185,1,155.317,38.7051,51.4666,90.79,56.78
73,185,1,155.352,38.6884,51.4772,94.04,55.04
74,185,1,155.205,38.7092,51.5011,92.53,57.27
75,185,1,155.399,38.6945,51.456,93.15,56.32
76,185,1,155.27,38.6936,51.4499,89.98,56.73
77,185,1,155.196,38.6938,51.468,91.94,55.76
78,185,1,155.387,38.6976,51.4283,92.45,56.95
79,185,1,155.389,38.6945,51.4079,91.92,56.04
80,185,1,155.45,38.6652,51.3658,95.21,57.39
81,185,1,155.314,38.6832,51.4375,93.61,56.68
82,185,1,155.298,38.6982,51.4348,92.47,56.78
83,185,1,155.355,38.6868,51.4327,93.63,56.07
84,185,1,155.272,38.6968,51.4474,88.06,56.55
85,185,1,155.335,38.689,51.4345,94.88,57.56
86,185,1,155.387,38.7085,51.4145,91.72,55.76
87,185,1,155.357,38.6955,51.4304,94.28,57.05
88,185,1,155.25,38.6966,51.4528,92.63,57.51
89,185,1,155.37,38.6467,51.4092,92.63,57.69
90,185,1,155.27,38.6883,51.4178,93.94,56.83
91,185,1,155.292,38.6806,51.4117,94.19,56.38
92,185,1,155.231,38.7018,51.4225,91.08,56.57
93,185,1,155.222,38.7005,51.4152,93.38,56.59
94,185,1,155.369,38.6933,51.4096,92.02,57.5
95,185,1,155.285,38.6744,51.4219,91.31,57.07
96,185,1,155.221,38.6908,51.4389,94.06,56.54
97,185,1,155.456,38.6569,51.381,93.04,56.68
98,185,1,155.266,38.6922,51.4227,92.45,56.56
99,185,1,155.313,38.6879,51.4079,93.55,57
100,185,0,0,0,0,0,54.5
101,185,1,45.7548,19.4164,11.2626,91.47,56.37
102,185,1,45.7148,19.4187,11.3053,94.45,56.94
103,185,1,45.7504,19.3944,11.3921,93.81,58.31
104,185,1,45.6572,19.3798,11.4319,85.92,58.45
105,185,1,45.6983,19.402,11.4451,94.03,57.9
106,185,1,45.7277,19.4304,11.3692,95.92,57.68
107,185,1,45.7285,19.4419,11.3156,94.61,58.37
108,185,1,45.737,19.4296,11.2888,93.49,58.42
109,185,1,46.2911,19.0883,10.8288,83.36,58.24
110,185,1,45.6579,19.3589,11.406,89.02,58.63
111,185,1,45.5935,19.3785,11.4934,86.66,58.02
112,185,1,45.562,19.4972,11.3853,84.78,57.95
113,185,1,45.7677,19.4025,11.3588,91.13,57.75
114,185,1,45.7202,19.4063,11.4501,93.67,58.52
115,185,1,45.6597,19.4252,11.3614,94.08,57.58
116,185,1,45.792,19.3861,11.3254,94.71,57.45
117,185,1,46.0909,19.0255,10.9509,80.92,58.2
118,185,1,45.6009,19.4231,11.4819,97.12,58.34
119,185,1,45.6815,19.4024,11.3828,95.51,57.6
120,185,1,45.6479,19.4081,11.4061,94.28,57.47
121,185,1,45.6299,19.3463,11.4944,88.03,58.8
122,185,1,45.6718,19.3836,11.3944,87.45,58.48
123,185,1,45.5695,19.4113,11.5841,93.1,57.73
124,185,1,45.653,19.3379,11.4916,87.42,59.2
125,185,1,46.8606,18.9834,10.2094,73.17,58.6
126,185,1,47.1561,19.084,9.9567,78.13,57.9
127,185,1,45.7584,19.3354,11.4865,93.65,58.39
128,185,1,45.6702,19.3903,11.3776,92.31,58.43
129,185,1,45.5475,19.4016,11.566,92.86,57.29
130,185,1,47.067,19.0823,10.0059,81.52,58.08
131,185,1,45.5993,19.3824,11.474,94.78,58.27
132,185,1,45.586,19.3992,11.4838,93.25,58.07
133,185,1,45.5788,19.3875,11.5693,95.31,58
134,185,1,45.6489,19.3922,11.4199,95.59,57.93
135,185,1,45.5553,19.3667,11.4639,87.73,58.63
136,185,1,45.6938,19.3468,11.3827,94.08,57.9
137,185,1,45.7225,19.3626,11.3261,94.6,58.05
138,185,1,45.5724,19.3738,11.4729,93.38,57.75
139,185,1,45.6071,19.3749,11.4472,94.87,58.05
140,185,1,45.7135,19.3662,11.4039,92.84,57.96
141,185,1,45.5643,19.3502,11.5163,85.88,58.07
142,185,1,45.6817,19.3586,11.3966,93.59,58.87
143,185,1,45.4815,19.3634,11.5339,87.82,59.14
144,185,1,45.5925,19.3687,11.6067,95.46,58.08
145,185,1,45.5523,19.3776,11.4751,94.77,57.79
146,185,1,46.705,18.9757,10.3803,74.83,58.26
147,185,1,45.5337,19.3498,11.5556,93.3,57.88
148,185,1,45.5197,19.3924,11.4477,94.1,57.98
149,185,1,46.9971,19.0771,10.0542,80.69,57.84
150,185,1,45.5957,19.3605,11.5391,96.69,57.48
151,185,1,45.5236,19.3742,11.4658,94.89,58.02
152,185,1,45.6697,19.3464,11.3876,94.88,58.22
153,185,1,45.448,19.313,11.6643,87.42,58.3
154,185,1,45.5576,19.3621,11.4663,94.38,57.65
155,185,1,45.555,19.3356,11.5474,95.31,57.43
156,185,1,45.4848,19.3397,11.611,95.66,58.52
157,185,1,45.5553,19.3381,11.5184,92.93,57.96
158,185,1,45.4857,19.3023,11.562,87.01,58.52
159,185,1,45.479,19.3599,11.6032,93.07,57.9
160,185,1,45.5569,19.323,11.5098,93.21,58.69
161,185,1,45.5027,19.2946,11.6224,92.99,58.19
162,185,1,45.4564,19.2695,11.6266,89.01,57.69
163,185,1,45.6143,19.3353,11.2673,89.24,57.79
164,185,1,45.5598,19.2712,11.5644,90.91,57.29
165,185,1,45.4438,19.284,11.666,91.16,57.51
166,185,1,45.548,19.3049,11.5331,95.74,58.1
167,185,1,45.4359,19.326,11.6338,96.79,57.84
168,185,1,45.416,19.3474,11.6031,92.73,57.49
169,185,1,46.6446,18.9252,10.323,75.06,58.26
170,185,1,45.361,19.3535,11.622,94.6,57.64
171,185,1,45.4593,19.3156,11.6083,94.57,57.53
172,185,1,45.5201,19.2706,11.5664,83.3,53.02
173,185,1,231.264,44.3876,27.6157,93.34,53.75
174,185,1,231.261,44.3977,27.6161,93.79,54.81
175,185,1,231.214,44.3995,27.6237,88.78,55.63
176,185,1,231.215,44.4119,27.6269,94.19,55
177,185,1,231.131,44.4072,27.6442,91.04,53.94
178,185,1,231.16,44.3867,27.6355,92.39,54.52
179,185,1,231.276,44.3902,27.5928,95.46,55.68
180,185,1,231.118,44.406,27.6528,93.17,55.67
181,185,1,231.149,44.4157,27.6407,93.6,55.8
182,185,1,231.129,44.395,27.6193,94.49,55.4
183,185,1,231.24,44.4139,27.6138,95.22,55.17
184,185,1,231.258,44.4264,27.61,95.28,55.91
185,185,1,231.091,44.3966,27.6524,90.77,55.47
186,185,1,231.167,44.3975,27.6171,94.76,55.68
187,185,1,231.297,44.4285,27.574,94.58,54.8
188,185,1,231.31,44.4239,27.5164,93.54,55.16
189,185,0,0,0,0,0,55.71
190,185,1,63.205,3.80359,52.2335,87.3,56.93
191,185,1,62.0121,3.80234,53.512,90.91,57.25
192,185,1,58.0052,3.72326,57.2766,87.09,58.87
193,185,1,62.5714,3.85133,52.8392,96.47,59.33
194,185,1,62.4437,3.8199,52.8925,94.19,59.95
195,185,1,62.492,3.8466,52.9363,93.54,59.47
196,185,1,62.3313,3.81986,53.0785,95.67,59.69
197,185,1,62.3766,3.829,53.0895,95.31,59.63
198,185,1,62.462,3.79698,52.9112,94.18,59.26
199,185,1,62.0182,3.82158,53.5111,95.88,60.17
200,185,1,61.9789,3.85668,53.4485,96.9,59.65
201,185,1,62.3338,3.8007,53.1442,94.93,59.79
202,185,1,62.4671,3.7897,52.9044,94.57,59.63
203,185,1,62.1856,3.84127,53.1266,94.62,60.23
204,185,1,62.8388,3.82748,52.5697,94.32,59.37
205,185,1,62.5552,3.79451,52.935,94.97,59.76
206,185,1,62.3439,3.80504,52.9752,94.78,59.17
207,185,1,62.5975,3.78984,52.7995,95.49,58.26
208,185,1,62.6424,3.83313,52.7835,96.22,59.91
209,185,1,63.0545,3.8114,52.3521,95.68,60.43
210,185,1,62.251,3.78649,53.1054,95.05,56.71
211,185,1,61.7489,3.74726,53.5931,94.97,54.73
212,185,0,0,0,0,0,52.31
213,185,1,67.3075,15.3412,69.2768,81.17,51.68
214,185,1,66.9449,15.3876,69.8179,88.15,52.75
215,185,1,67.1325,15.3087,69.5681,85.35,52.47
216,185,1,66.9104,15.4188,69.7302,92.34,52.99
217,185,1,66.9871,15.3355,69.5835,84.25,52.38
218,185,1,66.8643,15.3953,69.8359,92.47,53.86
219,185,1,66.8385,15.4157,69.7581,91.09,54.13
220,185,1,66.8308,15.4128,69.7971,86.07,53.23
221,185,1,66.933,15.353,69.6729,91.48,54.13
222,185,1,66.9736,15.3891,69.6582,93.5,53.39
223,185,1,66.8844,15.4088,69.8001,89.87,53.94
224,185,1,66.9679,15.3548,69.7852,91.49,53.89
225,185,1,67.0593,15.3035,69.6188,84.74,53.96
226,185,1,67.0206,15.3419,69.6236,92.4,53.91
227,185,1,66.8376,15.3609,69.8409,83.68,53.09
228,185,1,66.9401,15.3625,69.6648,92.92,55.09
229,185,1,66.8567,15.3685,69.7693,89.22,53.81
230,185,1,66.8246,15.3711,69.897,87.04,53.63
231,185,1,66.7805,15.3906,69.7584,93.45,53.49
232,185,1,66.9894,15.3025,69.6444,91.2,52.77
233,185,1,66.5989,15.3947,69.9865,92.39,54.79
234,185,1,66.927,15.2924,69.7239,94.65,53.51
235,185,1,66.9064,15.3331,69.6453,91.93,53.83
236,185,1,66.7808,15.3464,69.9141,93.39,54.07
237,185,1,66.9146,15.3035,69.6853,91.65,53.8
238,185,1,66.7337,15.368,69.923,92.04,53.67
239,185,1,66.6096,15.3209,69.9043,84.35,53.86
240,185,1,66.8797,15.3071,69.7137,85.86,53.97
241,185,1,66.6634,15.3403,69.8694,94.05,53.17
242,185,1,66.7721,15.3645,69.9436,83.86,54.26
243,185,1,66.7011,15.3363,70.0035,91.11,54.46
244,185,1,66.8639,15.3287,69.7194,91.64,53.75
245,185,1,66.8927,15.2878,69.7167,84.83,53.24
246,185,1,66.6569,15.3863,69.8984,86.93,52.82
247,185,1,66.7465,15.3691,69.8546,90.58,54.54
248,185,1,66.8715,15.3172,69.7495,93.08,53.14
249,185,1,66.747,15.2915,69.9024,92.78,52.89
250,185,1,66.5947,15.306,69.9951,86.04,53.84
251,185,1,66.7898,15.3348,69.8829,91.27,53.81
252,185,1,66.8282,15.2676,69.793,84.54,53.15
253,185,1,66.7562,15.2787,70.0415,89.18,44.71
254,185,0,0,0,0,0,35.23
255,185,0,0,0,0,0,34.44
0,186,0,0,0,0,0,55.92
1,186,0,0,0,0,0,58.1
2,186,0,0,0,0,0,54.66
3,186,0,0,0,0,0,55.57
4,186,1,151.159,41.6171,49.7879,93.02,49.18
5,186,1,151.054,41.6213,49.8128,93.42,54.37
6,186,1,151.138,41.5938,49.7522,90.38,54.82
7,186,1,151.036,41.6128,49.7869,93.47,54.17
8,186,1,151.001,41.5544,49.8006,91.85,52.52
9,186,1,270.425,11.6513,77.3777,89.63,49.89
10,186,0,0,0,0,0,52.31
11,186,1,43.0236,39.6557,74.9275,94.25,55.11
12,186,1,42.9594,39.6372,75.0469,91.19,56.68
13,186,1,42.9008,39.6519,75.0342,91.71,56.55
14,186,1,42.9002,39.6564,75.0358,91.8,57.15
15,186,1,42.8102,39.4611,75.1173,91.54,57.57
16,186,1,42.6693,39.4778,75.303,89.4,57.36
17,186,1,43.0684,39.443,74.931,93.67,57.4
18,186,1,42.9591,39.6463,75.0276,93.38,57.21
19,186,1,42.7662,39.4408,75.1423,91.82,58.82
20,186,1,42.8973,39.6244,75.0672,94.72,58.46
21,186,1,42.9058,39.6107,75.0969,95.31,57.97
22,186,1,42.7975,39.6902,75.2241,91,58.14
23,186,1,42.9134,39.6344,75.1139,92.33,57.6
24,186,1,42.8043,39.4397,75.1404,90.78,58.21
25,186,1,43.0598,39.4799,74.8569,90.9,57.01
26,186,1,42.872,39.4441,75.1684,89.44,58.63
27,186,1,42.7076,39.6456,75.2509,89.53,57.97
28,186,1,42.8216,39.4437,75.1089,86.61,58.23
29,186,1,42.9219,39.4283,75.1589,91,57.86
30,186,1,42.8372,39.4463,75.1328,89.18,57.52
31,186,1,42.6333,39.4459,75.3372,88.58,57.64
32,186,1,42.8259,39.4017,75.212,90.44,57.76
33,186,1,42.8526,39.6258,75.1409,94.1,58.45
34,186,1,42.8916,39.4364,74.9577,89.31,58.53
35,186,1,42.7879,39.4266,75.1771,87.82,57.37
36,186,1,42.7413,39.3892,75.2357,90.61,57.19
37,186,0,0,0,0,0,51.91
38,186,1,290.048,12.4587,62.9953,92.99,53.31
39,186,1,290.011,12.4705,63.1019,93.48,52.6
40,186,1,290.052,12.4826,63.0314,94.3,52.32
41,186,1,290.006,12.49,63.1214,90.84,53.25
42,186,1,290.076,12.4744,63.036,93.08,52.98
43,186,1,290.095,12.4784,62.9799,91.39,52.64
44,186,1,289.988,12.4856,63.1312,91.77,53.02
45,186,1,290.029,12.4857,63.0427,92.12,52.44
46,186,1,289.978,12.5101,63.1676,93.48,54
47,186,1,289.899,12.4707,63.217,90.3,52.42
48,186,1,290.14,12.5245,63.0141,92.42,53.43
49,186,1,289.963,12.4735,63.0397,93.55,53.14
50,186,1,289.976,12.5307,63.2045,93.61,53.98
51,186,1,290.016,12.4894,62.9722,93.03,52.96
52,186,1,290.086,12.4862,62.9864,92.15,52.83
53,186,1,289.975,12.51,63.1747,92.21,53.53
54,186,1,289.983,12.5242,63.1334,89.96,52.85
55,186,1,289.928,12.5164,63.2673,90.42,52.72
56,186,0,0,0,0,0,53.89
57,186,1,155.17,38.7217,51.5596,93.52,54.73
58,186,1,155.257,38.7254,51.5081,90.33,56.76
59,186,1,155.436,38.6977,51.459,92.5,55.84
60,186,1,155.425,38.7121,51.4485,90.93,55.82
61,186,1,155.227,38.71,51.4944,92.83,56.8
62,186,1,155.306,38.7044,51.4448,95.05,57.36
63,186,1,155.344,38.7119,51.4894,94.27,56
64,186,1,155.22,38.7163,51.5091,90.79,56.89
65,186,1,155.318,38.7127,51.4657,92.86,56.96
66,186,1,155.333,38.702,51.4389,91.61,56.6
67,186,1,155.296,38.7191,51.4724,92.05,56.92
68,186,1,155.271,38.6946,51.4804,93.6,56.81
69,186,1,155.341,38.6789,51.4517,93.15,56.09
70,186,1,155.311,38.6748,51.45,91.42,56.14
71,186,1,155.318,38.7052,51.4669,92.27,57.11
72,186,1,155.228,38.7281,51.4751,91.4,56.85
73,186,1,155.094,38.7238,51.5305,89.6,56.66
74,186,1,155.288,38.709,51.4546,90.75,55.9
75,186,1,155.245,38.6759,51.4858,92.81,56.14
76,186,1,155.225,38.694,51.4829,92.16,55.85
77,186,1,155.346,38.701,51.4502,91.44,56.14
78,186,1,155.258,38.7044,51.4726,90.19,56.95
79,186,1,155.35,38.6987,51.4427,92.36,56.54
80,186,1,155.304,38.6986,51.4256,89.99,56.05
81,186,1,155.331,38.6835,51.4284,91.5,56.3
82,186,1,155.286,38.6835,51.4525,92.14,56.47
83,186,1,155.363,38.6971,51.4191,91.45,57.01
84,186,1,155.463,38.6511,51.3693,91.22,55.83
85,186,1,155.41,38.6926,51.4044,92.96,57.24
86,186,1,155.336,38.707,51.4045,92.82,57.36
87,186,1,155.438,38.699,51.3887,90.09,57.32
88,186,1,155.404,38.6859,51.413,92.16,56.39
89,186,1,155.403,38.6942,51.3841,89.69,56.74
90,186,1,155.289,38.6933,51.4179,91.37,56.24
91,186,1,155.345,38.6923,51.418,92.43,56.94
92,186,1,155.35,38.6896,51.4092,95.61,57.01
93,186,1,155.254,38.692,51.414,93.21,55.6
94,186,1,155.358,38.6549,51.3955,91.34,57.73
95,186,1,155.381,38.6959,51.4009,93.25,56.41
96,186,1,155.439,38.6838,51.3836,93.06,56.52
97,186,1,155.418,38.6424,51.3875,93.97,56.81
98,186,1,155.365,38.6826,51.3805,92.98,56.41
99,186,1,155.371,38.6706,51.3713,93.96,57
100,186,1,155.167,38.6918,51.4115,91.24,53.95
101,186,1,45.8199,19.4231,11.3671,92.19,57.04
102,186,1,45.7528,19.4481,11.2745,92.91,56.77
103,186,1,45.7391,19.3873,11.3294,92.5,56.93
104,186,1,45.661,19.3982,11.4377,96.03,57.24
105,186,1,45.7255,19.3948,11.3446,96.31,57.58
106,186,1,45.7649,19.4216,11.3673,94.65,57.7
107,186,1,45.7635,19.4264,11.2958,93.94,58.38
108,186,1,45.7782,19.4129,11.2636,94.02,58.2
109,186,1,45.6571,19.4307,11.2913,92.29,57.43
110,186,1,45.7764,19.4094,11.316,95.81,57.79
111,186,1,45.6476,19.4266,11.4556,94.57,57.37
112,186,1,45.7443,19.424,11.3454,96.29,58.12
113,186,1,45.7167,19.3928,11.4242,94.38,57.46
114,186,1,45.6884,19.4219,11.3322,93.48,56.79
115,186,1,45.7939,19.4215,11.278,92.55,58.56
116,186,1,46.1365,19.0002,10.9559,84.23,57.72
117,186,1,45.6239,19.407,11.5124,94.09,57.88
118,186,1,45.7665,19.3903,11.2666,92.99,58.51
119,186,1,45.8255,19.3768,11.3163,92.8,57.85
120,186,1,45.6604,19.3834,11.3546,87,57.94
121,186,1,45.6384,19.4108,11.4386,95.3,57.76
122,186,1,45.5381,19.3603,11.5374,92.93,58.21
123,186,1,45.7471,19.3775,11.3738,92.03,57.89
124,186,1,45.5409,19.4156,11.446,94.61,58.8
125,186,1,45.7534,19.365,11.3622,93.12,57.6
126,186,1,45.5457,19.4128,11.4965,94.21,58.3
127,186,1,45.5969,19.3626,11.422,87.82,58.48
128,186,1,46.88,19.0018,10.173,71.75,58.68
129,186,1,45.7122,19.3632,11.4385,95.85,58.44
130,186,1,45.6468,19.3784,11.4342,93.58,58.47
131,186,1,45.6008,19.3841,11.3916,94.12,57.87
132,186,1,45.6625,19.3777,11.4371,94.97,58.15
133,186,1,45.731,19.37,11.3818,94.86,57.92
134,186,1,45.613,19.4015,11.3651,94.53,57.29
135,186,1,45.5699,19.3702,11.543,94.2,58.28
136,186,1,46.02,19.0622,10.8848,82.85,57.31
137,186,1,45.6047,19.3615,11.435,94.34,58.46
138,186,1,45.5206,19.3819,11.3944,90.38,58.88
139,186,1,45.5509,19.3854,11.4796,87.88,58.24
140,186,1,45.5587,19.3718,11.529,94.46,57.75
141,186,1,45.5808,19.3493,11.5764,95.09,57.76
142,186,1,45.5359,19.3569,11.6277,93.44,57.71
143,186,1,45.5508,19.3629,11.5534,95.93,58.04
144,186,1,45.6486,19.3569,11.41,95.22,58.93
145,186,1,45.6156,19.3818,11.4504,95.41,58.11
146,186,1,45.5762,19.3673,11.4999,92.53,58.23
147,186,1,45.6432,19.3618,11.3434,93.99,58.63
148,186,1,45.5652,19.3659,11.4597,94.07,57.92
149,186,1,45.4814,19.3727,11.6051,94.79,58.05
150,186,1,45.516,19.3818,11.4807,89.78,58.21
151,186,1,45.5382,19.3648,11.4965,95.33,58.8
152,186,1,45.5867,19.3504,11.432,94.21,58.6
153,186,1,45.6247,19.349,11.4314,94.93,58.48
154,186,1,45.4562,19.3537,11.6236,93.24,58.22
155,186,1,45.4563,19.3563,11.4746,87.69,58.27
156,186,1,45.4682,19.3416,11.6358,95.85,57.42
157,186,1,45.5147,19.3569,11.489,93.92,57.52
158,186,1,45.5023,19.358,11.4646,92.72,57.46
159,186,1,45.9844,18.9509,10.998,86.56,58.32
160,186,1,45.5124,19.2955,11.5136,85.45,58.25
161,186,1,46.4593,18.9676,10.4494,80.8,58.43
162,186,1,45.5556,19.3362,11.4437,96.62,58.32
163,186,1,45.4132,19.2562,11.7202,86.89,58.66
164,186,1,45.266,18.8424,11.7087,78.26,58.28
165,186,1,45.5587,19.2854,11.5372,93.94,58.24
166,186,1,45.5149,19.2959,11.5953,92.22,57.88
167,186,1,45.5159,19.2934,11.6907,93.23,57.97
168,186,1,45.4507,19.304,11.6812,94.58,58.01
169,186,1,45.4092,19.2975,11.6352,87.81,57.83
170,186,1,45.4256,19.3512,11.5575,95.29,57.96
171,186,1,45.5329,19.2803,11.5263,93.78,57.35
172,186,1,47.5733,19.7867,9.75773,64.15,52.39
173,186,1,231.192,44.3642,27.652,91.42,53.46
174,186,1,231.12,44.3888,27.672,93.59,55.53
175,186,1,231.134,44.4002,27.6411,90.56,54.32
176,186,1,231.109,44.3902,27.6564,92.95,55.05
177,186,1,231.221,44.4072,27.6032,94.8,55.44
178,186,1,231.177,44.412,27.6269,95.31,55.91
179,186,1,231.127,44.4057,27.652,93.77,54.86
180,186,1,231.165,44.4139,27.6466,93.62,56.57
181,186,1,231.134,44.403,27.6397,93.28,55.22
182,186,1,231.121,44.3968,27.6321,92.05,55.18
183,186,1,231.087,44.3964,27.6264,94.8,55.25
184,186,1,231.267,44.4194,27.597,93.77,54.97
185,186,1,231.23,44.4068,27.6012,95.37,55.3
186,186,1,231.116,44.4127,27.6346,95.31,55.23
187,186,1,231.204,44.427,27.6041,93.23,56.06
188,186,1,231.367,44.4512,27.5395,95.01,55.33
189,186,1,231.252,44.3949,27.5457,96.17,55.53
190,186,1,231.416,44.4486,27.5154,90.08,55.54
191,186,0,0,0,0,0,55.33
192,186,0,0,0,0,0,55.87
193,186,1,63.335,3.77886,52.0318,94.44,57.49
194,186,1,62.3962,3.83945,52.9938,95.01,58.82
195,186,1,62.6462,3.83078,52.6629,94.81,59.57
196,186,1,62.6036,3.80982,52.8104,96.34,59.18
197,186,1,62.3911,3.79411,53.0359,94.89,59.18
198,186,1,62.8173,3.84089,52.5937,96.69,59.74
199,186,1,63.9404,3.9201,51.4635,91.5,60.19
200,186,1,62.741,3.83222,52.6857,95.69,59.55
201,186,1,62.7631,3.83702,52.6101,96.03,59.29
202,186,1,62.7769,3.85949,52.5729,94.77,60.24
203,186,1,62.534,3.79022,52.8699,95.23,59.35
204,186,1,62.2304,3.80344,53.2104,94.34,59.85
205,186,1,62.4473,3.78697,52.9601,95,59.37
206,186,1,62.4585,3.77818,52.9285,93.62,59.47
207,186,1,62.4235,3.79225,52.9666,95.99,59.17
208,186,1,62.5721,3.79834,52.8877,97.65,59.14
209,186,1,62.6978,3.84593,52.6401,94.97,59.37
210,186,1,62.3227,3.7952,53.0673,96.18,59.6
211,186,1,62.4378,3.78864,53.0318,94.2,59.34
212,186,1,61.7049,3.8071,53.6829,94.73,55.48
213,186,0,0,0,0,0,53.32
214,186,0,0,0,0,0,50.75
215,186,1,67.0394,15.3956,69.6409,93.17,51.47
216,186,1,66.8815,15.4248,69.7487,91.02,52.12
217,186,1,66.787,15.4389,69.7418,86.75,53.89
218,186,1,66.9936,15.3918,69.714,91.12,53.15
219,186,1,66.9948,15.3987,69.6961,92.65,54.17
220,186,1,66.8319,15.4011,69.8801,84.55,53.68
221,186,1,67.014,15.3759,69.7076,91.19,53.94
222,186,1,66.845,15.3963,69.7912,93.63,54
223,186,1,67.0686,15.3094,69.6222,90.74,53.78
224,186,1,66.8395,15.3941,69.7861,91.17,54.3
225,186,1,66.7967,15.3896,69.8467,93.4,52.92
226,186,1,66.9769,15.3338,69.592,92.85,52.96
227,186,1,67.006,15.2956,69.7025,93.52,54.05
228,186,1,66.8221,15.4021,69.7763,93.98,54.19
229,186,1,66.8831,15.3456,69.6667,85.69,53.33
230,186,1,66.8533,15.3763,69.8048,92.64,53.18
231,186,1,67.0714,15.2653,69.6823,91.36,52.87
232,186,1,66.9742,15.3103,69.662,92.19,53.23
233,186,1,66.9464,15.3088,69.7087,92.58,53.68
234,186,1,67.0237,15.2998,69.6464,95.99,53.13
235,186,1,66.5883,15.4027,69.962,92.78,54.01
236,186,1,66.7872,15.3553,69.9102,91.33,53.49
237,186,1,66.9953,15.2861,69.6783,83.85,53.26
238,186,1,66.7292,15.3224,69.8535,93.47,54.16
239,186,1,66.7942,15.3511,69.7374,92.29,54.72
240,186,1,66.8015,15.3453,69.8335,94.4,54.77
241,186,1,66.638,15.3717,69.9986,92.33,53.63
242,186,1,66.7404,15.3529,69.8626,93.61,53.92
243,186,1,66.874,15.277,69.727,85.36,54.14
244,186,1,66.6742,15.3695,69.9223,93.69,54.37
245,186,1,66.5616,15.3785,69.9651,95.22,54.46
246,186,1,66.8682,15.2889,69.7579,85.12,54.03
247,186,1,66.8417,15.3522,69.7686,84.24,53.78
248,186,1,66.6329,15.384,69.959,92.31,54.22
249,186,1,66.6479,15.3687,69.968,83.42,54.37
250,186,1,66.892,15.2696,69.7345,92.85,54.43
251,186,1,66.9438,15.2457,69.7714,90.71,53.28
252,186,1,66.8349,15.2608,69.7844,85.54,52.83
253,186,1,66.7463,15.299,69.8365,92.31,44.11
254,186,0,0,0,0,0,35.78
255,186,0,0,0,0,0,35.04
0,187,0,0,0,0,0,55.54
1,187,0,0,0,0,0,56.96
2,187,0,0,0,0,0,53.74
3,187,0,0,0,0,0,54.84
4,187,1,151.096,41.619,49.8003,92.14,48.34
5,187,1,151.224,41.5814,49.7616,90.93,53.51
6,187,1,151.145,41.5637,49.7656,93.31,54.41
7,187,1,151.017,41.5964,49.8011,93.2,54.77
8,187,1,151.035,41.5607,49.8083,94.38,53.65
9,187,1,270.446,11.6969,77.4297,85.15,51.37
10,187,0,0,0,0,0,51.25
11,187,1,43.0014,39.661,74.9774,91.18,55.21
12,187,1,42.7987,39.4687,75.1173,91.78,57.14
13,187,1,42.9193,39.4632,75.1044,89.03,57.35
14,187,1,42.9364,39.632,75.035,92.35,57.48
15,187,1,42.8591,39.6602,75.0213,95.28,56.61
16,187,1,43.0851,39.5012,74.7941,94.12,57.96
17,187,1,42.8366,39.426,75.214,89.08,57.43
18,187,1,42.7498,39.705,75.1182,93.5,57.14
19,187,1,43.1161,39.5095,74.7879,92.55,57.51
20,187,1,42.6444,39.4746,75.3028,88.75,57.5
21,187,1,42.8371,39.4329,75.1527,89.92,58.38
22,187,1,42.9256,39.6572,75.0389,92.6,57.72
23,187,1,42.7676,39.6668,75.2273,92.27,57.78
24,187,1,43.0255,39.439,74.9766,94.14,58.03
25,187,1,42.8411,39.4658,75.1036,90.55,58.19
26,187,1,42.7517,39.3748,75.2416,87.17,57.92
27,187,1,42.936,39.6102,75.0908,93.86,57.87
28,187,1,42.993,39.4937,74.855,92.63,57.72
29,187,1,42.8581,39.6002,75.0871,93.39,57.56
30,187,1,43.0228,39.4839,74.8201,93.06,57.89
31,187,1,42.9187,39.6104,75.1516,94.04,57.84
32,187,1,42.994,39.4622,74.8656,89.13,58.53
33,187,1,42.8711,39.6043,75.115,94.1,58.84
34,187,1,42.9023,39.6103,75.0881,93.25,57.48
35,187,1,42.7421,39.6898,75.2409,91.49,57.45
36,187,1,43.0639,39.4691,74.8739,92.03,58.2
37,187,0,0,0,0,0,53.19
38,187,1,290.043,12.4243,63.0103,95.36,51.69
39,187,1,289.991,12.406,62.99,92.93,53.16
40,187,1,290.098,12.4632,62.9724,92.56,52.96
41,187,1,290.1,12.4976,63.0254,92.66,52.65
42,187,1,290.01,12.5018,63.2162,90.15,52.54
43,187,1,290.003,12.4648,63.02,91.35,52.93
44,187,1,290.008,12.4505,63.0366,92.48,53.42
45,187,1,290.022,12.496,63.0865,91.58,52.29
46,187,1,290.074,12.4732,63.0754,92.06,52.39
47,187,1,290.047,12.4674,63.0665,92.48,53.25
48,187,1,289.988,12.5177,63.1112,89.82,52.89
49,187,1,290.081,12.5012,63.0532,94.2,52.1
50,187,1,290.05,12.5156,63.1255,93.16,53.06
51,187,1,289.902,12.4715,63.1281,91.23,53.33
52,187,1,289.977,12.4775,63.0983,94.45,52.56
53,187,1,290.013,12.5233,63.0654,93.14,53.57
54,187,1,290.07,12.4991,63.0069,94.28,51.93
55,187,0,0,0,0,0,53.58
56,187,1,155.234,38.6991,51.5528,91.61,54.73
57,187,1,155.32,38.7087,51.5041,93.18,56.25
58,187,1,155.155,38.726,51.5228,91.16,54.19
59,187,1,155.236,38.7163,51.51,91.53,56.38
60,187,1,155.192,38.7257,51.5229,93.16,56.47
61,187,1,155.247,38.7231,51.4932,92.18,56.53
62,187,1,155.226,38.7308,51.4981,91.47,56.2
63,187,1,155.375,38.7163,51.4693,92.01,56.96
64,187,1,155.321,38.7159,51.4617,92.34,55.72
65,187,1,155.267,38.717,51.4587,88.83,56.21
66,187,1,155.277,38.7244,51.4781,95.17,55.81
67,187,1,155.236,38.7068,51.478,92.71,55.46
68,187,1,155.248,38.7199,51.5039,94.41,56.96
69,187,1,155.329,38.7122,51.4831,91.81,56.91
70,187,1,155.183,38.7261,51.5067,91.83,56.32
71,187,1,155.186,38.7084,51.4871,89.66,56.66
72,187,1,155.307,38.6765,51.4864,94.16,56.86
73,187,1,155.28,38.7056,51.4668,91.54,55.97
74,187,1,155.32,38.7096,51.4311,91.65,55.78
75,187,1,155.333,38.6873,51.4427,90.61,57.45
76,187,1,155.282,38.6948,51.4622,92.49,56.92
77,187,1,155.375,38.6664,51.4217,93.77,57.53
78,187,1,155.38,38.6636,51.444,93.54,56.73
79,187,1,155.286,38.6896,51.4544,92.3,56.32
80,187,1,155.406,38.7095,51.4118,92.17,56.3
81,187,1,155.235,38.702,51.4483,91.39,56.47
82,187,1,155.302,38.7057,51.4297,90.76,56.95
83,187,1,155.303,38.6937,51.4586,92.31,55.67
84,187,1,155.354,38.7004,51.4366,95.4,56
85,187,1,155.322,38.7044,51.4266,90.54,56.33
86,187,1,155.265,38.6967,51.4285,89.94,56.4
87,187,1,155.396,38.6922,51.3945,90.77,57.01
88,187,1,155.285,38.6834,51.4229,91.3,56.75
89,187,1,155.338,38.7084,51.411,92.64,56.94
90,187,1,155.401,38.6612,51.3814,92.96,56.84
91,187,1,155.249,38.6979,51.4238,88.91,57.19
92,187,1,155.352,38.6867,51.4043,90.97,57.08
93,187,1,155.318,38.6937,51.4009,91.88,56.83
94,187,1,155.364,38.6879,51.3862,90.65,56.37
95,187,1,155.314,38.6924,51.3759,91.31,56.85
96,187,1,155.301,38.6793,51.4159,91.39,56.9
97,187,1,155.322,38.6825,51.393,90.8,56.76
98,187,1,155.263,38.6928,51.4285,92.82,56.23
99,187,1,155.244,38.6914,51.4002,92.02,56.91
100,187,1,155.429,38.6857,51.3396,88.85,55.03
101,187,1,45.8206,19.4348,11.2413,93.28,56.13
102,187,1,45.7637,19.4182,11.2382,93.57,57.17
103,187,1,45.8025,19.361,11.3535,93.42,57.99
104,187,1,45.7661,19.4164,11.3278,92.78,58.36
105,187,1,45.6562,19.4326,11.4508,93.66,56.87
106,187,1,45.7211,19.4234,11.2632,94.69,57.84
107,187,1,45.7762,19.4113,11.2982,93.47,57.72
108,187,1,45.7421,19.4199,11.3007,93.14,58.24
109,187,1,45.6663,19.372,11.4428,86.16,58.03
110,187,1,45.7628,19.4025,11.2909,94.3,57.89
111,187,1,45.7131,19.4196,11.3441,93.35,57.83
112,187,1,45.5739,19.427,11.3428,87.04,58.85
113,187,1,45.6548,19.3987,11.4682,97.16,57.36
114,187,1,45.6621,19.4387,11.3252,93.84,57.65
115,187,1,45.675,19.4326,11.3479,93.12,57.55
116,187,1,45.6458,19.4422,11.3421,93.83,58.06
117,187,1,45.6572,19.4128,11.361,93.26,57.46
118,187,1,45.6348,19.3989,11.5183,91.96,58
119,187,1,45.5397,19.3635,11.5638,86.1,58.61
120,187,1,45.7277,19.3788,11.3199,93.3,58.3
121,187,1,45.5835,19.4256,11.4,93.23,57.17
122,187,1,45.8402,19.3762,11.302,92.78,58.75
123,187,1,45.6006,19.4015,11.4598,95.12,57.93
124,187,1,45.6355,19.3881,11.4833,91.75,58.06
125,187,1,46.1161,19.0608,10.9011,85.98,57.8
126,187,1,45.7242,19.3737,11.4388,95.86,58.49
127,187,1,45.6698,19.3655,11.4458,94.23,58.07
128,187,1,45.6876,19.3559,11.479,93.67,57.47
129,187,1,46.0702,19.0547,10.8895,81.43,57.4
130,187,1,45.6424,19.3793,11.4822,94.19,57.61
131,187,1,45.5659,19.3411,11.428,85.43,58.42
132,187,1,45.5675,19.3339,11.5704,87.45,58.72
133,187,1,45.6682,19.3916,11.4138,95.47,57.85
134,187,1,46.0842,19.0554,10.949,85.3,57.97
135,187,1,45.6419,19.3959,11.3856,95.61,58.53
136,187,1,45.6777,19.3403,11.4514,94.79,58.08
137,187,1,45.6313,19.3828,11.4318,92.79,58.48
138,187,1,45.6079,19.3919,11.4846,94.35,57.47
139,187,1,45.6559,19.3743,11.4609,95.66,58.36
140,187,1,46.7959,18.9621,10.2469,73.11,58.5
141,187,1,45.6158,19.365,11.5095,94.02,58.25
142,187,1,46.7297,18.959,10.3956,73.5,58.78
143,187,1,45.5068,19.386,11.4667,92.5,57.77
144,187,1,45.5431,19.3927,11.568,94.43,57.43
145,187,1,45.622,19.3471,11.4883,91.96,58.04
146,187,1,45.599,19.3819,11.4668,93.52,58.04
147,187,1,45.5902,19.3723,11.4548,92.3,57.8
148,187,1,45.5195,19.3801,11.6066,95.93,57.87
149,187,1,45.5534,19.3714,11.4726,93.51,57.64
150,187,1,46.8125,18.9653,10.2527,72.92,58.34
151,187,1,45.5847,19.3424,11.4903,94.91,57.57
152,187,1,45.6437,19.3309,11.4477,94.05,57.41
153,187,1,45.6285,19.3231,11.4591,95.45,58.4
154,187,1,45.6418,19.3407,11.4999,93.9,57.75
155,187,1,45.4911,19.3651,11.5513,96.1,57.96
156,187,1,45.5855,19.3372,11.5181,92.88,58.56
157,187,1,45.6186,19.3301,11.4354,95.73,58.19
158,187,1,45.4082,19.3328,11.5811,94.72,57.61
159,187,1,45.5619,19.3251,11.5089,92.26,57.79
160,187,1,45.5591,19.2933,11.4484,94.06,58.06
161,187,1,45.5874,19.329,11.4475,94.34,57.68
162,187,1,45.6374,18.8685,11.3628,82.79,57.18
163,187,1,45.5765,19.297,11.4677,93.51,58.09
164,187,1,45.6192,19.2757,11.4406,94.09,58.67
165,187,1,45.5467,19.2585,11.6292,92.57,57.96
166,187,1,45.4694,19.3142,11.5609,94.76,58.1
167,187,1,45.4565,19.2601,11.5699,87.21,58.23
168,187,1,45.4126,19.2887,11.6155,88.46,58.34
169,187,1,45.4072,19.2809,11.6765,88.29,58.54
170,187,1,45.459,19.2764,11.6254,87.25,58.39
171,187,1,45.4422,19.306,11.5759,94.05,56.86
172,187,0,0,0,0,0,51.75
173,187,1,231.168,44.3936,27.6513,92.42,54.27
174,187,1,231.21,44.392,27.6414,95.37,54.88
175,187,1,231.26,44.3758,27.627,94.9,54.71
176,187,1,231.113,44.4029,27.6379,88.52,55.51
177,187,1,231.232,44.4046,27.63,94.02,55.99
178,187,1,231.149,44.419,27.6395,94.12,55.04
179,187,1,231.103,44.4166,27.6549,94.35,55.52
180,187,1,231.19,44.4139,27.6355,91.96,55.46
181,187,1,231.113,44.4198,27.6349,95.41,55.35
182,187,1,231.279,44.4201,27.578,95.31,55.91
183,187,1,231.261,44.4162,27.6082,94.07,56.11
184,187,1,231.17,44.4218,27.635,92.41,55.24
185,187,1,231.206,44.427,27.6045,92.73,55.96
186,187,1,231.324,44.4294,27.5901,93.93,55.19
187,187,1,231.205,44.4197,27.6075,94.19,55.61
188,187,1,231.139,44.4133,27.6262,91.94,54.84
189,187,1,231.216,44.4453,27.6075,93.45,55.33
190,187,1,231.242,44.4395,27.5563,94.78,55.3
191,187,1,231.247,44.4296,27.5947,95.51,54.43
192,187,1,231.443,44.33,27.0953,88.31,56.31
193,187,0,0,0,0,0,56.45
194,187,1,63.5405,3.81584,51.731,89.28,57.09
195,187,1,61.8991,3.78485,53.6498,88.76,57.67
196,187,1,63.136,3.77297,52.4083,94.36,58.43
197,187,1,61.9147,3.98725,53.5141,84.24,59.39
198,187,1,62.7931,3.85026,52.5649,96.46,59.31
199,187,1,62.8813,3.81978,52.5517,95.04,59.03
200,187,1,63.1758,3.84103,52.1918,96.29,59.17
201,187,1,62.4376,3.8356,52.9574,94.7,59.3
202,187,1,62.5965,3.83849,52.8118,94.28,59.53
203,187,1,62.1551,3.84859,53.1997,94.64,59.74
204,187,1,62.6177,3.79111,52.7736,94.87,59.56
205,187,1,62.6691,3.79546,52.6686,97.1,59.68
206,187,1,63.8451,3.91628,51.5211,93.03,59.41
207,187,1,62.6789,3.83181,52.7107,95.46,59.2
208,187,1,62.7257,3.83824,52.611,95.21,59.6
209,187,1,62.6876,3.83299,52.7022,96.39,58.91
210,187,1,63.7945,3.90837,51.4779,87.31,59.89
211,187,1,62.646,3.7705,52.7274,95.18,59.18
212,187,1,62.5317,3.79619,52.9038,97.98,58.51
213,187,1,62.0961,3.74526,53.3778,94.1,56.81
214,187,2,61.0553,3.66057,54.3698,69.62,53.1
215,187,0,0,0,0,0,52.16
216,187,1,67.1654,15.3907,69.4556,91.67,51.17
217,187,1,66.8275,15.3784,69.8561,81.97,50.81
218,187,1,66.9008,15.4133,69.7852,92.42,53.5
219,187,1,66.7272,15.4246,69.817,85.77,53.2
220,187,1,66.8716,15.4213,69.7977,93.06,52.02
221,187,1,66.9058,15.3878,69.7821,91.53,53.4
222,187,1,66.8422,15.4172,69.7606,91.91,53
223,187,1,66.8489,15.4065,69.8699,92.18,53.1
224,187,1,66.9084,15.3702,69.8564,92.13,53.76
225,187,1,67.1341,15.3041,69.6314,83.92,53.5
226,187,1,66.969,15.3379,69.5807,84.68,53.99
227,187,1,66.7613,15.396,69.8315,91.94,53.67
228,187,1,66.941,15.355,69.7295,93.74,52.87
229,187,1,66.9538,15.369,69.7379,91.04,53.47
230,187,1,66.8261,15.3943,69.7888,94.33,53.62
231,187,1,66.8999,15.3701,69.7935,94,53.46
232,187,1,66.9996,15.2947,69.7259,91.46,54.73
233,187,1,66.8504,15.328,69.7829,86.03,53.16
234,187,1,66.9193,15.3101,69.7178,92.91,53.68
235,187,1,67.0292,15.2843,69.6213,84.62,53.08
236,187,1,66.7336,15.3573,69.9083,92.87,53.38
237,187,1,66.7952,15.3141,69.7297,87.69,54.19
238,187,1,66.9373,15.2946,69.6765,92.64,54.76
239,187,1,66.71,15.3555,69.925,92.47,54.21
240,187,1,66.7727,15.346,69.9153,90.46,54.6
241,187,1,66.794,15.3596,69.8261,93.67,53.26
242,187,1,66.6752,15.3767,69.9429,84.83,52.8
243,187,1,66.8295,15.346,69.8208,94.27,54.79
244,187,1,66.8492,15.3111,69.7705,95.12,53.24
245,187,1,66.5498,15.4036,70.0648,84.39,53.35
246,187,1,66.8903,15.3695,69.7682,92.92,53.85
247,187,1,66.6978,15.3823,69.9299,93.32,53.93
248,187,1,66.7923,15.3499,69.8779,94.65,54.15
249,187,1,66.7027,15.3539,69.932,93.39,53.41
250,187,1,66.7013,15.35,69.8992,94.16,54.55
251,187,1,66.5836,15.3582,69.9936,94.73,53.38
252,187,1,66.8844,15.2581,69.7824,83.74,52.96
253,187,1,66.7237,15.2692,70.0376,94.73,43.49
254,187,0,0,0,0,0,35.17
255,187,0,0,0,0,0,34.99
0,188,0,0,0,0,0,54.88
1,188,0,0,0,0,0,59.26
2,188,0,0,0,0,0,53.08
3,188,0,0,0,0,0,55.92
4,188,1,151.163,41.5917,49.7736,92.15,48.89
5,188,1,151.171,41.5847,49.7572,93.33,53.59
6,188,1,151.187,41.5944,49.7642,91.64,55.06
7,188,1,151.014,41.5958,49.8067,93.95,54.69
8,188,1,151.07,41.5835,49.7695,91.01,53.55
9,188,0,0,0,0,0,52.31
10,188,1,270.442,11.6684,77.4523,92.15,53.21
11,188,0,0,0,0,0,52.67
12,188,1,42.9882,39.6561,74.9048,93.81,56.83
13,188,1,42.7856,39.4625,75.0829,92.14,57.56
14,188,1,42.825,39.4452,75.1179,90.92,58.16
15,188,1,43.0113,39.4693,74.8978,91.7,57.86
16,188,1,42.8848,39.6497,75.0313,94.22,56.57
17,188,1,42.9886,39.6363,74.8937,95.86,57.05
18,188,1,43.1047,39.4903,74.7948,91.93,58.47
19,188,1,42.9465,39.629,74.9394,93.97,57.13
20,188,1,42.863,39.473,75.1081,88.45,57.65
21,188,1,42.9005,39.6138,75.1037,92.86,58.25
22,188,1,42.8589,39.455,75.1316,88.77,57.38
23,188,1,42.9732,39.6376,74.9744,95.55,58
24,188,1,42.9042,39.6324,75.0475,94.16,57.21
25,188,1,42.9196,39.6099,75.1017,94.49,57.34
26,188,1,43.0296,39.4748,74.8524,92.04,57.12
27,188,1,42.7245,39.4282,75.1454,88.21,58.01
28,188,1,43.0058,39.4852,74.8818,91.96,57.16
29,188,1,43.0027,39.4738,74.8819,91.08,58.24
30,188,1,42.8164,39.6023,75.1151,91.02,57.77
31,188,1,42.6894,39.4691,75.2712,89.42,58.49
32,188,1,42.9364,39.6259,74.9499,95.76,57.2
33,188,1,42.6069,39.4395,75.3451,89.98,58.16
34,188,1,42.8497,39.4122,75.187,91.77,57.77
35,188,1,42.7591,39.3865,75.1804,90.03,58.57
36,188,1,42.6069,39.4539,75.3483,90.28,57.83
37,188,1,42.5786,39.4388,75.3625,88.01,54.41
38,188,1,290.026,12.4471,63.0705,94.94,51.46
39,188,1,290.097,12.4765,62.9779,92.69,52.47
40,188,1,289.986,12.4488,63.0774,94.4,52.81
41,188,1,290.034,12.4404,63.0857,91.85,52.95
42,188,1,290.005,12.4714,63.1297,92.18,53.11
43,188,1,290.017,12.4541,63.1241,88.3,52.93
44,188,1,290.039,12.4841,62.9975,90.06,53.25
45,188,1,290.049,12.473,62.9629,91.6,52.4
46,188,1,290.081,12.483,63.0026,92.9,53.46
47,188,1,289.932,12.452,63.0758,92.22,52.52
48,188,1,289.991,12.506,63.132,89.84,52.44
49,188,1,290.103,12.49,63.0138,90.33,53.26
50,188,1,290.005,12.5093,63.1634,93.09,53.02
51,188,1,290.074,12.5192,63.0244,92.99,53.86
52,188,1,290.018,12.5116,63.1393,90.67,53.72
53,188,1,289.878,12.5022,63.2273,89.48,52.74
54,188,0,0,0,0,0,52.63
55,188,1,155.28,38.696,51.5374,92.16,54.18
56,188,1,155.328,38.7347,51.485,91.79,56.16
57,188,1,155.29,38.7261,51.5211,91.12,56.14
58,188,1,155.223,38.7279,51.5036,90.9,56.33
59,188,1,155.204,38.703,51.509,93.7,57.37
60,188,1,155.283,38.723,51.5007,93.15,56.52
61,188,1,155.283,38.7277,51.4656,91.29,56.7
62,188,1,155.39,38.7115,51.4394,92.01,55.9
63,188,1,155.281,38.7219,51.4677,92.19,56.36
64,188,1,155.244,38.7037,51.4838,91.88,56.42
65,188,1,155.313,38.7138,51.4778,91.61,57.08
66,188,1,155.293,38.7205,51.4825,91.47,56.04
67,188,1,155.177,38.7121,51.5148,93.62,56.17
68,188,1,155.294,38.7201,51.4771,91.39,56.63
69,188,1,155.408,38.7023,51.4475,94.69,56.71
70,188,1,155.299,38.7128,51.4357,92.33,56.59
71,188,1,155.326,38.701,51.4522,92.33,57.08
72,188,1,155.343,38.7129,51.4587,90.66,55.74
73,188,1,155.221,38.7167,51.4737,89.99,56.57
74,188,1,155.355,38.7053,51.4359,92.43,57.38
75,188,1,155.253,38.7049,51.4807,92.74,55.83
76,188,1,155.281,38.7186,51.4669,91.74,56.4
77,188,1,155.351,38.702,51.4424,95.22,56.91
78,188,1,155.265,38.7064,51.4609,91.39,56.24
79,188,1,155.331,38.6916,51.4504,94.08,56.38
80,188,1,155.224,38.7143,51.4678,93.43,56.63
81,188,1,155.326,38.7061,51.421,91.5,56.67
82,188,1,155.315,38.6918,51.4189,92.03,56.53
83,188,1,155.203,38.705,51.4707,91.51,56.97
84,188,1,155.284,38.7082,51.4284,90.38,57.35
85,188,1,155.37,38.6798,51.4134,90.45,56.87
86,188,1,155.33,38.6989,51.4127,93.89,55.39
87,188,1,155.271,38.6852,51.4471,95.71,56.68
88,188,1,155.271,38.6876,51.416,93.74,56.68
89,188,1,155.308,38.7003,51.4192,92.03,56.97
90,188,1,155.39,38.692,51.4049,92.09,56.51
91,188,1,155.32,38.6958,51.3973,89.28,56.18
92,188,1,155.373,38.6995,51.4037,92.02,56.3
93,188,1,155.344,38.6912,51.4198,93.64,57.08
94,188,1,155.384,38.6873,51.3835,92.39,56.46
95,188,1,155.325,38.6846,51.3882,91.45,57.27
96,188,1,155.281,38.7015,51.4335,90.96,57.14
97,188,1,155.323,38.6896,51.3917,92.88,56.37
98,188,1,155.438,38.6574,51.3145,94.11,57.44
99,188,1,155.305,38.683,51.419,92.8,56.65
100,188,1,155.363,38.6454,51.3645,89.57,54.31
101,188,1,45.8726,19.4424,11.2469,92.79,55.84
102,188,1,45.7548,19.4316,11.1948,94.62,57.04
103,188,1,45.7742,19.3911,11.24,94.84,57.58
104,188,1,45.7395,19.4127,11.3164,93.93,57.34
105,188,1,45.7842,19.4132,11.2722,94.8,57.7
106,188,1,45.8101,19.4149,11.3226,94.98,57.62
107,188,1,45.7773,19.3998,11.3657,93.76,57.29
108,188,1,45.7475,19.3894,11.3757,93.93,58.1
109,188,1,45.7116,19.4105,11.362,94.6,57.06
110,188,1,45.7168,19.4298,11.3059,95.28,57.75
111,188,1,45.7568,19.4178,11.3005,93.91,57.43
112,188,1,45.6169,19.381,11.4838,87.13,58.99
113,188,1,45.7822,19.3804,11.3587,92.29,57.98
114,188,1,45.7183,19.4132,11.356,93.7,58.27
115,188,1,45.7331,19.4061,11.2473,93.78,58.1
116,188,1,45.6729,19.4275,11.2934,91.73,58.39
117,188,1,45.6901,19.3904,11.443,94.59,57.59
118,188,1,45.5775,19.4007,11.4205,89.09,58.43
119,188,1,45.7359,19.3868,11.3681,94.41,58.35
120,188,1,45.8209,19.3733,11.2654,92.27,57.95
121,188,1,45.6325,19.3666,11.4404,87.48,58.55
122,188,1,45.7078,19.3977,11.3813,94.93,57.39
123,188,1,45.6374,19.3924,11.3574,95.05,57.94
124,188,1,45.6256,19.4024,11.3529,94.73,58.01
125,188,1,45.7077,19.3669,11.3914,95.12,57.8
126,188,1,45.5444,19.4226,11.4195,91.7,57.51
127,188,1,45.5724,19.325,11.4824,85.09,58.54
128,188,1,46.1196,19.0665,10.8443,83.18,58.22
129,188,1,45.5725,19.4036,11.5234,94.51,57.53
130,188,1,45.6645,19.3599,11.4135,94.07,57.85
131,188,1,45.5884,19.3788,11.5274,87.73,59.06
132,188,1,45.6714,19.3628,11.4802,93.46,57.87
133,188,1,45.7028,19.3663,11.3597,93.97,58.74
134,188,1,45.6153,19.3848,11.4144,96.46,57.39
135,188,1,45.6734,19.3588,11.4047,95.83,58.51
136,188,1,45.6182,19.3905,11.4382,91.74,58.19
137,188,1,45.6632,19.3878,11.3862,93.53,57.04
138,188,1,45.63,19.3587,11.4737,88.58,59.07
139,188,1,45.4411,19.3254,11.7264,87.24,58.81
140,188,1,45.4341,19.4198,11.6201,92.67,58.06
141,188,1,45.5782,19.395,11.4351,94.09,58.61
142,188,1,45.5297,19.3722,11.5651,95.86,57.66
143,188,1,45.628,19.3907,11.453,95.99,58.65
144,188,1,45.5655,19.3846,11.4822,95.05,57.72
145,188,1,45.5975,19.3604,11.4599,94.18,57.48
146,188,1,46.0946,19.0165,10.9495,85.76,58.08
147,188,1,45.5295,19.37,11.459,94.59,57.77
148,188,1,45.6359,19.3831,11.4053,93.22,58.11
149,188,1,45.6587,19.3654,11.4521,95.22,57.56
150,188,1,45.6376,19.3274,11.4344,92.34,57.6
151,188,1,45.6064,19.3618,11.4516,92.92,58.24
152,188,1,45.5997,19.3592,11.4609,96.79,58.01
153,188,1,45.6105,19.3552,11.4234,95.92,57.56
154,188,1,45.4815,19.373,11.5073,92.63,58.32
155,188,1,45.4273,19.3899,11.4026,86.68,58.06
156,188,1,45.5465,19.3547,11.4386,93.52,57.73
157,188,1,46.9456,18.9956,10.1183,79.95,57.92
158,188,1,47.1822,19.0125,9.97175,81.92,58.35
159,188,1,45.5092,19.3272,11.4876,93.63,57.62
160,188,1,45.5765,19.3139,11.4363,95.77,57.99
161,188,1,45.6678,19.2654,11.44,94.95,58.03
162,188,1,45.4774,19.2777,11.6001,96.13,58.07
163,188,1,45.4472,19.2955,11.5522,94.43,57.43
164,188,1,45.5857,19.2631,11.5374,92.37,57.98
165,188,1,45.4325,19.3098,11.578,95.1,57.67
166,188,1,45.4597,19.3187,11.5162,92.82,57.56
167,188,1,45.3817,19.3104,11.5186,85.74,58.16
168,188,1,45.4973,19.2888,11.5678,96.79,57.45
169,188,1,45.396,19.2706,11.6642,87.25,58.07
170,188,1,45.3918,19.3304,11.7011,94.63,58.02
171,188,1,45.3496,19.3043,11.6767,90.97,54.99
172,188,1,231.105,44.3312,27.6615,93.12,52.46
173,188,1,231.149,44.4092,27.6767,93.41,54.27
174,188,1,231.086,44.3802,27.6701,93.08,54.11
175,188,1,231.086,44.4047,27.6565,93.94,54.91
176,188,1,231.255,44.4106,27.6204,94.15,55.5
177,188,1,231.215,44.4138,27.6098,95.35,55.34
178,188,1,231.12,44.409,27.6624,92.07,54.91
179,188,1,231.15,44.4225,27.636,91.25,55.43
180,188,1,231.236,44.4021,27.6031,95.95,54.85
181,188,1,231.139,44.3968,27.6337,95.01,55.41
182,188,1,231.178,44.3985,27.6306,91.95,55.04
183,188,1,231.278,44.4088,27.5827,94.18,55.81
184,188,1,231.149,44.4123,27.643,92.41,54.96
185,188,1,231.249,44.435,27.5917,94.88,56.02
186,188,1,231.186,44.4152,27.6088,94.92,55.41
187,188,1,231.149,44.4168,27.6402,92.15,56.05
188,188,1,231.176,44.4291,27.6204,94.04,55.17
189,188,1,231.259,44.4277,27.5524,92.27,55.91
190,188,1,231.277,44.461,27.5952,96.02,55.5
191,188,1,231.197,44.43,27.604,93.93,56.68
192,188,1,231.334,44.4473,27.5661,93.78,54.91
193,188,1,231.22,44.4425,27.5729,94.97,55.61
194,188,1,231.339,44.4618,27.5399,96.36,56.06
195,188,0,0,0,0,0,55.4
196,188,1,62.7097,3.74891,52.7901,84.67,56.74
197,188,1,58.2273,3.86584,57.0503,86.55,57.96
198,188,1,62.8327,3.78575,52.5774,94.62,58.78
199,188,1,62.6548,3.84428,52.7552,95.26,58.77
200,188,1,62.8936,3.82639,52.5699,97.87,58.41
201,188,1,62.6626,3.83774,52.8009,95.57,59.83
202,188,1,62.5394,3.77891,52.8603,96.16,59.77
203,188,1,62.4683,3.79056,52.9034,94.77,58.89
204,188,1,62.0477,3.776,53.4663,94.96,60.46
205,188,1,62.6726,3.79601,52.7081,93.43,58.99
206,188,1,62.8462,3.80421,52.6306,95.96,59.32
207,188,1,62.5005,3.77388,52.9099,94.64,58.7
208,188,1,62.4637,3.8095,52.9374,96.07,60.27
209,188,1,62.2266,3.78277,53.1092,93.32,59.15
210,188,1,62.7236,3.82043,52.6823,96.25,59.67
211,188,1,62.5229,3.78412,52.8111,93.64,59.63
212,188,1,62.6322,3.79012,52.8579,94.88,59.44
213,188,1,62.3796,3.77234,53.0269,93.75,59.85
214,188,1,62.1644,3.78934,53.1365,93.91,58.59
215,188,1,61.4596,3.76797,53.8232,87.2,55.26
216,188,0,0,0,0,0,53.69
217,188,1,67.2951,15.3351,69.265,85.57,50.96
218,188,1,67.0281,15.4057,69.632,92.27,51.66
219,188,1,67.0396,15.3157,69.5982,86.08,52.52
220,188,1,66.8615,15.396,69.8891,85.35,53.38
221,188,1,66.9314,15.3966,69.7214,90.98,53.66
222,188,1,67.0736,15.3203,69.6093,83.26,52.3
223,188,1,66.8101,15.3807,69.9057,88.38,54.14
224,188,1,66.8787,15.3797,69.8173,93.55,53.66
225,188,1,66.8383,15.3886,69.8688,94.2,53.79
226,188,1,66.994,15.3684,69.688,91.9,53.74
227,188,1,66.9004,15.3764,69.7946,93.94,53.77
228,188,1,66.7018,15.4283,69.8149,92.75,53.07
229,188,1,66.8654,15.3961,69.7687,91.8,53.92
230,188,1,66.8227,15.3832,69.7815,92.44,53.6
231,188,1,67.0571,15.2941,69.5961,86.35,53.65
232,188,1,66.9301,15.3843,69.7129,92.23,53.26
233,188,1,66.6486,15.3891,70.016,93.24,54.39
234,188,1,66.9886,15.3122,69.6479,93.69,53.74
235,188,1,66.7221,15.3892,69.8917,92.03,53.24
236,188,1,66.925,15.281,69.7416,91.65,54.15
237,188,1,67.0531,15.2939,69.5782,90.19,53.05
238,188,1,66.9747,15.3031,69.6596,92.37,53.11
239,188,1,66.9995,15.289,69.668,90.54,53.89
240,188,1,66.9267,15.3068,69.6361,94.42,53.73
241,188,1,66.5791,15.3835,69.9709,87,53.61
242,188,1,66.9232,15.2984,69.7106,94.22,53.29
243,188,1,66.9464,15.3015,69.6691,92.42,53.53
244,188,1,66.7731,15.3638,69.845,93.8,52.62
245,188,1,66.8201,15.3076,69.7683,84.93,54.25
246,188,1,66.946,15.3038,69.7078,91.11,53.79
247,188,1,66.714,15.377,69.9463,91.84,54.73
248,188,1,66.8768,15.3208,69.8411,95.02,54.62
249,188,1,66.6198,15.2877,69.943,84.36,54.5
250,188,1,66.7891,15.3473,69.82,85.6,54.32
251,188,1,66.9166,15.2596,69.7655,90.82,53.54
252,188,1,66.7007,15.3438,69.9095,93.46,53.73
253,188,1,66.8081,15.282,69.9002,92.2,44.15
254,188,2,67.971,15.1165,68.341,59.46,34.85
255,188,0,0,0,0,0,35.62
0,189,0,0,0,0,0,55
1,189,0,0,0,0,0,58.58
2,189,0,0,0,0,0,53.59
3,189,0,0,0,0,0,55.22
4,189,1,151.041,41.6152,49.8303,92.51,48.67
5,189,1,150.995,41.598,49.8405,91.45,53.84
6,189,1,151.029,41.6121,49.7838,93.31,54.82
7,189,1,151.103,41.6264,49.8031,91.98,54.39
8,189,1,151.169,41.5891,49.7624,93.05,54.9
9,189,0,0,0,0,0,51.99
10,189,1,270.421,11.675,77.4273,93.81,53.76
11,189,0,0,0,0,0,52.64
12,189,1,42.9768,39.6601,75.0267,92.61,55.98
13,189,1,42.9244,39.6512,75.0678,93.49,57.59
14,189,1,42.9866,39.6125,74.945,94.92,57.37
15,189,1,42.9857,39.6378,75.0496,94.36,57.1
16,189,1,42.8771,39.6334,75.0504,93.49,57.62
17,189,1,42.9461,39.6355,75.0817,94.36,57.8
18,189,1,42.7442,39.466,75.2413,88.02,57.62
19,189,1,42.9325,39.6511,75.0582,94.61,57.98
20,189,1,42.9963,39.4862,74.8301,92.03,57.91
21,189,1,42.6299,39.4463,75.3413,87.04,58.01
22,189,1,43.0123,39.4876,74.9219,89.68,57.7
23,189,1,42.596,39.4987,75.3078,88,57.3
24,189,1,42.7228,39.6793,75.2348,91.22,57.52
25,189,1,42.8941,39.4017,75.248,91.87,58.64
26,189,1,43.1355,39.4902,74.8025,91.01,58.19
27,189,1,42.8979,39.6209,75.0958,91.32,58.13
28,189,1,42.9092,39.4708,75.0897,87.65,57.82
29,189,1,42.7637,39.4132,75.181,88.78,57.28
30,189,1,42.9632,39.4589,74.9063,92.59,58.32
31,189,1,43.008,39.4403,75.0972,89.03,57.34
32,189,1,42.9593,39.6037,74.96,94.24,57.43
33,189,1,43.12,39.4698,74.8543,92.46,58.02
34,189,1,42.5998,39.4733,75.2697,89.1,57.43
35,189,1,43.0793,39.478,74.8547,92.39,58.25
36,189,1,42.8794,39.6019,75.1048,93.28,58.19
37,189,1,42.8267,39.617,75.1156,90.02,55.79
38,189,1,290.156,12.4342,62.8292,82.28,51.67
39,189,1,290.095,12.4862,63.0526,92.27,52.51
40,189,1,290.013,12.4735,63.0942,92.34,53.25
41,189,1,289.973,12.4841,63.1475,91.06,52.45
42,189,1,290.073,12.4912,63.0924,91.18,53.22
43,189,1,290.058,12.4776,62.9711,91.98,52.56
44,189,1,290.031,12.4742,63.1283,92.38,52.59
45,189,1,290.078,12.5068,63.0804,93.27,53.33
46,189,1,290.036,12.4776,62.997,95.01,52.7
47,189,1,290.012,12.474,63.0085,90.24,52.99
48,189,1,290.075,12.4815,62.9803,93.38,52.26
49,189,1,290.073,12.5047,62.9668,92.56,53.22
50,189,1,289.978,12.5052,63.1467,92.13,52.43
51,189,1,289.833,12.4935,63.2645,94.49,54.04
52,189,1,289.967,12.4979,63.1202,89.68,52.24
53,189,1,289.914,12.517,63.254,83.47,52.6
54,189,0,0,0,0,0,53.22
55,189,1,155.305,38.7415,51.4933,90.6,55.29
56,189,1,155.189,38.7203,51.5283,92.61,55.39
57,189,1,155.241,38.72,51.5343,92.67,56.53
58,189,1,155.227,38.7142,51.5258,90.6,57.18
59,189,1,155.202,38.7257,51.5066,91.67,56
60,189,1,155.192,38.73,51.5234,90.79,56.53
61,189,1,155.255,38.7164,51.5147,91.79,56.41
62,189,1,155.25,38.7308,51.4889,89.76,56.2
63,189,1,155.301,38.7225,51.4657,91.68,56.89
64,189,1,155.278,38.7188,51.4718,89.8,56.77
65,189,1,155.307,38.7099,51.4644,94.78,57.76
66,189,1,155.273,38.7186,51.4796,92.36,57.04
67,189,1,155.223,38.7112,51.5002,93.95,56.56
68,189,1,155.4,38.7117,51.4543,89.54,56.27
69,189,1,155.4,38.7188,51.4232,88.74,56.21
70,189,1,155.335,38.7174,51.4703,91.41,55.93
71,189,1,155.318,38.6989,51.4335,91.97,56.45
72,189,1,155.347,38.6948,51.4808,94,56.29
73,189,1,155.293,38.703,51.4438,90.06,56.51
74,189,1,155.264,38.7097,51.4628,90.18,56.86
75,189,1,155.249,38.6836,51.4598,93.14,56.16
76,189,1,155.281,38.7259,51.4689,92.73,56.76
77,189,1,155.295,38.6976,51.44,92.9,55.96
78,189,1,155.344,38.6931,51.4196,90.89,56.68
79,189,1,155.351,38.6935,51.4411,93.49,56.05
80,189,1,155.276,38.7026,51.441,91.28,57.4
81,189,1,155.301,38.6977,51.4307,89.82,56.52
82,189,1,155.254,38.6958,51.4341,93.31,56.75
83,189,1,155.452,38.7038,51.3991,91.87,57.14
84,189,1,155.337,38.715,51.4043,92.7,56.57
85,189,1,155.283,38.7099,51.4302,92.5,56.85
86,189,1,155.313,38.686,51.4393,94.87,56.88
87,189,1,155.317,38.6953,51.4339,93.04,56.43
88,189,1,155.359,38.6972,51.4057,97.23,56.35
89,189,1,155.278,38.7081,51.4395,91.93,56.47
90,189,1,155.307,38.6867,51.4189,91.58,56.72
91,189,1,155.309,38.6818,51.4022,89.85,56.75
92,189,1,155.213,38.6961,51.4523,89.22,56.89
93,189,1,155.243,38.7172,51.4478,90.01,56.47
94,189,1,155.287,38.6923,51.4189,92.22,55.96
95,189,1,155.347,38.6837,51.3819,91.83,56.93
96,189,1,155.343,38.6865,51.3786,91.04,56.85
97,189,1,155.37,38.6915,51.4077,93.07,55.7
98,189,1,155.352,38.6798,51.3737,90.21,56.62
99,189,1,155.264,38.702,51.4088,91.02,57.3
100,189,1,155.235,38.6925,51.3916,88.81,54.75
101,189,1,45.8094,19.4231,11.2127,95.1,56.18
102,189,1,45.7622,19.4311,11.2058,92.38,57.83
103,189,1,45.8079,19.3892,11.2629,95.17,58.15
104,189,1,45.7837,19.4157,11.3278,92.62,57.34
105,189,1,45.7819,19.4249,11.3327,93.9,57.93
106,189,1,45.7376,19.4362,11.2868,93.95,57.48
107,189,1,45.6645,19.3875,11.4475,86.13,58.56
108,189,1,45.697,19.4262,11.3247,94.91,57.55
109,189,1,45.8276,19.3986,11.2458,94.47,57.48
110,189,1,46.9443,18.9902,10.1295,73.15,58.8
111,189,1,45.582,19.4341,11.4661,94.03,57.73
112,189,1,45.7397,19.4192,11.2623,94.16,57.28
113,189,1,47.2174,19.1024,9.9194,81.22,58.38
114,189,1,45.6433,19.4261,11.3593,92.03,58.13
115,189,1,45.7321,19.3794,11.4067,92.3,58.3
116,189,1,45.6355,19.381,11.4107,86.72,58.61
117,189,1,45.7348,19.3979,11.3546,94.48,58.54
118,189,1,45.4641,19.3335,11.7466,85.64,57.86
119,189,1,45.6769,19.4082,11.382,92.46,58.3
120,189,1,45.6159,19.4128,11.4832,95.16,57.41
121,189,1,47.1407,19.0781,9.95219,81.56,58.35
122,189,1,45.6436,19.4038,11.3909,94.27,57.78
123,189,1,45.5535,19.4994,11.3946,85.65,58.43
124,189,1,45.7295,19.3764,11.3359,93.25,58.2
125,189,1,45.7308,19.3697,11.3516,93.87,57.89
126,189,1,45.8485,19.349,11.2704,93.36,58.06
127,189,1,45.7291,19.3906,11.3391,95.34,57.35
128,189,1,45.6356,19.3926,11.3776,94.04,57.63
129,189,1,45.654,19.3972,11.4018,95.28,57.62
130,189,1,45.6845,19.3595,11.4487,93.84,57.64
131,189,1,45.5621,19.3754,11.6191,92.68,58.04
132,189,1,45.7024,19.3431,11.41,94.51,57.66
133,189,1,45.6353,19.3867,11.3951,93.23,57.77
134,189,1,45.5588,19.3717,11.5365,94.19,57.5
135,189,1,45.5448,19.3703,11.5058,91.97,57.78
136,189,1,46.057,19.0411,10.9542,83.62,58.29
137,189,1,45.583,19.4137,11.3737,91.48,58.2
138,189,1,46.2641,18.9874,10.8763,83.31,58.68
139,189,1,45.5303,19.3869,11.4621,92.64,58.11
140,189,1,45.5338,19.3378,11.5222,89.13,58.18
141,189,1,45.5915,19.3853,11.5743,94.76,57.31
142,189,1,45.6614,19.348,11.4141,96.14,58.42
143,189,1,45.5547,19.3755,11.4722,93.95,58.04
144,189,1,45.5871,19.3765,11.4404,95.23,57.91
145,189,1,45.5725,19.3875,11.439,93.03,57.19
146,189,1,45.5929,19.3809,11.4357,94.87,58.11
147,189,1,45.5044,19.3619,11.5871,95.58,58.47
148,189,1,45.6062,19.362,11.4551,95.96,57.81
149,189,1,45.5076,19.3495,11.5439,95.2,57.31
150,189,1,45.5164,19.3002,11.5956,86.44,58.43
151,189,1,46.7413,18.9535,10.2346,73.62,58.51
152,189,1,47.0562,19.0434,10.045,80.06,58.28
153,189,1,45.5579,19.3562,11.4276,94.31,58.01
154,189,1,45.4755,19.2989,11.596,88.07,58.22
155,189,1,45.5702,19.3415,11.412,93.68,58.23
156,189,1,45.5697,19.31,11.5627,94.23,58.03
157,189,1,45.5447,19.3446,11.438,92.52,57.89
158,189,1,45.3852,19.2842,11.6347,85.19,58.73
159,189,1,45.5035,19.2866,11.5418,87.23,58.51
160,189,1,45.5616,19.3082,11.4867,95.19,57.85
161,189,1,45.5151,19.3223,11.4251,93.63,57.92
162,189,1,45.6329,19.2849,11.4968,94.69,58.47
163,189,1,45.51,19.3082,11.5009,96,57.96
164,189,1,45.4427,19.3009,11.4918,93.49,57.96
165,189,1,45.4491,19.2848,11.6154,94.61,57.24
166,189,1,45.4669,19.2705,11.5742,86.45,58.88
167,189,1,45.4376,19.3618,11.3875,81.57,58.35
168,189,1,45.4496,19.2594,11.6313,87.42,58.35
169,189,1,45.3385,19.372,11.6894,95.23,57.57
170,189,1,45.3737,19.2852,11.6885,86.67,58.26
171,189,1,45.4577,19.3023,11.6819,92.53,53.91
172,189,1,231.295,44.3852,27.6022,94.41,52.94
173,189,1,231.163,44.3942,27.6608,96.13,54.24
174,189,1,231.227,44.4107,27.6372,95.62,54.54
175,189,1,231.255,44.4039,27.6239,93.58,55.5
176,189,1,231.171,44.4043,27.6412,93.2,55.03
177,189,1,231.036,44.3809,27.6568,93.86,55.54
178,189,1,231.324,44.4427,27.6036,95.1,56.23
179,189,1,231.144,44.4153,27.6502,92.78,55.51
180,189,1,231.168,44.3971,27.6505,93.75,54.78
181,189,1,231.202,44.408,27.6173,96.57,55.52
182,189,1,231.197,44.4191,27.6203,95.83,55.62
183,189,1,231.099,44.4046,27.6339,93.62,55.53
184,189,1,231.101,44.3868,27.6401,94.15,55.42
185,189,1,231.259,44.4322,27.6055,94.34,55.75
186,189,1,231.203,44.4234,27.6089,88.32,56.18
187,189,1,231.261,44.4381,27.5793,89.28,56.33
188,189,1,231.083,44.4113,27.626,92.49,55.34
189,189,1,231.286,44.4563,27.5779,92.64,55.81
190,189,1,231.12,44.4213,27.6227,92.72,56.06
191,189,1,231.174,44.4328,27.6107,91.81,56.18
192,189,1,231.295,44.4733,27.5904,93.65,55.39
193,189,1,231.145,44.4356,27.5964,95.08,55.92
194,189,1,231.177,44.4401,27.579,94.54,54.7
195,189,1,231.247,44.4462,27.5453,96.1,54.84
196,189,1,231.336,44.449,27.5418,89.7,54.35
197,189,0,0,0,0,0,56.52
198,189,1,63.8216,3.76967,51.5027,87.82,56.66
199,189,1,62.8481,3.85374,52.4747,96.68,58.7
200,189,1,62.8327,3.80701,52.5707,94.13,58.39
201,189,1,62.5273,3.78858,52.9304,95.89,59.19
202,189,1,62.7694,3.83005,52.6936,97.07,59.08
203,189,1,62.7784,3.80603,52.6981,95.22,59.76
204,189,1,62.6799,3.8499,52.6769,96.71,59.63
205,189,1,62.8942,3.81507,52.5488,95.28,59.75
206,189,1,62.8153,3.81152,52.6262,94.86,59.72
207,189,1,62.7901,3.82047,52.5983,93.81,59.72
208,189,1,62.956,3.81611,52.4697,96.25,60.53
209,189,1,62.6925,3.79665,52.6824,95.36,59.41
210,189,1,62.6211,3.77545,52.7666,95.14,60.16
211,189,1,62.5653,3.81578,52.8381,94.34,59.83
212,189,1,62.4208,3.77897,52.9478,93.2,59.42
213,189,1,62.646,3.76853,52.7953,95.84,59.86
214,189,1,62.3833,3.76342,52.9863,94.87,58.69
215,189,1,62.2285,3.8138,53.1892,94.42,58.73
216,189,1,62.5209,3.80418,52.7983,94.53,56.21
217,189,0,0,0,0,0,53.82
218,189,0,0,0,0,0,51.92
219,189,1,67.0898,15.3817,69.3451,91.36,50.83
220,189,1,67.0484,15.403,69.5386,91.06,52.84
221,189,1,67.0485,15.3308,69.5358,91.94,51.64
222,189,1,66.8593,15.4237,69.7708,91.09,52.72
223,189,1,67.0712,15.3358,69.5422,85.1,52.11
224,189,1,67.0366,15.3269,69.5964,84.95,53.12
225,189,1,67.154,15.2776,69.6031,83.52,52.65
226,189,1,67.0032,15.324,69.5859,86.51,53.2
227,189,1,67.1008,15.2839,69.5928,83.19,53.16
228,189,1,66.8609,15.3803,69.7604,93.54,54.1
229,189,1,66.8754,15.3647,69.8879,83.27,53.29
230,189,1,67.0931,15.3246,69.5639,93.54,53.83
231,189,1,66.9464,15.3066,69.6829,86.03,53.4
232,189,1,66.8596,15.3596,69.8014,89.27,52.79
233,189,1,66.7785,15.3812,69.7882,92.1,53.56
234,189,1,66.9375,15.3088,69.6989,94.84,53.25
235,189,1,67.0248,15.2987,69.645,92.44,53.78
236,189,1,67.0599,15.2716,69.6582,90.89,53.98
237,189,1,66.7196,15.3873,69.8492,93.77,52.52
238,189,1,66.834,15.3709,69.8383,93.09,53.27
239,189,1,66.7943,15.3855,69.822,92.63,54.09
240,189,1,66.982,15.2956,69.6313,92.25,54.23
241,189,1,66.8386,15.3395,69.8118,83.72,53.88
242,189,1,66.6741,15.3839,69.9258,95,54.04
243,189,1,66.7153,15.3616,69.9528,93.93,53.74
244,189,1,66.881,15.3465,69.8063,93.02,54.04
245,189,1,66.8831,15.3293,69.6847,93.51,54.39
246,189,1,66.9442,15.3009,69.6618,85.55,53.91
247,189,1,66.8033,15.3733,69.8055,91.77,53.87
248,189,1,66.7185,15.3369,69.9116,92.11,54.26
249,189,1,67.0128,15.2495,69.7187,91.01,53.7
250,189,1,66.8905,15.2999,69.828,90.23,53.67
251,189,1,66.8131,15.3354,69.9246,91.66,54.07
252,189,1,66.7537,15.3297,69.837,93.24,53.41
253,189,1,66.7077,15.2712,70.0511,90.12,43.8
254,189,0,0,0,0,0,35.57
255,189,0,0,0,0,0,34.94
0,190,0,0,0,0,0,55.45
1,190,0,0,0,0,0,58.77
2,190,0,0,0,0,0,53.34
3,190,0,0,0,0,0,57.2
4,190,1,151.222,41.6007,49.7711,89.93,49.9
5,190,1,151.152,41.5831,49.7566,91.51,53.45
6,190,1,150.915,41.647,49.8439,95.57,54.5
7,190,1,151.066,41.6012,49.8201,94.68,54.79
8,190,1,151.24,41.5766,49.7317,90.87,54.66
9,190,0,0,0,0,0,52.55
10,190,1,270.473,11.6852,77.479,91.22,54.1
11,190,1,270.51,11.6595,77.4099,90.3,53.15
12,190,0,0,0,0,0,52.37
13,190,1,42.9523,39.6529,75.0334,89.66,57.25
14,190,1,43.0177,39.4913,74.8287,91.64,56.64
15,190,1,42.9145,39.4642,75.0894,89.22,56.72
16,190,1,43.1754,39.4925,74.7965,89.37,58.2
17,190,1,42.9136,39.6212,75.0925,92.75,57.84
18,190,1,42.6914,39.4513,75.2965,89.63,58.47
19,190,1,42.986,39.488,74.8688,95.05,57.43
20,190,1,42.8026,39.6744,75.2001,91.11,56.99
21,190,1,42.743,39.4448,75.086,90.45,58.12
22,190,1,43.072,39.4954,74.8521,91.93,58.21
23,190,1,43.0184,39.5056,74.8105,93.37,58.88
24,190,1,42.8425,39.4226,75.1556,90.35,57.45
25,190,1,42.8197,39.3919,75.1541,88.49,58.34
26,190,1,43.0543,39.4519,74.9283,92.49,57.67
27,190,1,42.7233,39.4038,75.1415,90.42,58.21
28,190,1,42.8849,39.6252,75.0691,91.32,57.17
29,190,1,43.053,39.4805,74.8479,92.93,57.82
30,190,1,42.585,39.4535,75.4488,88.2,57.79
31,190,1,42.9768,39.4038,74.9791,91.15,58.78
32,190,1,42.8286,39.42,75.1711,88.35,57.68
33,190,1,42.9656,39.5715,75.1201,92.14,57.76
34,190,1,42.8603,39.6059,75.115,92.2,58.42
35,190,1,42.888,39.6281,75.1062,93.27,57.47
36,190,1,42.6842,39.7028,75.1758,92.44,57.73
37,190,1,42.8107,39.6109,75.1336,91.65,56.54
38,190,0,0,0,0,0,51.79
39,190,1,290.117,12.4984,62.9803,91.56,52.8
40,190,1,289.996,12.438,63.054,94.44,52.05
41,190,1,290.12,12.5074,63.0772,93.66,53.43
42,190,1,289.984,12.4631,63.0782,90.51,53.1
43,190,1,290.001,12.4993,63.1413,90.8,53.42
44,190,1,290.074,12.5112,63.0694,91.07,53.17
45,190,1,290.01,12.4735,63.0748,92.98,52.67
46,190,1,290.033,12.5026,63.0894,91.31,53.24
47,190,1,290.012,12.4796,63.0161,92.11,52.83
48,190,1,290.099,12.4823,63.1024,92.3,53.37
49,190,1,289.96,12.4805,63.1718,89.84,52.72
50,190,1,290.044,12.5328,63.1295,95.07,53.35
51,190,1,289.989,12.5097,63.1315,92.56,52.79
52,190,1,289.943,12.514,63.1585,89.63,52.4
53,190,0,0,0,0,0,54.17
54,190,1,155.37,38.6955,51.4813,91.74,55.71
55,190,1,155.244,38.7178,51.5295,93.6,56.44
56,190,1,155.24,38.7482,51.5086,90.77,56.26
57,190,1,155.296,38.7176,51.4765,91.81,55.94
58,190,1,155.257,38.7172,51.5108,91.28,56.33
59,190,1,155.272,38.7243,51.5146,91.09,56.53
60,190,1,155.253,38.7353,51.5167,89.39,55.45
61,190,1,155.168,38.7366,51.5035,91.53,56.16
62,190,1,155.351,38.6798,51.4464,92.46,56.11
63,190,1,155.237,38.7165,51.5116,94.06,55.82
64,190,1,155.412,38.7226,51.4399,94.01,56.68
65,190,1,155.296,38.704,51.4931,96.14,56.46
66,190,1,155.268,38.7261,51.4934,94,56.41
67,190,1,155.277,38.7187,51.4731,91.71,56.4
68,190,1,155.277,38.7069,51.4717,92.29,56.35
69,190,1,155.334,38.717,51.4409,94.11,56.66
70,190,1,155.218,38.7224,51.4796,90.1,55.91
71,190,1,155.318,38.7145,51.4699,91.66,55.95
72,190,1,155.24,38.7286,51.4751,90.56,56.75
73,190,1,155.136,38.7196,51.523,93.29,56.26
74,190,1,155.287,38.7323,51.4703,93.5,56.33
75,190,1,155.284,38.7047,51.428,91.79,57.12
76,190,1,155.228,38.7226,51.4734,91.78,57.26
77,190,1,155.082,38.7073,51.5049,91.92,56.72
78,190,1,155.221,38.7021,51.471,92.59,55.88
79,190,1,155.402,38.7099,51.4222,91.07,56.08
80,190,1,155.294,38.7033,51.4426,93.07,55.82
81,190,1,155.322,38.6941,51.4257,89.72,55.98
82,190,1,155.384,38.696,51.416,92.52,55.97
83,190,1,155.346,38.699,51.418,91.69,57.57
84,190,1,155.335,38.7145,51.4075,90.4,56.73
85,190,1,155.393,38.6571,51.3935,92.97,57.43
86,190,1,155.375,38.6946,51.3995,92.58,56.7
87,190,1,155.266,38.7059,51.4584,90.32,56.29
88,190,1,155.326,38.7059,51.4205,92.56,55.95
89,190,1,155.426,38.6997,51.3773,90.68,57.18
90,190,1,155.375,38.6881,51.397,93.65,56.61
91,190,1,155.378,38.6892,51.3935,94.47,56.4
92,190,1,155.408,38.6902,51.4071,92.81,57.04
93,190,1,155.335,38.7103,51.4066,91.24,56.91
94,190,1,155.326,38.6944,51.3878,90.99,56.62
95,190,1,155.373,38.639,51.3628,89.3,56.33
96,190,1,155.395,38.6342,51.3837,93.11,56.63
97,190,1,155.316,38.7122,51.4075,91.65,57.55
98,190,1,155.407,38.6829,51.3739,90.8,56.56
99,190,1,155.243,38.6955,51.433,93.45,56.98
100,190,1,155.367,38.6977,51.3502,86.04,53.94
101,190,1,45.7944,19.4505,11.1969,94.08,55.46
102,190,1,45.8958,19.3908,11.1968,95.19,57.19
103,190,1,45.7375,19.4331,11.3789,93.07,57.76
104,190,1,45.7275,19.4356,11.2967,92.79,57.98
105,190,1,45.7155,19.3798,11.3542,87.8,58.82
106,190,1,45.6939,19.3988,11.4116,95.67,57.54
107,190,1,45.7489,19.4129,11.2887,93.63,57.4
108,190,1,45.7448,19.4011,11.4315,96.4,57.68
109,190,1,45.8217,19.3811,11.3754,92.64,58.22
110,190,1,45.7625,19.3427,11.4336,92.32,58.28
111,190,1,45.8497,19.3926,11.2415,95.06,58.35
112,190,1,45.6925,19.4268,11.3293,93.41,57.51
113,190,1,45.5423,18.8935,11.5373,75.32,58.45
114,190,1,45.5893,19.4579,11.3539,91.19,57.49
115,190,1,46.9152,19.0024,10.1389,73.23,58.23
116,190,1,45.6693,19.3977,11.4538,94.5,57.66
117,190,1,45.6811,19.3865,11.434,94.86,57.76
118,190,1,45.6626,19.3866,11.3402,88.66,58.6
119,190,1,45.662,19.425,11.359,96.01,58.09
120,190,1,45.6826,19.3845,11.3477,95,57.82
121,190,1,45.6724,19.3888,11.4981,93.87,57.61
122,190,1,45.7218,19.3867,11.3707,94.1,58.43
123,190,1,45.7958,19.3604,11.3235,94.08,58.41
124,190,1,45.6563,19.3825,11.4173,93.16,57.87
125,190,1,45.6514,19.3956,11.3627,94.71,58.08
126,190,1,45.7179,19.3535,11.3607,96.3,58.77
127,190,1,45.6592,19.3935,11.3914,94.2,58.28
128,190,1,47.1724,19.067,9.93752,78.74,58.84
129,190,1,45.8155,19.373,11.307,92.5,57.9
130,190,1,45.7519,19.372,11.3724,94.29,58.96
131,190,1,45.8059,19.3653,11.2783,94.49,58.3
132,190,1,45.6841,19.3698,11.3784,93.63,58.19
133,190,1,45.7097,19.3505,11.4227,95.47,58.5
134,190,1,45.6231,19.3691,11.4551,95.34,57.76
135,190,1,45.4028,18.9336,11.5721,75.42,58.77
136,190,1,45.6875,19.3723,11.4211,94.37,58.58
137,190,1,45.7055,19.3714,11.4672,92.81,58.43
138,190,1,45.6027,19.3798,11.4883,93.83,57.85
139,190,1,45.5782,19.363,11.5819,95.81,57.52
140,190,1,45.5859,19.3152,11.5099,86.1,58.92
141,190,1,45.5944,19.3946,11.4004,93.64,58.05
142,190,1,45.716,19.3314,11.4507,94.5,56.91
143,190,1,45.5801,19.3733,11.4097,93.98,57.99
144,190,1,45.5151,19.3696,11.4894,88.33,58.21
145,190,1,45.4977,19.3797,11.5533,95.41,58.17
146,190,1,45.5625,19.3617,11.4983,95.35,58.37
147,190,1,45.525,19.3189,11.5598,95.82,58.5
148,190,1,45.651,19.3563,11.3909,94.05,57.48
149,190,1,45.5866,19.3064,11.5158,95.02,58.05
150,190,1,46.0735,18.9742,10.9548,82.07,57.77
151,190,1,45.5146,19.3434,11.5281,93.4,57.79
152,190,1,45.6873,19.3154,11.3961,94.43,57.45
153,190,1,45.5697,19.3668,11.4369,92.57,57.13
154,190,1,45.5683,19.3443,11.4146,94.66,58.4
155,190,1,45.5453,19.3499,11.3942,93.86,56.91
156,190,1,45.5706,19.3202,11.539,91.49,58.76
157,190,1,45.5182,19.3258,11.429,86.61,58.36
158,190,1,45.5716,19.3458,11.4301,94.97,57.72
159,190,1,45.4873,19.283,11.578,87.18,59.48
160,190,1,45.5853,19.285,11.5245,95.05,58.76
161,190,1,45.4819,19.3197,11.4574,92.12,57.54
162,190,1,46.0384,18.909,10.9172,82.7,58.15
163,190,1,45.5636,19.2524,11.5747,94.21,57.99
164,190,1,45.4956,19.2997,11.5131,94.75,57.05
165,190,1,45.4312,19.2391,11.6877,87.36,58.7
166,190,1,45.4144,19.3381,11.5655,96.24,58.27
167,190,1,45.552,19.3068,11.4568,94.58,58.14
168,190,1,45.404,19.2688,11.7073,95.08,58.7
169,190,1,45.8907,18.9573,11.0713,82.73,57.23
170,190,1,45.444,19.3134,11.6313,93.71,57.09
171,190,1,45.5367,19.2762,11.5414,90.44,53.27
172,190,1,231.3,44.399,27.6445,91.49,52.75
173,190,1,231.069,44.3875,27.663,94.06,54.74
174,190,1,231.06,44.3939,27.6759,91.87,53.71
175,190,1,231.145,44.4119,27.6835,92.42,55.48
176,190,1,231.17,44.4027,27.6771,93.29,55.32
177,190,1,231.336,44.4212,27.573,88.14,55.56
178,190,1,231.239,44.4193,27.5992,94.72,56.53
179,190,1,231.171,44.4037,27.6684,86.4,55.7
180,190,1,231.18,44.4142,27.6207,94.14,56.53
181,190,1,231.166,44.4314,27.6371,93.71,54.83
182,190,1,231.152,44.4059,27.6406,92.69,55.14
183,190,1,231.254,44.4243,27.6169,95.76,56.4
184,190,1,231.22,44.4148,27.6154,97.35,56.16
185,190,1,231.189,44.4329,27.6212,94.85,55.84
186,190,1,231.264,44.4366,27.5942,94.3,55.64
187,190,1,231.147,44.4195,27.6429,93.01,55.61
188,190,1,231.165,44.4272,27.6397,94.37,55.35
189,190,1,231.169,44.4308,27.6311,91.71,55.54
190,190,1,231.199,44.4323,27.6001,93.87,56.14
191,190,1,231.248,44.4288,27.5941,93.88,55.59
192,190,1,231.289,44.4396,27.5831,96.02,55.43
193,190,1,231.281,44.4636,27.5529,91.78,55.74
194,190,1,231.324,44.4557,27.5473,95.64,55.18
195,190,1,231.248,44.4558,27.5713,95.13,55.92
196,190,1,231.254,44.4555,27.5616,95.3,55.62
197,190,1,231.419,44.4611,27.5196,96.76,54.18
198,190,1,231.171,44.3792,27.4962,87.5,55.41
199,190,0,0,0,0,0,56.61
200,190,1,63.7608,3.76516,51.5152,95.32,57.83
201,190,1,63.1356,3.80925,52.2518,94.56,58.35
202,190,1,62.5586,3.77624,52.7738,95.44,59.68
203,190,1,62.9503,3.81106,52.4742,89.7,59.71
204,190,1,62.8801,3.75877,52.5548,95.95,59.51
205,190,1,62.4963,3.79395,52.8397,93.9,58.85
206,190,1,62.3526,3.77875,53.0337,94.35,59.65
207,190,1,62.3752,3.76638,53.0268,94.5,59.89
208,190,1,62.5154,3.78298,52.842,93.75,58.87
209,190,1,62.2866,3.81023,53.0832,95.67,59.69
210,190,1,62.2009,3.79183,53.1847,94.05,59.24
211,190,1,62.6147,3.79533,52.7409,96.31,59.4
212,190,1,62.8536,3.81616,52.5528,96.29,59.4
213,190,1,62.3144,3.73454,53.0796,94.84,59.17
214,190,1,62.0728,3.76176,53.3075,95.46,59.37
215,190,1,62.0107,3.77403,53.4847,95.85,59.64
216,190,1,62.3026,3.7782,52.9732,97.36,59.14
217,190,1,62.3662,3.75314,53.019,96.72,57.24
218,190,1,61.9439,3.74949,53.3804,94.58,55.85
219,190,0,0,0,0,0,53.05
220,190,0,0,0,0,0,52.8
221,190,1,67.3135,15.2938,69.346,89.94,51.02
222,190,1,67.0742,15.3625,69.6621,88.45,51.6
223,190,1,67.0525,15.3196,69.6039,90.75,52.9
224,190,1,66.9329,15.3998,69.6458,92.32,53.35
225,190,1,66.8847,15.4086,69.728,92.14,53.59
226,190,1,67.1206,15.331,69.5001,92.82,53.15
227,190,1,66.8396,15.4001,69.8403,91.65,53.87
228,190,1,66.9317,15.3495,69.7561,93.16,53
229,190,1,66.8252,15.3595,69.7914,92.42,52.55
230,190,1,66.9095,15.3762,69.7481,92.52,53.12
231,190,1,66.8453,15.3692,69.8186,90.89,54.08
232,190,1,66.703,15.389,69.8747,85.5,53.16
233,190,1,66.9551,15.3468,69.7769,92.09,53.94
234,190,1,66.7322,15.3803,69.9617,87.49,53.92
235,190,1,66.8539,15.3611,69.8866,84.48,52.75
236,190,1,66.8532,15.2939,69.7559,85.69,52.56
237,190,1,67.0096,15.3204,69.7333,90.79,53.6
238,190,1,66.8914,15.3495,69.7593,91.74,54.57
239,190,1,66.7765,15.3498,69.8772,84.39,52.79
240,190,1,66.8806,15.3455,69.7156,93.79,54.4
241,190,1,66.9442,15.3487,69.7322,91.29,53.64
242,190,1,66.7605,15.3509,69.873,93.27,53.45
243,190,1,66.8921,15.3014,69.715,87.57,53.22
244,190,1,66.8727,15.3908,69.7431,91.94,54.59
245,190,1,66.7963,15.329,69.7891,91.68,54.93
246,190,1,66.8458,15.2949,69.732,93.07,53.75
247,190,1,66.7765,15.3363,69.9057,85.65,53.88
248,190,1,66.7448,15.3185,69.7273,93.63,53.61
249,190,1,66.4804,15.3921,70.0451,86.26,53.74
250,190,1,66.5954,15.3518,69.9987,90.92,52.99
251,190,1,66.8875,15.2921,69.7077,93.98,52.98
252,190,1,66.5364,15.3559,70.0445,86.45,52.81
253,190,1,66.9683,15.2449,69.7199,82.25,44
254,190,0,0,0,0,0,36.41
255,190,0,0,0,0,0,34.8
0,191,0,0,0,0,0,53.35
1,191,0,0,0,0,0,56.44
2,191,0,0,0,0,0,55.45
3,191,0,0,0,0,0,37.14
4,191,1,151.055,41.618,49.8054,92.92,49.61
5,191,1,151.059,41.5957,49.7927,90.8,53.71
6,191,1,151.042,41.6148,49.8111,90.98,54.48
7,191,1,151.095,41.6009,49.7635,91.38,53.64
8,191,1,151.077,41.5878,49.7411,92.14,53.28
9,191,1,270.435,11.7216,77.5225,85.56,51.97
10,191,1,270.441,11.6696,77.4791,93.99,53.87
11,191,1,270.462,11.6906,77.4701,92.37,53.98
12,191,0,0,0,0,0,51.72
13,191,1,42.9931,39.6373,74.9364,94.58,54.4
14,191,1,43.0137,39.6226,74.9271,94.62,56.58
15,191,1,42.7589,39.4371,75.1868,89.47,57.9
16,191,1,42.8587,39.4383,75.1196,89.68,57.85
17,191,1,42.9955,39.4915,74.8798,94.09,57.66
18,191,1,42.9195,39.4699,75.0581,91.02,58.22
19,191,1,42.917,39.6335,75.0573,93.24,57.67
20,191,1,42.9387,39.6278,75.0697,89.94,57.68
21,191,1,42.8698,39.6351,75.1015,93.42,57.49
22,191,1,42.8205,39.4288,75.1403,88.45,58.21
23,191,1,43.0112,39.4347,74.9501,92.89,57.85
24,191,1,42.9392,39.63,75.0887,92.56,57.98
25,191,1,43.0718,39.4487,74.9186,91.14,58.53
26,191,1,42.8701,39.6508,75.0493,91.45,57.71
27,191,1,43.0444,39.4725,74.8141,92.07,58.47
28,191,1,42.7085,39.7088,75.191,93.5,57.81
29,191,1,42.9974,39.578,75.0965,90.7,57.16
30,191,1,42.8945,39.6223,75.0701,92.47,57.53
31,191,1,43.0069,39.5583,75.1113,91.73,57.66
32,191,1,42.9645,39.6206,75.0068,92.86,57.36
33,191,1,42.9023,39.6349,75.0718,95.56,57.01
34,191,1,43.1035,39.4428,74.8442,93.18,57.79
35,191,1,42.6944,39.6852,75.1813,92.78,57.87
36,191,1,42.9285,39.5938,75.1038,92.14,58.9
37,191,1,42.8628,39.6154,75.072,93.25,57.17
38,191,0,0,0,0,0,52.39
39,191,1,290.027,12.4094,63.0822,92.13,52.37
40,191,1,289.988,12.4238,63.0998,95.02,53.49
41,191,1,289.996,12.4711,63.0345,92.29,52.84
42,191,1,290.095,12.4569,62.9671,93.77,52.91
43,191,1,290.168,12.4624,62.8632,93.67,53.23
44,191,1,290.052,12.4903,63.1302,91.35,53.02
45,191,1,290.012,12.4575,63.0303,91.19,52.81
46,191,1,290.008,12.4334,62.8932,87.89,51.59
47,191,1,289.935,12.4501,63.04,92.16,51.91
48,191,1,290.036,12.5126,63.0669,92.35,52.47
49,191,1,289.994,12.4852,63.0688,91.65,52.92
50,191,1,290.113,12.553,63.1472,92.4,53.89
51,191,1,289.855,12.4896,63.2162,91.39,52.91
52,191,0,0,0,0,0,53.16
53,191,1,155.188,38.7336,51.5307,89.98,55.29
54,191,1,155.189,38.7429,51.5315,93.36,56.37
55,191,1,155.209,38.7124,51.5239,94.68,55.78
56,191,1,155.346,38.7238,51.4845,92.27,56.05
57,191,1,155.268,38.7234,51.4887,92.11,55.88
58,191,1,155.266,38.7343,51.494,89.69,56.32
59,191,1,155.209,38.7117,51.4808,92.7,56.96
60,191,1,155.264,38.72,51.4953,91.47,56.3
61,191,1,155.259,38.7199,51.5035,93.4,55.56
62,191,1,155.34,38.6955,51.4471,95.45,55.89
63,191,1,155.244,38.7243,51.4979,91.61,57.05
64,191,1,155.391,38.696,51.4462,91.25,56.96
65,191,1,155.252,38.7328,51.4874,90.37,56.78
66,191,1,155.266,38.7309,51.4626,88.76,56.9
67,191,1,155.326,38.7129,51.4547,92.63,56.51
68,191,1,155.229,38.7252,51.4935,91.75,56.34
69,191,1,155.324,38.7304,51.5324,93.49,57.8
70,191,1,155.274,38.6852,51.4813,94.62,56.35
71,191,1,155.22,38.7216,51.4922,92.33,57.14
72,191,1,155.348,38.7168,51.4506,94.44,56.74
73,191,1,155.277,38.7159,51.475,94.66,56.39
74,191,1,155.343,38.6981,51.4538,95.77,56.62
75,191,1,155.39,38.6727,51.4103,94.43,56.59
76,191,1,155.351,38.7094,51.445,93.33,56.42
77,191,1,155.412,38.6986,51.4349,92.12,56.88
78,191,1,155.239,38.7236,51.4449,92.8,57.12
79,191,1,155.318,38.7056,51.4354,91.32,55.98
80,191,1,155.467,38.6774,51.4078,92.65,56.64
81,191,1,155.35,38.7082,51.4125,93.6,56.42
82,191,1,155.385,38.698,51.4137,91.42,56.82
83,191,1,155.333,38.6994,51.4397,92.83,56.59
84,191,1,155.379,38.6921,51.423,93.45,56.58
85,191,1,155.313,38.7003,51.442,93.18,56.9
86,191,1,155.336,38.6786,51.4379,93.99,57.16
87,191,1,155.264,38.704,51.431,92.79,57.02
88,191,1,155.298,38.6892,51.4334,92.81,56.91
89,191,1,155.364,38.6949,51.4177,91.82,57.9
90,191,1,155.395,38.6682,51.3925,91.42,56.7
91,191,1,155.36,38.7055,51.3952,91.49,56.36
92,191,1,155.324,38.6894,51.4214,94.13,56.04
93,191,1,155.258,38.7045,51.4378,94.93,57.17
94,191,1,155.359,38.6811,51.3927,92.5,58.05
95,191,1,155.44,38.667,51.3538,94.69,57.54
96,191,1,155.384,38.6972,51.3939,91.52,56.16
97,191,1,155.352,38.698,51.3768,91.84,56.49
98,191,1,155.43,38.6898,51.3688,91.78,56.89
99,191,1,155.367,38.6918,51.3815,92.49,57.37
100,191,1,155.428,38.6663,51.3446,90.46,55.28
101,191,1,45.8857,19.4085,11.2282,94.12,56.64
102,191,1,45.8248,19.393,11.2107,93.56,57.29
103,191,1,45.7727,19.3815,11.421,93.41,57.65
104,191,1,45.8298,19.4324,11.2083,92.7,57.54
105,191,1,45.6882,19.3675,11.3783,86.37,58.33
106,191,1,45.7097,19.4124,11.3089,92.62,57.97
107,191,1,45.8131,19.3944,11.281,94.53,58.03
108,191,1,45.7909,19.4152,11.2845,92.86,57.39
109,191,1,45.734,19.4197,11.2865,96.29,57.91
110,191,1,45.7328,19.4089,11.3265,96.36,58.67
111,191,1,45.6551,19.3637,11.4308,87.42,58.33
112,191,1,45.6439,19.3859,11.4201,94.13,58.16
113,191,1,45.873,19.3861,11.2178,94.01,58.29
114,191,1,45.7767,19.3841,11.2737,94.55,58.15
115,191,1,45.6661,19.3618,11.3986,88.29,58.58
116,191,1,45.6355,19.4226,11.3478,94.01,57.55
117,191,1,45.7194,19.4044,11.3159,93.91,57.7
118,191,1,45.6714,19.3905,11.5178,95.59,58.04
119,191,1,45.6145,19.405,11.5209,90.87,57.74
120,191,1,45.7089,19.4014,11.3255,94.46,58.03
121,191,1,45.6899,19.3872,11.4441,95.43,57.46
122,191,1,45.7006,19.3822,11.3663,94.86,57.83
123,191,1,45.6895,19.4016,11.3326,95.37,58.83
124,191,1,46.9083,18.9784,10.1834,75.42,58.55
125,191,1,45.6476,19.3897,11.3651,94.02,57.86
126,191,1,45.5631,19.4176,11.4991,94.75,57.66
127,191,1,45.6159,19.3708,11.438,92.94,58.14
128,191,1,45.5686,19.3483,11.5766,92.65,57.06
129,191,1,45.6501,19.37,11.4657,92.74,57.98
130,191,1,45.6686,19.3896,11.3813,95.8,58.18
131,191,1,45.7058,19.3573,11.3731,94.35,58.52
132,191,1,45.678,19.3828,11.4318,95.23,57.99
133,191,1,45.5449,19.3866,11.4661,94.99,56.99
134,191,1,45.7714,19.3331,11.3234,95.23,58.5
135,191,1,45.6951,19.3515,11.4006,93.25,58.29
136,191,1,45.621,19.3896,11.3359,92.78,57.51
137,191,1,45.5459,19.4122,11.4156,93.48,57.61
138,191,1,45.7461,19.3455,11.3502,93.77,58.97
139,191,1,45.5137,19.3244,11.5816,88.28,58.64
140,191,1,45.5686,19.3277,11.4866,86.81,58.43
141,191,1,45.6922,19.3554,11.3313,95.29,57.89
142,191,1,45.557,19.378,11.4891,95.31,58
143,191,1,45.4894,19.3298,11.5637,87.39,58.26
144,191,1,45.4905,19.3318,11.5959,94.36,58.39
145,191,1,45.6897,19.3424,11.4404,93.78,57.72
146,191,1,45.6779,19.3537,11.3993,93.11,58.47
147,191,1,45.6162,19.371,11.3918,94.46,57.7
148,191,1,45.5503,19.3718,11.4204,92.74,58.03
149,191,1,45.7272,19.3206,11.3453,94.72,57.95
150,191,1,45.6322,19.3472,11.3334,93.85,57.68
151,191,1,45.5761,19.3503,11.4267,94.38,57.99
152,191,1,45.5818,19.3536,11.4033,95.07,58.34
153,191,1,45.5221,19.3186,11.4449,85.49,58.5
154,191,1,45.5934,19.3394,11.444,93.1,57.53
155,191,1,46.0309,18.9465,10.9706,81.14,57.87
156,191,1,45.5793,19.3302,11.4373,94.49,58.07
157,191,1,45.5146,19.269,11.6126,87.69,58.59
158,191,1,45.6225,19.2989,11.455,93.97,57.5
159,191,1,45.6189,19.3199,11.3958,94.17,58.27
160,191,1,46.0092,18.9328,11.0249,82.5,57.45
161,191,1,46.8793,18.8959,10.1744,72.79,58.16
162,191,1,45.4888,19.2655,11.5791,89.13,58.88
163,191,1,45.6177,19.2915,11.4088,93.72,57.89
164,191,1,45.6007,19.279,11.4044,93.9,58.25
165,191,1,45.4996,19.3232,11.5147,94.55,58.28
166,191,1,45.4689,19.3344,11.4922,93.38,57.73
167,191,1,45.4943,19.3226,11.5197,94.26,58.4
168,191,1,45.4397,19.2786,11.7573,88.52,58.73
169,191,1,45.4529,19.3388,11.5276,95.4,58.02
170,191,1,45.4271,19.3133,11.6026,95.55,57.54
171,191,1,47.6895,19.6052,9.53493,71.67,51.04
172,191,1,231.134,44.3812,27.6841,92.75,53.68
173,191,1,231.088,44.3998,27.6891,92.11,55.01
174,191,1,231.275,44.4192,27.6144,96.14,55.04
175,191,1,231.245,44.4214,27.6342,92.56,54.94
176,191,1,231.15,44.4133,27.6404,94.81,55.22
177,191,1,231.179,44.4243,27.6364,91.91,55.41
178,191,1,231.141,44.4299,27.6483,92.33,54.29
179,191,1,231.126,44.428,27.6629,92.95,56.15
180,191,1,231.092,44.4164,27.6749,92.82,55.32
181,191,1,231.348,44.4398,27.5735,94.7,56.02
182,191,1,231.154,44.4092,27.6343,93.86,55.56
183,191,1,231.255,44.4402,27.6085,94.84,55.09
184,191,1,231.221,44.4347,27.6388,93.46,55.3
185,191,1,231.305,44.4396,27.5871,94.32,55.73
186,191,1,231.391,44.4826,27.5467,91.93,56.53
187,191,1,231.139,44.4181,27.6573,90.46,55.29
188,191,1,231.302,44.443,27.5905,93.33,56.27
189,191,1,231.243,44.4266,27.6034,96.63,55.65
190,191,1,231.218,44.4353,27.6096,96.14,56.54
191,191,1,231.204,44.4317,27.5922,96.32,55.72
192,191,1,231.255,44.4396,27.6093,94.63,55.75
193,191,1,231.13,44.434,27.6233,93.54,55.87
194,191,1,231.222,44.4518,27.5859,94.58,56.25
195,191,1,231.096,44.4396,27.6234,93.07,55.44
196,191,1,231.06,44.4204,27.6295,94.29,55.63
197,191,1,231.198,44.4343,27.569,94.47,55.48
198,191,1,231.268,44.4424,27.5538,95.37,55.34
199,191,1,231.483,44.4968,27.4856,94.21,54.85
200,191,0,0,0,0,0,55.07
201,191,0,0,0,0,0,55.83
202,191,1,63.2415,3.76668,52.0887,95.12,57.62
203,191,1,62.8726,3.8264,52.5248,95.66,58.96
204,191,1,62.9888,3.83533,52.4229,96.19,59.32
205,191,1,62.8604,3.84197,52.4601,94.41,59.05
206,191,1,62.3984,3.78605,52.9717,95.34,59.22
207,191,1,62.4599,3.76327,52.954,97.24,59.16
208,191,1,62.5885,3.81952,52.7794,96.18,59.33
209,191,1,61.5647,3.84712,53.8014,95.31,58.79
210,191,1,62.6651,3.77087,52.8761,96.74,59.46
211,191,1,61.9069,3.78389,53.5008,94.95,60.09
212,191,1,62.558,3.80406,52.8794,96.81,60.01
213,191,1,62.6493,3.75902,52.7347,94.91,59.19
214,191,1,62.7474,3.79478,52.7083,95.92,59.46
215,191,1,62.6272,3.81423,52.7916,95.51,59.45
216,191,1,62.5472,3.79477,52.8882,97.16,59.71
217,191,1,62.2493,3.75032,53.1343,93.62,58.75
218,191,1,62.1235,3.75755,53.2982,93.74,57.59
219,191,1,62.082,3.75581,53.3195,94.2,56.23
220,191,1,62.1418,3.77582,53.2541,95.84,54.1
221,191,0,0,0,0,0,52.64
222,191,1,67.0443,15.3801,69.6109,92.6,51.06
223,191,1,66.9339,15.386,69.782,93.61,50.34
224,191,1,67.0771,15.3288,69.5437,93.22,51.88
225,191,1,66.8523,15.368,69.7625,85.29,52.66
226,191,1,66.8623,15.3706,69.7943,93.31,53.27
227,191,1,67.029,15.3805,69.6564,91.31,53.58
228,191,1,66.7947,15.3988,69.935,85.1,53.3
229,191,1,66.8135,15.3967,69.805,91.8,53.2
230,191,1,66.7669,15.3906,69.8924,90.81,52.72
231,191,1,66.6491,15.4048,69.919,92.94,53.63
232,191,1,66.7719,15.3947,69.8885,92.07,53.74
233,191,1,66.7948,15.4081,69.8062,83.95,54.18
234,191,1,66.9681,15.322,69.6613,84.9,54.6
235,191,1,66.9474,15.3182,69.6595,84.57,55.08
236,191,1,66.8394,15.3538,69.7495,83.84,53.67
237,191,1,66.7705,15.3614,69.861,84.67,53.03
238,191,1,66.8092,15.3513,69.8613,93.21,53.82
239,191,1,66.6117,15.4079,69.9656,85.54,53.47
240,191,1,66.7598,15.3318,69.9106,85.22,54.05
241,191,1,66.9592,15.3378,69.7327,91.01,53.38
242,191,1,66.7701,15.3642,69.8481,92.43,54.17
243,191,1,67.0431,15.2931,69.6437,91.27,53.85
244,191,1,66.8615,15.3219,69.7919,94.52,53.92
245,191,1,66.7178,15.3825,69.9333,83.15,52.79
246,191,1,66.9357,15.2653,69.6441,85.08,53.86
247,191,1,66.8291,15.2901,69.7982,85.91,54.35
248,191,1,66.9706,15.3044,69.7866,94.54,53.32
249,191,1,66.6731,15.3476,69.8709,84.69,53.61
250,191,1,66.8574,15.3174,69.8038,90.96,53.99
251,191,1,66.8431,15.2801,69.7102,93.36,53.71
252,191,1,66.7834,15.2794,69.7106,86.94,54.25
253,191,1,66.9754,15.2632,69.7795,91.3,44.05
254,191,0,0,0,0,0,35.47
255,191,0,0,0,0,0,33.93
